SupplyPort 1	Port pressure 28
Elapsed	Pressure	Rate
0	0.123372	0.00733847
0.01	0.123372	0.00733847
0.02	0.156497	0.00733847
0.03	0.189622	0.00733847
0.04	0.222747	0.00733847
0.05	0.255872	0.00733847
0.06	0.288997	0.00733847
0.07	0.322122	0.00733847
0.08	0.355247	0.00733847
0.09	0.388372	0.00733847
0.1	0.421497	0.00733847
0.11	0.454622	0.00733847
0.12	0.487747	0.00733847
0.13	0.520872	0.00733847
0.14	0.553997	0.00733847
0.15	0.587121	0.00733847
0.16	0.620246	0.00733847
0.17	0.653371	0.00733847
0.18	0.686496	0.00733847
0.19	0.719621	0.00733847
0.2	0.752746	0.00733847
0.21	0.785871	0.00733847
0.22	0.818996	0.00733847
0.23	0.852121	0.00733847
0.24	0.885246	0.00733847
0.25	0.918371	0.00733847
0.26	0.951496	0.00733847
0.27	0.984621	0.00733847
0.28	1.01775	0.00733847
0.29	1.05087	0.00733847
0.3	1.084	0.00733847
0.31	1.11712	0.00733847
0.32	1.15025	0.00733847
0.33	1.18337	0.00733847
0.34	1.2165	0.00733847
0.35	1.24962	0.00733847
0.36	1.28275	0.00733847
0.37	1.31587	0.00733847
0.38	1.349	0.00733847
0.39	1.38212	0.00733847
0.4	1.41525	0.00733847
0.41	1.44837	0.00733847
0.42	1.4815	0.00733847
0.43	1.51462	0.00733847
0.44	1.54775	0.00733847
0.45	1.58087	0.00733847
0.46	1.614	0.00733847
0.47	1.64712	0.00733847
0.48	1.68025	0.00733847
0.49	1.71337	0.00733847
0.5	1.7465	0.00733847
0.51	1.77962	0.00733847
0.52	1.81275	0.00733847
0.53	1.84587	0.00733847
0.54	1.879	0.00733847
0.55	1.91212	0.00733847
0.56	1.94525	0.00733847
0.57	1.97837	0.00733847
0.58	2.0115	0.00733847
0.59	2.04462	0.00733847
0.6	2.07774	0.00733847
0.61	2.11087	0.00733847
0.62	2.14399	0.00733847
0.63	2.17712	0.00733847
0.64	2.21024	0.00733847
0.65	2.24337	0.00733847
0.66	2.27649	0.00733847
0.67	2.30962	0.00733847
0.68	2.34274	0.00733847
0.69	2.37587	0.00733847
0.7	2.40899	0.00733847
0.71	2.44212	0.00733847
0.72	2.47524	0.00733847
0.73	2.50837	0.00733847
0.74	2.54149	0.00733847
0.75	2.57462	0.00733847
0.76	2.60774	0.00733847
0.77	2.64087	0.00733847
0.78	2.67399	0.00733847
0.79	2.70712	0.00733847
0.8	2.74024	0.00733847
0.81	2.77337	0.00733847
0.82	2.80649	0.00733847
0.83	2.83962	0.00733847
0.84	2.87274	0.00733847
0.85	2.90587	0.00733847
0.86	2.93899	0.00733847
0.87	2.97212	0.00733847
0.88	3.00524	0.00733847
0.89	3.03837	0.00733847
0.9	3.07149	0.00733847
0.91	3.10462	0.00733847
0.92	3.13774	0.00733847
0.93	3.17087	0.00733847
0.94	3.20399	0.00733847
0.95	3.23712	0.00733847
0.96	3.27024	0.00733847
0.97	3.30337	0.00733847
0.98	3.33649	0.00733847
0.99	3.36962	0.00733847
1	3.40274	0.00733847
1.01	3.43587	0.00733847
1.02	3.46899	0.00733847
1.03	3.50212	0.00733847
1.04	3.53524	0.00733847
1.05	3.56837	0.00733847
1.06	3.60149	0.00733847
1.07	3.63462	0.00733847
1.08	3.66774	0.00733847
1.09	3.70087	0.00733847
1.1	3.73399	0.00733847
1.11	3.76712	0.00733847
1.12	3.80024	0.00733847
1.13	3.83337	0.00733847
1.14	3.86649	0.00733847
1.15	3.89962	0.00733847
1.16	3.93274	0.00733847
1.17	3.96587	0.00733847
1.18	3.99899	0.00733847
1.19	4.03212	0.00733847
1.2	4.06524	0.00733847
1.21	4.09837	0.00733847
1.22	4.13149	0.00733847
1.23	4.16462	0.00733847
1.24	4.19774	0.00733847
1.25	4.23087	0.00733847
1.26	4.26399	0.00733847
1.27	4.29712	0.00733847
1.28	4.33024	0.00733847
1.29	4.36337	0.00733847
1.3	4.39649	0.00733847
1.31	4.42962	0.00733847
1.32	4.46274	0.00733847
1.33	4.49587	0.00733847
1.34	4.52899	0.00733847
1.35	4.56212	0.00733847
1.36	4.59524	0.00733847
1.37	4.62837	0.00733847
1.38	4.66149	0.00733847
1.39	4.69462	0.00733847
1.4	4.72774	0.00733847
1.41	4.76087	0.00733847
1.42	4.79399	0.00733847
1.43	4.82712	0.00733847
1.44	4.86024	0.00733847
1.45	4.89337	0.00733847
1.46	4.92649	0.00733847
1.47	4.95962	0.00733847
1.48	4.99274	0.00733847
1.49	5.02587	0.00733847
1.5	5.05899	0.00733847
1.51	5.09212	0.00733847
1.52	5.12524	0.00733847
1.53	5.15837	0.00733847
1.54	5.19149	0.00733847
1.55	5.22462	0.00733847
1.56	5.25774	0.00733847
1.57	5.29087	0.00733847
1.58	5.32399	0.00733847
1.59	5.35712	0.00733847
1.6	5.39024	0.00733847
1.61	5.42337	0.00733847
1.62	5.45649	0.00733847
1.63	5.48962	0.00733847
1.64	5.52274	0.00733847
1.65	5.55587	0.00733847
1.66	5.58899	0.00733847
1.67	5.62212	0.00733847
1.68	5.65524	0.00733847
1.69	5.68837	0.00733847
1.7	5.72149	0.00733847
1.71	5.75462	0.00733847
1.72	5.78774	0.00733847
1.73	5.82087	0.00733847
1.74	5.85399	0.00733847
1.75	5.88712	0.00733847
1.76	5.92024	0.00733847
1.77	5.95337	0.00733847
1.78	5.98649	0.00733847
1.79	6.01962	0.00733847
1.8	6.05274	0.00733847
1.81	6.08587	0.00733847
1.82	6.11899	0.00733847
1.83	6.15212	0.00733847
1.84	6.18524	0.00733847
1.85	6.21837	0.00733847
1.86	6.25149	0.00733847
1.87	6.28462	0.00733847
1.88	6.31774	0.00733847
1.89	6.35087	0.00733847
1.9	6.38399	0.00733847
1.91	6.41712	0.00733847
1.92	6.45024	0.00733847
1.93	6.48337	0.00733847
1.94	6.51649	0.00733847
1.95	6.54962	0.00733847
1.96	6.58274	0.00733847
1.97	6.61587	0.00733847
1.98	6.64899	0.00733847
1.99	6.68212	0.00733847
2	6.71524	0.00733847
2.01	6.74837	0.00733847
2.02	6.78149	0.00733847
2.03	6.81462	0.00733847
2.04	6.84774	0.00733847
2.05	6.88086	0.00733847
2.06	6.91399	0.00733847
2.07	6.94711	0.00733847
2.08	6.98024	0.00733847
2.09	7.01336	0.00733847
2.1	7.04649	0.00733847
2.11	7.07961	0.00733847
2.12	7.11274	0.00733847
2.13	7.14586	0.00733847
2.14	7.17899	0.00733847
2.15	7.21211	0.00733847
2.16	7.24524	0.00733847
2.17	7.27836	0.00733847
2.18	7.31149	0.00733847
2.19	7.34461	0.00733847
2.2	7.37774	0.00733847
2.21	7.41086	0.00733847
2.22	7.44399	0.00733847
2.23	7.47711	0.00733847
2.24	7.51024	0.00733847
2.25	7.54336	0.00733847
2.26	7.57649	0.00733847
2.27	7.60961	0.00733847
2.28	7.64274	0.00733847
2.29	7.67586	0.00733847
2.3	7.70899	0.00733847
2.31	7.74211	0.00733847
2.32	7.77524	0.00733847
2.33	7.80836	0.00733847
2.34	7.84149	0.00733847
2.35	7.87461	0.00733847
2.36	7.90774	0.00733847
2.37	7.94086	0.00733847
2.38	7.97399	0.00733847
2.39	8.00711	0.00733847
2.4	8.04024	0.00733847
2.41	8.07336	0.00733847
2.42	8.10649	0.00733847
2.43	8.13961	0.00733847
2.44	8.17274	0.00733847
2.45	8.20586	0.00733847
2.46	8.23899	0.00733847
2.47	8.27211	0.00733847
2.48	8.30524	0.00733847
2.49	8.33836	0.00733847
2.5	8.37149	0.00733847
2.51	8.40461	0.00733847
2.52	8.43774	0.00733847
2.53	8.47086	0.00733847
2.54	8.50399	0.00733847
2.55	8.53711	0.00733847
2.56	8.57024	0.00733847
2.57	8.60336	0.00733847
2.58	8.63649	0.00733847
2.59	8.66961	0.00733847
2.6	8.70274	0.00733847
2.61	8.73586	0.00733847
2.62	8.76899	0.00733847
2.63	8.80211	0.00733847
2.64	8.83524	0.00733847
2.65	8.86836	0.00733847
2.66	8.90149	0.00733847
2.67	8.93461	0.00733847
2.68	8.96774	0.00733847
2.69	9.00086	0.00733847
2.7	9.03399	0.00733847
2.71	9.06711	0.00733847
2.72	9.10024	0.00733847
2.73	9.13336	0.00733847
2.74	9.16649	0.00733847
2.75	9.19961	0.00733847
2.76	9.23274	0.00733847
2.77	9.26586	0.00733847
2.78	9.29899	0.00733847
2.79	9.33211	0.00733847
2.8	9.36524	0.00733847
2.81	9.39836	0.00733847
2.82	9.43149	0.00733847
2.83	9.46461	0.00733847
2.84	9.49774	0.00733847
2.85	9.53086	0.00733847
2.86	9.56399	0.00733847
2.87	9.59711	0.00733847
2.88	9.63024	0.00733847
2.89	9.66336	0.00733847
2.9	9.69649	0.00733847
2.91	9.72961	0.00733847
2.92	9.76274	0.00733847
2.93	9.79586	0.00733847
2.94	9.82899	0.00733847
2.95	9.86211	0.00733847
2.96	9.89524	0.00733847
2.97	9.92836	0.00733847
2.98	9.96149	0.00733847
2.99	9.99461	0.00733847
3	10.0277	0.00733847
3.01	10.0609	0.00733847
3.02	10.094	0.00733847
3.03	10.1271	0.00733847
3.04	10.1602	0.00733847
3.05	10.1934	0.00733847
3.06	10.2265	0.00733847
3.07	10.2596	0.00733847
3.08	10.2927	0.00733847
3.09	10.3259	0.00733847
3.1	10.359	0.00733847
3.11	10.3921	0.00733847
3.12	10.4252	0.00733847
3.13	10.4584	0.00733847
3.14	10.4915	0.00733847
3.15	10.5246	0.00733847
3.16	10.5577	0.00733847
3.17	10.5909	0.00733847
3.18	10.624	0.00733847
3.19	10.6571	0.00733847
3.2	10.6902	0.00733847
3.21	10.7234	0.00733847
3.22	10.7565	0.00733847
3.23	10.7896	0.00733847
3.24	10.8227	0.00733847
3.25	10.8559	0.00733847
3.26	10.889	0.00733847
3.27	10.9221	0.00733847
3.28	10.9552	0.00733847
3.29	10.9884	0.00733847
3.3	11.0215	0.00733847
3.31	11.0546	0.00733847
3.32	11.0877	0.00733847
3.33	11.1209	0.00733847
3.34	11.154	0.00733847
3.35	11.1871	0.00733847
3.36	11.2202	0.00733847
3.37	11.2534	0.00733847
3.38	11.2865	0.00733847
3.39	11.3196	0.00733847
3.4	11.3527	0.00733847
3.41	11.3859	0.00733847
3.42	11.419	0.00733847
3.43	11.4521	0.00733847
3.44	11.4852	0.00733847
3.45	11.5184	0.00733847
3.46	11.5515	0.00733847
3.47	11.5846	0.00733847
3.48	11.6177	0.00733847
3.49	11.6509	0.00733847
3.5	11.684	0.00733847
3.51	11.7171	0.00733847
3.52	11.7502	0.00733847
3.53	11.7834	0.00733847
3.54	11.8165	0.00733847
3.55	11.8496	0.00733847
3.56	11.8827	0.00733847
3.57	11.9159	0.00733847
3.58	11.949	0.00733847
3.59	11.9821	0.00733847
3.6	12.0152	0.00733847
3.61	12.0484	0.00733847
3.62	12.0815	0.00733847
3.63	12.1146	0.00733847
3.64	12.1477	0.00733847
3.65	12.1809	0.00733847
3.66	12.214	0.00733847
3.67	12.2471	0.00733847
3.68	12.2802	0.00733847
3.69	12.3134	0.00733847
3.7	12.3465	0.00733847
3.71	12.3796	0.00733847
3.72	12.4127	0.00733847
3.73	12.4459	0.00733847
3.74	12.479	0.00733847
3.75	12.5121	0.00733847
3.76	12.5452	0.00733847
3.77	12.5784	0.00733847
3.78	12.6115	0.00733847
3.79	12.6446	0.00733847
3.8	12.6777	0.00733847
3.81	12.7109	0.00733847
3.82	12.744	0.00733847
3.83	12.7771	0.00733847
3.84	12.8102	0.00733847
3.85	12.8434	0.00733847
3.86	12.8765	0.00733847
3.87	12.9096	0.00733847
3.88	12.9427	0.00733847
3.89	12.9759	0.00733847
3.9	13.009	0.00733847
3.91	13.0421	0.00733847
3.92	13.0752	0.00733847
3.93	13.1084	0.00733847
3.94	13.1415	0.00733847
3.95	13.1746	0.00733847
3.96	13.2077	0.00733847
3.97	13.2409	0.00733847
3.98	13.274	0.00733847
3.99	13.3071	0.00733847
4	13.3402	0.00733847
4.01	13.3734	0.00733847
4.02	13.4065	0.00733847
4.03	13.4396	0.00733847
4.04	13.4727	0.00733847
4.05	13.5059	0.00733847
4.06	13.539	0.00733847
4.07	13.5721	0.00733847
4.08	13.6052	0.00733847
4.09	13.6384	0.00733847
4.1	13.6715	0.00733847
4.11	13.7046	0.00733847
4.12	13.7377	0.00733847
4.13	13.7709	0.00733847
4.14	13.804	0.00733847
4.15	13.8371	0.00733847
4.16	13.8702	0.00733847
4.17	13.9034	0.00733847
4.18	13.9365	0.00733847
4.19	13.9696	0.00733847
4.2	14.0027	0.00733847
4.21	14.0359	0.00733847
4.22	14.069	0.00733847
4.23	14.1021	0.00733847
4.24	14.1352	0.00733847
4.25	14.1684	0.00733847
4.26	14.2015	0.00733847
4.27	14.2346	0.00733847
4.28	14.2677	0.00733847
4.29	14.3009	0.00733847
4.3	14.334	0.00733847
4.31	14.3671	0.00733847
4.32	14.4002	0.00733847
4.33	14.4334	0.00733847
4.34	14.4665	0.00733847
4.35	14.4996	0.00733847
4.36	14.5327	0.00733847
4.37	14.5659	0.00733847
4.38	14.599	0.00733847
4.39	14.6321	0.00733847
4.4	14.6652	0.00733847
4.41	14.6984	0.00733847
4.42	14.7315	0.00733847
4.43	14.7646	0.00733847
4.44	14.7977	0.00733841
4.45	14.8309	0.00733832
4.46	14.864	0.00733818
4.47	14.8971	0.007338
4.48	14.9302	0.00733777
4.49	14.9633	0.00733749
4.5	14.9965	0.00733718
4.51	15.0296	0.00733681
4.52	15.0627	0.0073364
4.53	15.0958	0.00733595
4.54	15.1289	0.00733545
4.55	15.162	0.00733491
4.56	15.1952	0.00733432
4.57	15.2283	0.00733368
4.58	15.2614	0.007333
4.59	15.2945	0.00733228
4.6	15.3276	0.00733151
4.61	15.3607	0.0073307
4.62	15.3937	0.00732984
4.63	15.4268	0.00732893
4.64	15.4599	0.00732798
4.65	15.493	0.00732699
4.66	15.5261	0.00732595
4.67	15.5591	0.00732486
4.68	15.5922	0.00732373
4.69	15.6253	0.00732256
4.7	15.6583	0.00732134
4.71	15.6914	0.00732007
4.72	15.7244	0.00731876
4.73	15.7574	0.00731741
4.74	15.7905	0.00731601
4.75	15.8235	0.00731456
4.76	15.8565	0.00731307
4.77	15.8895	0.00731154
4.78	15.9225	0.00730995
4.79	15.9555	0.00730833
4.8	15.9885	0.00730666
4.81	16.0215	0.00730494
4.82	16.0545	0.00730318
4.83	16.0874	0.00730137
4.84	16.1204	0.00729952
4.85	16.1533	0.00729762
4.86	16.1863	0.00729568
4.87	16.2192	0.00729369
4.88	16.2521	0.00729166
4.89	16.285	0.00728958
4.9	16.3179	0.00728746
4.91	16.3508	0.00728529
4.92	16.3837	0.00728308
4.93	16.4166	0.00728082
4.94	16.4495	0.00727852
4.95	16.4823	0.00727617
4.96	16.5152	0.00727377
4.97	16.548	0.00727134
4.98	16.5808	0.00726885
4.99	16.6136	0.00726632
5	16.6464	0.00726375
5.01	16.6792	0.00726113
5.02	16.712	0.00725847
5.03	16.7448	0.00725576
5.04	16.7775	0.007253
5.05	16.8102	0.00725021
5.06	16.843	0.00724736
5.07	16.8757	0.00724447
5.08	16.9084	0.00724154
5.09	16.9411	0.00723856
5.1	16.9737	0.00723554
5.11	17.0064	0.00723247
5.12	17.0391	0.00722935
5.13	17.0717	0.00722619
5.14	17.1043	0.00722299
5.15	17.1369	0.00721974
5.16	17.1695	0.00721645
5.17	17.2021	0.00721311
5.18	17.2346	0.00720972
5.19	17.2672	0.0072063
5.2	17.2997	0.00720282
5.21	17.3322	0.00719931
5.22	17.3647	0.00719574
5.23	17.3972	0.00719213
5.24	17.4297	0.00718848
5.25	17.4621	0.00718478
5.26	17.4945	0.00718104
5.27	17.5269	0.00717726
5.28	17.5593	0.00717342
5.29	17.5917	0.00716955
5.3	17.6241	0.00716563
5.31	17.6564	0.00716166
5.32	17.6888	0.00715765
5.33	17.7211	0.0071536
5.34	17.7534	0.0071495
5.35	17.7856	0.00714535
5.36	17.8179	0.00714116
5.37	17.8501	0.00713693
5.38	17.8823	0.00713265
5.39	17.9145	0.00712833
5.4	17.9467	0.00712396
5.41	17.9789	0.00711955
5.42	18.011	0.00711509
5.43	18.0431	0.00711059
5.44	18.0752	0.00710605
5.45	18.1073	0.00710146
5.46	18.1393	0.00709683
5.47	18.1714	0.00709215
5.48	18.2034	0.00708743
5.49	18.2354	0.00708266
5.5	18.2674	0.00707785
5.51	18.2993	0.00707299
5.52	18.3312	0.00706809
5.53	18.3631	0.00706315
5.54	18.395	0.00705816
5.55	18.4269	0.00705313
5.56	18.4587	0.00704805
5.57	18.4905	0.00704293
5.58	18.5223	0.00703777
5.59	18.5541	0.00703256
5.6	18.5858	0.00702731
5.61	18.6175	0.00702201
5.62	18.6492	0.00701667
5.63	18.6809	0.00701129
5.64	18.7126	0.00700586
5.65	18.7442	0.00700039
5.66	18.7758	0.00699487
5.67	18.8074	0.00698931
5.68	18.8389	0.00698371
5.69	18.8704	0.00697806
5.7	18.9019	0.00697237
5.71	18.9334	0.00696663
5.72	18.9649	0.00696085
5.73	18.9963	0.00695503
5.74	19.0277	0.00694916
5.75	19.059	0.00694325
5.76	19.0904	0.0069373
5.77	19.1217	0.0069313
5.78	19.153	0.00692526
5.79	19.1842	0.00691918
5.8	19.2155	0.00691305
5.81	19.2467	0.00690688
5.82	19.2778	0.00690067
5.83	19.309	0.00689441
5.84	19.3401	0.00688811
5.85	19.3712	0.00688177
5.86	19.4023	0.00687538
5.87	19.4333	0.00686895
5.88	19.4643	0.00686248
5.89	19.4953	0.00685596
5.9	19.5262	0.0068494
5.91	19.5572	0.0068428
5.92	19.588	0.00683615
5.93	19.6189	0.00682946
5.94	19.6497	0.00682273
5.95	19.6805	0.00681596
5.96	19.7113	0.00680914
5.97	19.742	0.00680228
5.98	19.7727	0.00679538
5.99	19.8034	0.00678843
6	19.834	0.00678144
6.01	19.8647	0.00677441
6.02	19.8952	0.00676734
6.03	19.9258	0.00676022
6.04	19.9563	0.00675307
6.05	19.9868	0.00674586
6.06	20.0172	0.00673862
6.07	20.0476	0.00673133
6.08	20.078	0.00672401
6.09	20.1084	0.00671664
6.1	20.1387	0.00670922
6.11	20.169	0.00670177
6.12	20.1992	0.00669427
6.13	20.2295	0.00668673
6.14	20.2596	0.00667915
6.15	20.2898	0.00667153
6.16	20.3199	0.00666386
6.17	20.35	0.00665615
6.18	20.38	0.0066484
6.19	20.41	0.00664061
6.2	20.44	0.00663278
6.21	20.47	0.0066249
6.22	20.4999	0.00661699
6.23	20.5297	0.00660903
6.24	20.5596	0.00660103
6.25	20.5894	0.00659299
6.26	20.6191	0.0065849
6.27	20.6488	0.00657678
6.28	20.6785	0.00656861
6.29	20.7082	0.0065604
6.3	20.7378	0.00655215
6.31	20.7674	0.00654386
6.32	20.7969	0.00653553
6.33	20.8264	0.00652716
6.34	20.8559	0.00651874
6.35	20.8853	0.00651029
6.36	20.9147	0.00650179
6.37	20.944	0.00649326
6.38	20.9733	0.00648468
6.39	21.0026	0.00647606
6.4	21.0318	0.0064674
6.41	21.061	0.0064587
6.42	21.0902	0.00644996
6.43	21.1193	0.00644117
6.44	21.1484	0.00643235
6.45	21.1774	0.00642349
6.46	21.2064	0.00641458
6.47	21.2354	0.00640564
6.48	21.2643	0.00639665
6.49	21.2931	0.00638763
6.5	21.322	0.00637856
6.51	21.3508	0.00636945
6.52	21.3795	0.00636031
6.53	21.4082	0.00635112
6.54	21.4369	0.00634189
6.55	21.4655	0.00633263
6.56	21.4941	0.00632332
6.57	21.5226	0.00631397
6.58	21.5511	0.00630459
6.59	21.5796	0.00629516
6.6	21.608	0.0062857
6.61	21.6364	0.00627619
6.62	21.6647	0.00626664
6.63	21.693	0.00625706
6.64	21.7213	0.00624743
6.65	21.7495	0.00623777
6.66	21.7776	0.00622807
6.67	21.8057	0.00621832
6.68	21.8338	0.00620854
6.69	21.8618	0.00619872
6.7	21.8898	0.00618886
6.71	21.9177	0.00617896
6.72	21.9456	0.00616902
6.73	21.9735	0.00615904
6.74	22.0013	0.00614903
6.75	22.029	0.00613897
6.76	22.0567	0.00612888
6.77	22.0844	0.00611874
6.78	22.112	0.00610857
6.79	22.1396	0.00609836
6.8	22.1671	0.00608811
6.81	22.1946	0.00607782
6.82	22.222	0.0060675
6.83	22.2494	0.00605713
6.84	22.2768	0.00604673
6.85	22.3041	0.00603629
6.86	22.3313	0.00602581
6.87	22.3585	0.00601529
6.88	22.3857	0.00600473
6.89	22.4128	0.00599414
6.9	22.4398	0.00598351
6.91	22.4668	0.00597284
6.92	22.4938	0.00596213
6.93	22.5207	0.00595139
6.94	22.5476	0.0059406
6.95	22.5744	0.00592978
6.96	22.6012	0.00591893
6.97	22.6279	0.00590803
6.98	22.6545	0.0058971
6.99	22.6812	0.00588613
7	22.7077	0.00587512
7.01	22.7342	0.00586408
7.02	22.7607	0.00585299
7.03	22.7871	0.00584188
7.04	22.8135	0.00583072
7.05	22.8398	0.00581953
7.06	22.8661	0.0058083
7.07	22.8923	0.00579703
7.08	22.9185	0.00578573
7.09	22.9446	0.00577439
7.1	22.9707	0.00576301
7.11	22.9967	0.0057516
7.12	23.0226	0.00574015
7.13	23.0485	0.00572866
7.14	23.0744	0.00571714
7.15	23.1002	0.00570558
7.16	23.126	0.00569399
7.17	23.1517	0.00568236
7.18	23.1773	0.00567069
7.19	23.2029	0.00565899
7.2	23.2285	0.00564725
7.21	23.2539	0.00563548
7.22	23.2794	0.00562367
7.23	23.3048	0.00561182
7.24	23.3301	0.00559994
7.25	23.3554	0.00558802
7.26	23.3806	0.00557607
7.27	23.4058	0.00556408
7.28	23.4309	0.00555206
7.29	23.4559	0.00554
7.3	23.481	0.00552791
7.31	23.5059	0.00551578
7.32	23.5308	0.00550362
7.33	23.5556	0.00549142
7.34	23.5804	0.00547919
7.35	23.6052	0.00546692
7.36	23.6298	0.00545462
7.37	23.6545	0.00544228
7.38	23.679	0.00542991
7.39	23.7035	0.0054175
7.4	23.728	0.00540506
7.41	23.7524	0.00539259
7.42	23.7767	0.00538008
7.43	23.801	0.00536754
7.44	23.8252	0.00535496
7.45	23.8494	0.00534235
7.46	23.8735	0.0053297
7.47	23.8976	0.00531703
7.48	23.9216	0.00530431
7.49	23.9455	0.00529157
7.5	23.9694	0.00527879
7.51	23.9932	0.00526597
7.52	24.017	0.00525313
7.53	24.0407	0.00524025
7.54	24.0644	0.00522733
7.55	24.088	0.00521439
7.56	24.1115	0.00520141
7.57	24.135	0.00518839
7.58	24.1584	0.00517535
7.59	24.1818	0.00516227
7.6	24.2051	0.00514916
7.61	24.2283	0.00513602
7.62	24.2515	0.00512284
7.63	24.2746	0.00510963
7.64	24.2977	0.00509639
7.65	24.3207	0.00508311
7.66	24.3436	0.00506981
7.67	24.3665	0.00505647
7.68	24.3893	0.0050431
7.69	24.4121	0.0050297
7.7	24.4348	0.00501626
7.71	24.4575	0.00500279
7.72	24.48	0.0049893
7.73	24.5026	0.00497577
7.74	24.525	0.0049622
7.75	24.5474	0.00494861
7.76	24.5698	0.00493499
7.77	24.592	0.00492133
7.78	24.6142	0.00490764
7.79	24.6364	0.00489392
7.8	24.6585	0.00488017
7.81	24.6805	0.00486639
7.82	24.7025	0.00485258
7.83	24.7244	0.00483874
7.84	24.7462	0.00482487
7.85	24.768	0.00481096
7.86	24.7897	0.00479703
7.87	24.8114	0.00478306
7.88	24.833	0.00476907
7.89	24.8545	0.00475504
7.9	24.876	0.00474098
7.91	24.8974	0.0047269
7.92	24.9187	0.00471278
7.93	24.94	0.00469863
7.94	24.9612	0.00468446
7.95	24.9823	0.00467025
7.96	25.0034	0.00465602
7.97	25.0244	0.00464175
7.98	25.0454	0.00462746
7.99	25.0663	0.00461313
8	25.0871	0.00459878
8.01	25.1078	0.00458439
8.02	25.1285	0.00456998
8.03	25.1492	0.00455554
8.04	25.1697	0.00454107
8.05	25.1902	0.00452657
8.06	25.2107	0.00451204
8.07	25.231	0.00449749
8.08	25.2513	0.0044829
8.09	25.2716	0.00446829
8.1	25.2917	0.00445364
8.11	25.3118	0.00443897
8.12	25.3319	0.00442427
8.13	25.3518	0.00440955
8.14	25.3717	0.00439479
8.15	25.3916	0.00438001
8.16	25.4114	0.00436519
8.17	25.4311	0.00435036
8.18	25.4507	0.00433549
8.19	25.4703	0.00432059
8.2	25.4898	0.00430567
8.21	25.5092	0.00429072
8.22	25.5286	0.00427574
8.23	25.5479	0.00426074
8.24	25.5671	0.00424571
8.25	25.5863	0.00423065
8.26	25.6054	0.00421556
8.27	25.6244	0.00420045
8.28	25.6434	0.00418531
8.29	25.6622	0.00417015
8.3	25.6811	0.00415495
8.31	25.6998	0.00413974
8.32	25.7185	0.00412449
8.33	25.7371	0.00410922
8.34	25.7557	0.00409392
8.35	25.7742	0.0040786
8.36	25.7926	0.00406325
8.37	25.8109	0.00404787
8.38	25.8292	0.00403247
8.39	25.8474	0.00401704
8.4	25.8655	0.00400159
8.41	25.8836	0.00398611
8.42	25.9016	0.0039706
8.43	25.9195	0.00395507
8.44	25.9373	0.00393952
8.45	25.9551	0.00392394
8.46	25.9728	0.00390833
8.47	25.9905	0.0038927
8.48	26.0081	0.00387705
8.49	26.0256	0.00386137
8.5	26.043	0.00384566
8.51	26.0603	0.00382993
8.52	26.0776	0.00381418
8.53	26.0948	0.0037984
8.54	26.112	0.0037826
8.55	26.1291	0.00376677
8.56	26.1461	0.00375092
8.57	26.163	0.00373504
8.58	26.1799	0.00371915
8.59	26.1966	0.00370322
8.6	26.2134	0.00368728
8.61	26.23	0.00367131
8.62	26.2466	0.00365531
8.63	26.2631	0.0036393
8.64	26.2795	0.00362326
8.65	26.2959	0.00360719
8.66	26.3121	0.00359111
8.67	26.3284	0.003575
8.68	26.3445	0.00355886
8.69	26.3606	0.00354271
8.7	26.3765	0.00352653
8.71	26.3925	0.00351033
8.72	26.4083	0.00349411
8.73	26.4241	0.00347786
8.74	26.4398	0.00346159
8.75	26.4554	0.0034453
8.76	26.471	0.00342899
8.77	26.4864	0.00341266
8.78	26.5018	0.0033963
8.79	26.5172	0.00337992
8.8	26.5324	0.00336352
8.81	26.5476	0.0033471
8.82	26.5627	0.00333066
8.83	26.5778	0.00331419
8.84	26.5927	0.00329771
8.85	26.6076	0.0032812
8.86	26.6224	0.00326467
8.87	26.6371	0.00324812
8.88	26.6518	0.00323156
8.89	26.6664	0.00321496
8.9	26.6809	0.00319835
8.91	26.6953	0.00318172
8.92	26.7097	0.00316507
8.93	26.724	0.0031484
8.94	26.7382	0.0031317
8.95	26.7523	0.00311499
8.96	26.7664	0.00309826
8.97	26.7804	0.0030815
8.98	26.7943	0.00306473
8.99	26.8081	0.00304794
9	26.8219	0.00303112
9.01	26.8356	0.00301429
9.02	26.8492	0.00299744
9.03	26.8627	0.00298057
9.04	26.8762	0.00296368
9.05	26.8895	0.00294677
9.06	26.9028	0.00292984
9.07	26.9161	0.00291289
9.08	26.9292	0.00289592
9.09	26.9423	0.00287894
9.1	26.9553	0.00286193
9.11	26.9682	0.00284491
9.12	26.981	0.00282787
9.13	26.9938	0.00281081
9.14	27.0065	0.00279373
9.15	27.0191	0.00277664
9.16	27.0316	0.00275952
9.17	27.0441	0.00274239
9.18	27.0565	0.00272524
9.19	27.0688	0.00270808
9.2	27.081	0.00269089
9.21	27.0931	0.00267369
9.22	27.1052	0.00265647
9.23	27.1172	0.00263923
9.24	27.1291	0.00262198
9.25	27.1409	0.00260471
9.26	27.1527	0.00258742
9.27	27.1644	0.00257011
9.28	27.176	0.00255279
9.29	27.1875	0.00253545
9.3	27.199	0.00251809
9.31	27.2103	0.00250072
9.32	27.2216	0.00248333
9.33	27.2328	0.00246593
9.34	27.2439	0.00244851
9.35	27.255	0.00243107
9.36	27.266	0.00241362
9.37	27.2769	0.00239615
9.38	27.2877	0.00237867
9.39	27.2984	0.00236116
9.4	27.3091	0.00234365
9.41	27.3197	0.00232612
9.42	27.3302	0.00230857
9.43	27.3406	0.00229101
9.44	27.3509	0.00227343
9.45	27.3612	0.00225584
9.46	27.3714	0.00223823
9.47	27.3815	0.00222061
9.48	27.3915	0.00220297
9.49	27.4014	0.00218532
9.5	27.4113	0.00216766
9.51	27.4211	0.00214997
9.52	27.4308	0.00213228
9.53	27.4404	0.00211457
9.54	27.45	0.00209685
9.55	27.4594	0.00207911
9.56	27.4688	0.00206136
9.57	27.4781	0.00204359
9.58	27.4873	0.00202581
9.59	27.4965	0.00200802
9.6	27.5055	0.00199022
9.61	27.5145	0.0019724
9.62	27.5234	0.00195456
9.63	27.5323	0.00193672
9.64	27.541	0.00191886
9.65	27.5497	0.00190099
9.66	27.5582	0.0018831
9.67	27.5667	0.0018652
9.68	27.5752	0.00184729
9.69	27.5835	0.00182937
9.7	27.5918	0.00181143
9.71	27.5999	0.00179348
9.72	27.608	0.00177552
9.73	27.616	0.00175755
9.74	27.624	0.00173956
9.75	27.6318	0.00172156
9.76	27.6396	0.00170355
9.77	27.6473	0.00168553
9.78	27.6549	0.0016675
9.79	27.6624	0.00164945
9.8	27.6699	0.00163139
9.81	27.6772	0.00161332
9.82	27.6845	0.00159524
9.83	27.6917	0.00157715
9.84	27.6988	0.00155905
9.85	27.7059	0.00154093
9.86	27.7128	0.00152281
9.87	27.7197	0.00150467
9.88	27.7265	0.00148652
9.89	27.7332	0.00146837
9.9	27.7398	0.0014502
9.91	27.7464	0.00143202
9.92	27.7528	0.00141383
9.93	27.7592	0.00139562
9.94	27.7655	0.00137741
9.95	27.7717	0.00135919
9.96	27.7779	0.00134096
9.97	27.7839	0.00132271
9.98	27.7899	0.00130446
9.99	27.7958	0.0012862
10	27.8016	0.00126792
10.01	27.8073	0.00124964
10.02	27.813	0.00123134
10.03	27.8185	0.00121304
10.04	27.824	0.00119473
10.05	27.8294	0.0011764
10.06	27.8347	0.00115807
10.07	27.8399	0.00113973
10.08	27.8451	0.00112137
10.09	27.8501	0.00110301
10.1	27.8551	0.00108464
10.11	27.86	0.00106625
10.12	27.8648	0.00104786
10.13	27.8695	0.00102946
10.14	27.8742	0.00101105
10.15	27.8788	0.000992629
10.16	27.8832	0.000974199
10.17	27.8876	0.000955759
10.18	27.8919	0.000937309
10.19	27.8962	0.00091885
10.2	27.9003	0.000900381
10.21	27.9044	0.000881902
10.22	27.9084	0.000863413
10.23	27.9123	0.000844915
10.24	27.9161	0.000826406
10.25	27.9198	0.000807888
10.26	27.9235	0.000789359
10.27	27.927	0.00077082
10.28	27.9305	0.000752271
10.29	27.9339	0.000733711
10.3	27.9372	0.00071514
10.31	27.9404	0.000696558
10.32	27.9436	0.000677965
10.33	27.9466	0.000659361
10.34	27.9496	0.000640745
10.35	27.9525	0.000622117
10.36	27.9553	0.000603476
10.37	27.958	0.000584823
10.38	27.9607	0.000566156
10.39	27.9632	0.000547475
10.4	27.9657	0.000528779
10.41	27.9681	0.000510069
10.42	27.9704	0.000491342
10.43	27.9726	0.000472599
10.44	27.9747	0.000453837
10.45	27.9768	0.000435056
10.46	27.9788	0.000416255
10.47	27.9806	0.000397432
10.48	27.9824	0.000378585
10.49	27.9841	0.000359712
10.5	27.9858	0.000340811
10.51	27.9873	0.000321878
10.52	27.9888	0.00030291
10.53	27.9901	0.000283902
10.54	27.9914	0.00026485
10.55	27.9926	0.000245746
10.56	27.9937	0.000226583
10.57	27.9947	0.000207349
10.58	27.9957	0.000188029
10.59	27.9965	0.000168606
10.6	27.9973	0.00014905
10.61	27.998	0.000129322
10.62	27.9985	0.000109357
10.63	27.999	8.90469e-05
10.64	27.9994	6.81762e-05
10.65	27.9997	4.62132e-05
10.66	27.9999	2.07999e-05
10.67	28	0
10.68	28	0
10.69	28	0
10.7	28	0
10.71	28	0
10.72	28	0
10.73	28	0
10.74	28	0
10.75	28	0
10.76	28	0
10.77	28	0
10.78	28	0
10.79	28	0
10.8	28	0
10.81	28	0
10.82	28	0
10.83	28	0
10.84	28	0
10.85	28	0
10.86	28	0
10.87	28	0
10.88	28	0
10.89	28	0
10.9	28	0
10.91	28	0
10.92	28	0
10.93	28	0
10.94	28	0
10.95	28	0
10.96	28	0
10.97	28	0
10.98	28	0
10.99	28	0
11	28	0
11.01	28	0
11.02	28	0
11.03	28	0
11.04	28	0
11.05	28	0
11.06	28	0
11.07	28	0
11.08	28	0
11.09	28	0
11.1	28	0
11.11	28	0
11.12	28	0
11.13	28	0
11.14	28	0
11.15	28	0
11.16	28	0
11.17	28	0
11.18	28	0
11.19	28	0
11.2	28	0
11.21	28	0
11.22	28	0
11.23	28	0
11.24	28	0
11.25	28	0
11.26	28	0
11.27	28	0
11.28	28	0
11.29	28	0
11.3	28	0
11.31	28	0
11.32	28	0
11.33	28	0
11.34	28	0
11.35	28	0
11.36	28	0
11.37	28	0
11.38	28	0
11.39	28	0
11.4	28	0
11.41	28	0
11.42	28	0
11.43	28	0
11.44	28	0
11.45	28	0
11.46	28	0
11.47	28	0
11.48	28	0
11.49	28	0
11.5	28	0
11.51	28	0
11.52	28	0
11.53	28	0
11.54	28	0
11.55	28	0
11.56	28	0
11.57	28	0
11.58	28	0
11.59	28	0
11.6	28	0
11.61	28	0
11.62	28	0
11.63	28	0
11.64	28	0
11.65	28	0
11.66	28	0
11.67	28	0
11.68	28	0
11.69	28	0
11.7	28	0
11.71	28	0
11.72	28	0
11.73	28	0
11.74	28	0
11.75	28	0
11.76	28	0
11.77	28	0
11.78	28	0
11.79	28	0
11.8	28	0
11.81	28	0
11.82	28	0
11.83	28	0
11.84	28	0
11.85	28	0
11.86	28	0
11.87	28	0
11.88	28	0
11.89	28	0
11.9	28	0
11.91	28	0
11.92	28	0
11.93	28	0
11.94	28	0
11.95	28	0
11.96	28	0
11.97	28	0
11.98	28	0
11.99	28	0
12	28	0
12.01	28	0
12.02	28	0
12.03	28	0
12.04	28	0
12.05	28	0
12.06	28	0
12.07	28	0
12.08	28	0
12.09	28	0
12.1	28	0
12.11	28	0
12.12	28	0
12.13	28	0
12.14	28	0
12.15	28	0
12.16	28	0
12.17	28	0
12.18	28	0
12.19	28	0
12.2	28	0
12.21	28	0
12.22	28	0
12.23	28	0
12.24	28	0
12.25	28	0
12.26	28	0
12.27	28	0
12.28	28	0
12.29	28	0
12.3	28	0
12.31	28	0
12.32	28	0
12.33	28	0
12.34	28	0
12.35	28	0
12.36	28	0
12.37	28	0
12.38	28	0
12.39	28	0
12.4	28	0
12.41	28	0
12.42	28	0
12.43	28	0
12.44	28	0
12.45	28	0
12.46	28	0
12.47	28	0
12.48	28	0
12.49	28	0
12.5	28	0
12.51	28	0
12.52	28	0
12.53	28	0
12.54	28	0
12.55	28	0
12.56	28	0
12.57	28	0
12.58	28	0
12.59	28	0
12.6	28	0
12.61	28	0
12.62	28	0
12.63	28	0
12.64	28	0
12.65	28	0
12.66	28	0
12.67	28	0
12.68	28	0
12.69	28	0
12.7	28	0
12.71	28	0
12.72	28	0
12.73	28	0
12.74	28	0
12.75	28	0
12.76	28	0
12.77	28	0
12.78	28	0
12.79	28	0
12.8	28	0
12.81	28	0
12.82	28	0
12.83	28	0
12.84	28	0
12.85	28	0
12.86	28	0
12.87	28	0
12.88	28	0
12.89	28	0
12.9	28	0
12.91	28	0
12.92	28	0
12.93	28	0
12.94	28	0
12.95	28	0
12.96	28	0
12.97	28	0
12.98	28	0
12.99	28	0
13	28	0
13.01	28	0
13.02	28	0
13.03	28	0
13.04	28	0
13.05	28	0
13.06	28	0
13.07	28	0
13.08	28	0
13.09	28	0
13.1	28	0
13.11	28	0
13.12	28	0
13.13	28	0
13.14	28	0
13.15	28	0
13.16	28	0
13.17	28	0
13.18	28	0
13.19	28	0
13.2	28	0
13.21	28	0
13.22	28	0
13.23	28	0
13.24	28	0
13.25	28	0
13.26	28	0
13.27	28	0
13.28	28	0
13.29	28	0
13.3	28	0
13.31	28	0
13.32	28	0
13.33	28	0
13.34	28	0
13.35	28	0
13.36	28	0
13.37	28	0
13.38	28	0
13.39	28	0
13.4	28	0
13.41	28	0
13.42	28	0
13.43	28	0
13.44	28	0
13.45	28	0
13.46	28	0
13.47	28	0
13.48	28	0
13.49	28	0
13.5	28	0
13.51	28	0
13.52	28	0
13.53	28	0
13.54	28	0
13.55	28	0
13.56	28	0
13.57	28	0
13.58	28	0
13.59	28	0
13.6	28	0
13.61	28	0
13.62	28	0
13.63	28	0
13.64	28	0
13.65	28	0
13.66	28	0
13.67	28	0
13.68	28	0
13.69	28	0
13.7	28	0
13.71	28	0
13.72	28	0
13.73	28	0
13.74	28	0
13.75	28	0
13.76	28	0
13.77	28	0
13.78	28	0
13.79	28	0
13.8	28	0
13.81	28	0
13.82	28	0
13.83	28	0
13.84	28	0
13.85	28	0
13.86	28	0
13.87	28	0
13.88	28	0
13.89	28	0
13.9	28	0
13.91	28	0
13.92	28	0
13.93	28	0
13.94	28	0
13.95	28	0
13.96	28	0
13.97	28	0
13.98	28	0
13.99	28	0
14	28	0
14.01	28	0
14.02	28	0
14.03	28	0
14.04	28	0
14.05	28	0
14.06	28	0
14.07	28	0
14.08	28	0
14.09	28	0
14.1	28	0
14.11	28	0
14.12	28	0
14.13	28	0
14.14	28	0
14.15	28	0
14.16	28	0
14.17	28	0
14.18	28	0
14.19	28	0
14.2	28	0
14.21	28	0
14.22	28	0
14.23	28	0
14.24	28	0
14.25	28	0
14.26	28	0
14.27	28	0
14.28	28	0
14.29	28	0
14.3	28	0
14.31	28	0
14.32	28	0
14.33	28	0
14.34	28	0
14.35	28	0
14.36	28	0
14.37	28	0
14.38	28	0
14.39	28	0
14.4	28	0
14.41	28	0
14.42	28	0
14.43	28	0
14.44	28	0
14.45	28	0
14.46	28	0
14.47	28	0
14.48	28	0
14.49	28	0
14.5	28	0
14.51	28	0
14.52	28	0
14.53	28	0
14.54	28	0
14.55	28	0
14.56	28	0
14.57	28	0
14.58	28	0
14.59	28	0
14.6	28	0
14.61	28	0
14.62	28	0
14.63	28	0
14.64	28	0
14.65	28	0
14.66	28	0
14.67	28	0
14.68	28	0
14.69	28	0
14.7	28	0
14.71	28	0
14.72	28	0
14.73	28	0
14.74	28	0
14.75	28	0
14.76	28	0
14.77	28	0
14.78	28	0
14.79	28	0
14.8	28	0
14.81	28	0
14.82	28	0
14.83	28	0
14.84	28	0
14.85	28	0
14.86	28	0
14.87	28	0
14.88	28	0
14.89	28	0
14.9	28	0
14.91	28	0
14.92	28	0
14.93	28	0
14.94	28	0
14.95	28	0
14.96	28	0
14.97	28	0
14.98	28	0
14.99	28	0
15	28	0
15.01	28	0
15.02	28	0
15.03	28	0
15.04	28	0
15.05	28	0
15.06	28	0
15.07	28	0
15.08	28	0
15.09	28	0
15.1	28	0
15.11	28	0
15.12	28	0
15.13	28	0
15.14	28	0
15.15	28	0
15.16	28	0
15.17	28	0
15.18	28	0
15.19	28	0
15.2	28	0
15.21	28	0
15.22	28	0
15.23	28	0
15.24	28	0
15.25	28	0
15.26	28	0
15.27	28	0
15.28	28	0
15.29	28	0
15.3	28	0
15.31	28	0
15.32	28	0
15.33	28	0
15.34	28	0
15.35	28	0
15.36	28	0
15.37	28	0
15.38	28	0
15.39	28	0
15.4	28	0
15.41	28	0
15.42	28	0
15.43	28	0
15.44	28	0
15.45	28	0
15.46	28	0
15.47	28	0
15.48	28	0
15.49	28	0
15.5	28	0
15.51	28	0
15.52	28	0
15.53	28	0
15.54	28	0
15.55	28	0
15.56	28	0
15.57	28	0
15.58	28	0
15.59	28	0
15.6	28	0
15.61	28	0
15.62	28	0
15.63	28	0
15.64	28	0
15.65	28	0
15.66	28	0
15.67	28	0
15.68	28	0
15.69	28	0
15.7	28	0
15.71	28	0
15.72	28	0
15.73	28	0
15.74	28	0
15.75	28	0
15.76	28	0
15.77	28	0
15.78	28	0
15.79	28	0
15.8	28	0
15.81	28	0
15.82	28	0
15.83	28	0
15.84	28	0
15.85	28	0
15.86	28	0
15.87	28	0
15.88	28	0
15.89	28	0
15.9	28	0
15.91	28	0
15.92	28	0
15.93	28	0
15.94	28	0
15.95	28	0
15.96	28	0
15.97	28	0
15.98	28	0
15.99	28	0
16	28	0
16.01	28	0
16.02	28	0
16.03	28	0
16.04	28	0
16.05	28	0
16.06	28	0
16.07	28	0
16.08	28	0
16.09	28	0
16.1	28	0
16.11	28	0
16.12	28	0
16.13	28	0
16.14	28	0
16.15	28	0
16.16	28	0
16.17	28	0
16.18	28	0
16.19	28	0
16.2	28	0
16.21	28	0
16.22	28	0
16.23	28	0
16.24	28	0
16.25	28	0
16.26	28	0
16.27	28	0
16.28	28	0
16.29	28	0
16.3	28	0
16.31	28	0
16.32	28	0
16.33	28	0
16.34	28	0
16.35	28	0
16.36	28	0
16.37	28	0
16.38	28	0
16.39	28	0
16.4	28	0
16.41	28	0
16.42	28	0
16.43	28	0
16.44	28	0
16.45	28	0
16.46	28	0
16.47	28	0
16.48	28	0
16.49	28	0
16.5	28	0
16.51	28	0
16.52	28	0
16.53	28	0
16.54	28	0
16.55	28	0
16.56	28	0
16.57	28	0
16.58	28	0
16.59	28	0
16.6	28	0
16.61	28	0
16.62	28	0
16.63	28	0
16.64	28	0
16.65	28	0
16.66	28	0
16.67	28	0
16.68	28	0
16.69	28	0
16.7	28	0
16.71	28	0
16.72	28	0
16.73	28	0
16.74	28	0
16.75	28	0
16.76	28	0
16.77	28	0
16.78	28	0
16.79	28	0
16.8	28	0
16.81	28	0
16.82	28	0
16.83	28	0
16.84	28	0
16.85	28	0
16.86	28	0
16.87	28	0
16.88	28	0
16.89	28	0
16.9	28	0
16.91	28	0
16.92	28	0
16.93	28	0
16.94	28	0
16.95	28	0
16.96	28	0
16.97	28	0
16.98	28	0
16.99	28	0
17	28	0
17.01	28	0
17.02	28	0
17.03	28	0
17.04	28	0
17.05	28	0
17.06	28	0
17.07	28	0
17.08	28	0
17.09	28	0
17.1	28	0
17.11	28	0
17.12	28	0
17.13	28	0
17.14	28	0
17.15	28	0
17.16	28	0
17.17	28	0
17.18	28	0
17.19	28	0
17.2	28	0
17.21	28	0
17.22	28	0
17.23	28	0
17.24	28	0
17.25	28	0
17.26	28	0
17.27	28	0
17.28	28	0
17.29	28	0
17.3	28	0
17.31	28	0
17.32	28	0
17.33	28	0
17.34	28	0
17.35	28	0
17.36	28	0
17.37	28	0
17.38	28	0
17.39	28	0
17.4	28	0
17.41	28	0
17.42	28	0
17.43	28	0
17.44	28	0
17.45	28	0
17.46	28	0
17.47	28	0
17.48	28	0
17.49	28	0
17.5	28	0
17.51	28	0
17.52	28	0
17.53	28	0
17.54	28	0
17.55	28	0
17.56	28	0
17.57	28	0
17.58	28	0
17.59	28	0
17.6	28	0
17.61	28	0
17.62	28	0
17.63	28	0
17.64	28	0
17.65	28	0
17.66	28	0
17.67	28	0
17.68	28	0
17.69	28	0
17.7	28	0
17.71	28	0
17.72	28	0
17.73	28	0
17.74	28	0
17.75	28	0
17.76	28	0
17.77	28	0
17.78	28	0
17.79	28	0
17.8	28	0
17.81	28	0
17.82	28	0
17.83	28	0
17.84	28	0
17.85	28	0
17.86	28	0
17.87	28	0
17.88	28	0
17.89	28	0
17.9	28	0
17.91	28	0
17.92	28	0
17.93	28	0
17.94	28	0
17.95	28	0
17.96	28	0
17.97	28	0
17.98	28	0
17.99	28	0
18	28	0
18.01	28	0
18.02	28	0
18.03	28	0
18.04	28	0
18.05	28	0
18.06	28	0
18.07	28	0
18.08	28	0
18.09	28	0
18.1	28	0
18.11	28	0
18.12	28	0
18.13	28	0
18.14	28	0
18.15	28	0
18.16	28	0
18.17	28	0
18.18	28	0
18.19	28	0
18.2	28	0
18.21	28	0
18.22	28	0
18.23	28	0
18.24	28	0
18.25	28	0
18.26	28	0
18.27	28	0
18.28	28	0
18.29	28	0
18.3	28	0
18.31	28	0
18.32	28	0
18.33	28	0
18.34	28	0
18.35	28	0
18.36	28	0
18.37	28	0
18.38	28	0
18.39	28	0
18.4	28	0
18.41	28	0
18.42	28	0
18.43	28	0
18.44	28	0
18.45	28	0
18.46	28	0
18.47	28	0
18.48	28	0
18.49	28	0
18.5	28	0
18.51	28	0
18.52	28	0
18.53	28	0
18.54	28	0
18.55	28	0
18.56	28	0
18.57	28	0
18.58	28	0
18.59	28	0
18.6	28	0
18.61	28	0
18.62	28	0
18.63	28	0
18.64	28	0
18.65	28	0
18.66	28	0
18.67	28	0
18.68	28	0
18.69	28	0
18.7	28	0
18.71	28	0
18.72	28	0
18.73	28	0
18.74	28	0
18.75	28	0
18.76	28	0
18.77	28	0
18.78	28	0
18.79	28	0
18.8	28	0
18.81	28	0
18.82	28	0
18.83	28	0
18.84	28	0
18.85	28	0
18.86	28	0
18.87	28	0
18.88	28	0
18.89	28	0
18.9	28	0
18.91	28	0
18.92	28	0
18.93	28	0
18.94	28	0
18.95	28	0
18.96	28	0
18.97	28	0
18.98	28	0
18.99	28	0
19	28	0
19.01	28	0
19.02	28	0
19.03	28	0
19.04	28	0
19.05	28	0
19.06	28	0
19.07	28	0
19.08	28	0
19.09	28	0
19.1	28	0
19.11	28	0
19.12	28	0
19.13	28	0
19.14	28	0
19.15	28	0
19.16	28	0
19.17	28	0
19.18	28	0
19.19	28	0
19.2	28	0
19.21	28	0
19.22	28	0
19.23	28	0
19.24	28	0
19.25	28	0
19.26	28	0
19.27	28	0
19.28	28	0
19.29	28	0
19.3	28	0
19.31	28	0
19.32	28	0
19.33	28	0
19.34	28	0
19.35	28	0
19.36	28	0
19.37	28	0
19.38	28	0
19.39	28	0
19.4	28	0
19.41	28	0
19.42	28	0
19.43	28	0
19.44	28	0
19.45	28	0
19.46	28	0
19.47	28	0
19.48	28	0
19.49	28	0
19.5	28	0
19.51	28	0
19.52	28	0
19.53	28	0
19.54	28	0
19.55	28	0
19.56	28	0
19.57	28	0
19.58	28	0
19.59	28	0
19.6	28	0
19.61	28	0
19.62	28	0
19.63	28	0
19.64	28	0
19.65	28	0
19.66	28	0
19.67	28	0
19.68	28	0
19.69	28	0
19.7	28	0
19.71	28	0
19.72	28	0
19.73	28	0
19.74	28	0
19.75	28	0
19.76	28	0
19.77	28	0
19.78	28	0
19.79	28	0
19.8	28	0
19.81	28	0
19.82	28	0
19.83	28	0
19.84	28	0
19.85	28	0
19.86	28	0
19.87	28	0
19.88	28	0
19.89	28	0
19.9	28	0
19.91	28	0
19.92	28	0
19.93	28	0
19.94	28	0
19.95	28	0
19.96	28	0
19.97	28	0
19.98	28	0
19.99	28	0
20	28	0
20.01	28	0
20.02	28	0
20.03	28	0
20.04	28	0
20.05	28	0
20.06	28	0
20.07	28	0
20.08	28	0
20.09	28	0
20.1	28	0
20.11	28	0
20.12	28	0
20.13	28	0
20.14	28	0
20.15	28	0
20.16	28	0
20.17	28	0
20.18	28	0
20.19	28	0
20.2	28	0
20.21	28	0
20.22	28	0
20.23	28	0
20.24	28	0
20.25	28	0
20.26	28	0
20.27	28	0
20.28	28	0
20.29	28	0
20.3	28	0
20.31	28	0
20.32	28	0
20.33	28	0
20.34	28	0
20.35	28	0
20.36	28	0
20.37	28	0
20.38	28	0
20.39	28	0
20.4	28	0
20.41	28	0
20.42	28	0
20.43	28	0
20.44	28	0
20.45	28	0
20.46	28	0
20.47	28	0
20.48	28	0
20.49	28	0
20.5	28	0
20.51	28	0
20.52	28	0
20.53	28	0
20.54	28	0
20.55	28	0
20.56	28	0
20.57	28	0
20.58	28	0
20.59	28	0
20.6	28	0
20.61	28	0
20.62	28	0
20.63	28	0
20.64	28	0
20.65	28	0
20.66	28	0
20.67	28	0
20.68	28	0
20.69	28	0
20.7	28	0
20.71	28	0
20.72	28	0
20.73	28	0
20.74	28	0
20.75	28	0
20.76	28	0
20.77	28	0
20.78	28	0
20.79	28	0
20.8	28	0
20.81	28	0
20.82	28	0
20.83	28	0
20.84	28	0
20.85	28	0
20.86	28	0
20.87	28	0
20.88	28	0
20.89	28	0
20.9	28	0
20.91	28	0
20.92	28	0
20.93	28	0
20.94	28	0
20.95	28	0
20.96	28	0
20.97	28	0
20.98	28	0
20.99	28	0
21	28	0
21.01	28	0
21.02	28	0
21.03	28	0
21.04	28	0
21.05	28	0
21.06	28	0
21.07	28	0
21.08	28	0
21.09	28	0
21.1	28	0
21.11	28	0
21.12	28	0
21.13	28	0
21.14	28	0
21.15	28	0
21.16	28	0
21.17	28	0
21.18	28	0
21.19	28	0
21.2	28	0
21.21	28	0
21.22	28	0
21.23	28	0
21.24	28	0
21.25	28	0
21.26	28	0
21.27	28	0
21.28	28	0
21.29	28	0
21.3	28	0
21.31	28	0
21.32	28	0
21.33	28	0
21.34	28	0
21.35	28	0
21.36	28	0
21.37	28	0
21.38	28	0
21.39	28	0
21.4	28	0
21.41	28	0
21.42	28	0
21.43	28	0
21.44	28	0
21.45	28	0
21.46	28	0
21.47	28	0
21.48	28	0
21.49	28	0
21.5	28	0
21.51	28	0
21.52	28	0
21.53	28	0
21.54	28	0
21.55	28	0
21.56	28	0
21.57	28	0
21.58	28	0
21.59	28	0
21.6	28	0
21.61	28	0
21.62	28	0
21.63	28	0
21.64	28	0
21.65	28	0
21.66	28	0
21.67	28	0
21.68	28	0
21.69	28	0
21.7	28	0
21.71	28	0
21.72	28	0
21.73	28	0
21.74	28	0
21.75	28	0
21.76	28	0
21.77	28	0
21.78	28	0
21.79	28	0
21.8	28	0
21.81	28	0
21.82	28	0
21.83	28	0
21.84	28	0
21.85	28	0
21.86	28	0
21.87	28	0
21.88	28	0
21.89	28	0
21.9	28	0
21.91	28	0
21.92	28	0
21.93	28	0
21.94	28	0
21.95	28	0
21.96	28	0
21.97	28	0
21.98	28	0
21.99	28	0
22	28	0
22.01	28	0
22.02	28	0
22.03	28	0
22.04	28	0
22.05	28	0
22.06	28	0
22.07	28	0
22.08	28	0
22.09	28	0
22.1	28	0
22.11	28	0
22.12	28	0
22.13	28	0
22.14	28	0
22.15	28	0
22.16	28	0
22.17	28	0
22.18	28	0
22.19	28	0
22.2	28	0
22.21	28	0
22.22	28	0
22.23	28	0
22.24	28	0
22.25	28	0
22.26	28	0
22.27	28	0
22.28	28	0
22.29	28	0
22.3	28	0
22.31	28	0
22.32	28	0
22.33	28	0
22.34	28	0
22.35	28	0
22.36	28	0
22.37	28	0
22.38	28	0
22.39	28	0
22.4	28	0
22.41	28	0
22.42	28	0
22.43	28	0
22.44	28	0
22.45	28	0
22.46	28	0
22.47	28	0
22.48	28	0
22.49	28	0
22.5	28	0
22.51	28	0
22.52	28	0
22.53	28	0
22.54	28	0
22.55	28	0
22.56	28	0
22.57	28	0
22.58	28	0
22.59	28	0
22.6	28	0
22.61	28	0
22.62	28	0
22.63	28	0
22.64	28	0
22.65	28	0
22.66	28	0
22.67	28	0
22.68	28	0
22.69	28	0
22.7	28	0
22.71	28	0
22.72	28	0
22.73	28	0
22.74	28	0
22.75	28	0
22.76	28	0
22.77	28	0
22.78	28	0
22.79	28	0
22.8	28	0
22.81	28	0
22.82	28	0
22.83	28	0
22.84	28	0
22.85	28	0
22.86	28	0
22.87	28	0
22.88	28	0
22.89	28	0
22.9	28	0
22.91	28	0
22.92	28	0
22.93	28	0
22.94	28	0
22.95	28	0
22.96	28	0
22.97	28	0
22.98	28	0
22.99	28	0
23	28	0
23.01	28	0
23.02	28	0
23.03	28	0
23.04	28	0
23.05	28	0
23.06	28	0
23.07	28	0
23.08	28	0
23.09	28	0
23.1	28	0
23.11	28	0
23.12	28	0
23.13	28	0
23.14	28	0
23.15	28	0
23.16	28	0
23.17	28	0
23.18	28	0
23.19	28	0
23.2	28	0
23.21	28	0
23.22	28	0
23.23	28	0
23.24	28	0
23.25	28	0
23.26	28	0
23.27	28	0
23.28	28	0
23.29	28	0
23.3	28	0
23.31	28	0
23.32	28	0
23.33	28	0
23.34	28	0
23.35	28	0
23.36	28	0
23.37	28	0
23.38	28	0
23.39	28	0
23.4	28	0
23.41	28	0
23.42	28	0
23.43	28	0
23.44	28	0
23.45	28	0
23.46	28	0
23.47	28	0
23.48	28	0
23.49	28	0
23.5	28	0
23.51	28	0
23.52	28	0
23.53	28	0
23.54	28	0
23.55	28	0
23.56	28	0
23.57	28	0
23.58	28	0
23.59	28	0
23.6	28	0
23.61	28	0
23.62	28	0
23.63	28	0
23.64	28	0
23.65	28	0
23.66	28	0
23.67	28	0
23.68	28	0
23.69	28	0
23.7	28	0
23.71	28	0
23.72	28	0
23.73	28	0
23.74	28	0
23.75	28	0
23.76	28	0
23.77	28	0
23.78	28	0
23.79	28	0
23.8	28	0
23.81	28	0
23.82	28	0
23.83	28	0
23.84	28	0
23.85	28	0
23.86	28	0
23.87	28	0
23.88	28	0
23.89	28	0
23.9	28	0
23.91	28	0
23.92	28	0
23.93	28	0
23.94	28	0
23.95	28	0
23.96	28	0
23.97	28	0
23.98	28	0
23.99	28	0
24	28	0
24.01	28	0
24.02	28	0
24.03	28	0
24.04	28	0
24.05	28	0
24.06	28	0
24.07	28	0
24.08	28	0
24.09	28	0
24.1	28	0
24.11	28	0
24.12	28	0
24.13	28	0
24.14	28	0
24.15	28	0
24.16	28	0
24.17	28	0
24.18	28	0
24.19	28	0
24.2	28	0
24.21	28	0
24.22	28	0
24.23	28	0
24.24	28	0
24.25	28	0
24.26	28	0
24.27	28	0
24.28	28	0
24.29	28	0
24.3	28	0
24.31	28	0
24.32	28	0
24.33	28	0
24.34	28	0
24.35	28	0
24.36	28	0
24.37	28	0
24.38	28	0
24.39	28	0
24.4	28	0
24.41	28	0
24.42	28	0
24.43	28	0
24.44	28	0
24.45	28	0
24.46	28	0
24.47	28	0
24.48	28	0
24.49	28	0
24.5	28	0
24.51	28	0
24.52	28	0
24.53	28	0
24.54	28	0
24.55	28	0
24.56	28	0
24.57	28	0
24.58	28	0
24.59	28	0
24.6	28	0
24.61	28	0
24.62	28	0
24.63	28	0
24.64	28	0
24.65	28	0
24.66	28	0
24.67	28	0
24.68	28	0
24.69	28	0
24.7	28	0
24.71	28	0
24.72	28	0
24.73	28	0
24.74	28	0
24.75	28	0
24.76	28	0
24.77	28	0
24.78	28	0
24.79	28	0
24.8	28	0
24.81	28	0
24.82	28	0
24.83	28	0
24.84	28	0
24.85	28	0
24.86	28	0
24.87	28	0
24.88	28	0
24.89	28	0
24.9	28	0
24.91	28	0
24.92	28	0
24.93	28	0
24.94	28	0
24.95	28	0
24.96	28	0
24.97	28	0
24.98	28	0
24.99	28	0
25	28	0
25.01	28	0
25.02	28	0
25.03	28	0
25.04	28	0
25.05	28	0
25.06	28	0
25.07	28	0
25.08	28	0
25.09	28	0
25.1	28	0
25.11	28	0
25.12	28	0
25.13	28	0
25.14	28	0
25.15	28	0
25.16	28	0
25.17	28	0
25.18	28	0
25.19	28	0
25.2	28	0
25.21	28	0
25.22	28	0
25.23	28	0
25.24	28	0
25.25	28	0
25.26	28	0
25.27	28	0
25.28	28	0
25.29	28	0
25.3	28	0
25.31	28	0
25.32	28	0
25.33	28	0
25.34	28	0
25.35	28	0
25.36	28	0
25.37	28	0
25.38	28	0
25.39	28	0
25.4	28	0
25.41	28	0
25.42	28	0
25.43	28	0
25.44	28	0
25.45	28	0
25.46	28	0
25.47	28	0
25.48	28	0
25.49	28	0
25.5	28	0
25.51	28	0
25.52	28	0
25.53	28	0
25.54	28	0
25.55	28	0
25.56	28	0
25.57	28	0
25.58	28	0
25.59	28	0
25.6	28	0
25.61	28	0
25.62	28	0
25.63	28	0
25.64	28	0
25.65	28	0
25.66	28	0
25.67	28	0
25.68	28	0
25.69	28	0
25.7	28	0
25.71	28	0
25.72	28	0
25.73	28	0
25.74	28	0
25.75	28	0
25.76	28	0
25.77	28	0
25.78	28	0
25.79	28	0
25.8	28	0
25.81	28	0
25.82	28	0
25.83	28	0
25.84	28	0
25.85	28	0
25.86	28	0
25.87	28	0
25.88	28	0
25.89	28	0
25.9	28	0
25.91	28	0
25.92	28	0
25.93	28	0
25.94	28	0
25.95	28	0
25.96	28	0
25.97	28	0
25.98	28	0
25.99	28	0
26	28	0
26.01	28	0
26.02	28	0
26.03	28	0
26.04	28	0
26.05	28	0
26.06	28	0
26.07	28	0
26.08	28	0
26.09	28	0
26.1	28	0
26.11	28	0
26.12	28	0
26.13	28	0
26.14	28	0
26.15	28	0
26.16	28	0
26.17	28	0
26.18	28	0
26.19	28	0
26.2	28	0
26.21	28	0
26.22	28	0
26.23	28	0
26.24	28	0
26.25	28	0
26.26	28	0
26.27	28	0
26.28	28	0
26.29	28	0
26.3	28	0
26.31	28	0
26.32	28	0
26.33	28	0
26.34	28	0
26.35	28	0
26.36	28	0
26.37	28	0
26.38	28	0
26.39	28	0
26.4	28	0
26.41	28	0
26.42	28	0
26.43	28	0
26.44	28	0
26.45	28	0
26.46	28	0
26.47	28	0
26.48	28	0
26.49	28	0
26.5	28	0
26.51	28	0
26.52	28	0
26.53	28	0
26.54	28	0
26.55	28	0
26.56	28	0
26.57	28	0
26.58	28	0
26.59	28	0
26.6	28	0
26.61	28	0
26.62	28	0
26.63	28	0
26.64	28	0
26.65	28	0
26.66	28	0
26.67	28	0
26.68	28	0
26.69	28	0
26.7	28	0
26.71	28	0
26.72	28	0
26.73	28	0
26.74	28	0
26.75	28	0
26.76	28	0
26.77	28	0
26.78	28	0
26.79	28	0
26.8	28	0
26.81	28	0
26.82	28	0
26.83	28	0
26.84	28	0
26.85	28	0
26.86	28	0
26.87	28	0
26.88	28	0
26.89	28	0
26.9	28	0
26.91	28	0
26.92	28	0
26.93	28	0
26.94	28	0
26.95	28	0
26.96	28	0
26.97	28	0
26.98	28	0
26.99	28	0
27	28	0
27.01	28	0
27.02	28	0
27.03	28	0
27.04	28	0
27.05	28	0
27.06	28	0
27.07	28	0
27.08	28	0
27.09	28	0
27.1	28	0
27.11	28	0
27.12	28	0
27.13	28	0
27.14	28	0
27.15	28	0
27.16	28	0
27.17	28	0
27.18	28	0
27.19	28	0
27.2	28	0
27.21	28	0
27.22	28	0
27.23	28	0
27.24	28	0
27.25	28	0
27.26	28	0
27.27	28	0
27.28	28	0
27.29	28	0
27.3	28	0
27.31	28	0
27.32	28	0
27.33	28	0
27.34	28	0
27.35	28	0
27.36	28	0
27.37	28	0
27.38	28	0
27.39	28	0
27.4	28	0
27.41	28	0
27.42	28	0
27.43	28	0
27.44	28	0
27.45	28	0
27.46	28	0
27.47	28	0
27.48	28	0
27.49	28	0
27.5	28	0
27.51	28	0
27.52	28	0
27.53	28	0
27.54	28	0
27.55	28	0
27.56	28	0
27.57	28	0
27.58	28	0
27.59	28	0
27.6	28	0
27.61	28	0
27.62	28	0
27.63	28	0
27.64	28	0
27.65	28	0
27.66	28	0
27.67	28	0
27.68	28	0
27.69	28	0
27.7	28	0
27.71	28	0
27.72	28	0
27.73	28	0
27.74	28	0
27.75	28	0
27.76	28	0
27.77	28	0
27.78	28	0
27.79	28	0
27.8	28	0
27.81	28	0
27.82	28	0
27.83	28	0
27.84	28	0
27.85	28	0
27.86	28	0
27.87	28	0
27.88	28	0
27.89	28	0
27.9	28	0
27.91	28	0
27.92	28	0
27.93	28	0
27.94	28	0
27.95	28	0
27.96	28	0
27.97	28	0
27.98	28	0
27.99	28	0
28	28	0
28.01	28	0
28.02	28	0
28.03	28	0
28.04	28	0
28.05	28	0
28.06	28	0
28.07	28	0
28.08	28	0
28.09	28	0
28.1	28	0
28.11	28	0
28.12	28	0
28.13	28	0
28.14	28	0
28.15	28	0
28.16	28	0
28.17	28	0
28.18	28	0
28.19	28	0
28.2	28	0
28.21	28	0
28.22	28	0
28.23	28	0
28.24	28	0
28.25	28	0
28.26	28	0
28.27	28	0
28.28	28	0
28.29	28	0
28.3	28	0
28.31	28	0
28.32	28	0
28.33	28	0
28.34	28	0
28.35	28	0
28.36	28	0
28.37	28	0
28.38	28	0
28.39	28	0
28.4	28	0
28.41	28	0
28.42	28	0
28.43	28	0
28.44	28	0
28.45	28	0
28.46	28	0
28.47	28	0
28.48	28	0
28.49	28	0
28.5	28	0
28.51	28	0
28.52	28	0
28.53	28	0
28.54	28	0
28.55	28	0
28.56	28	0
28.57	28	0
28.58	28	0
28.59	28	0
28.6	28	0
28.61	28	0
28.62	28	0
28.63	28	0
28.64	28	0
28.65	28	0
28.66	28	0
28.67	28	0
28.68	28	0
28.69	28	0
28.7	28	0
28.71	28	0
28.72	28	0
28.73	28	0
28.74	28	0
28.75	28	0
28.76	28	0
28.77	28	0
28.78	28	0
28.79	28	0
28.8	28	0
28.81	28	0
28.82	28	0
28.83	28	0
28.84	28	0
28.85	28	0
28.86	28	0
28.87	28	0
28.88	28	0
28.89	28	0
28.9	28	0
28.91	28	0
28.92	28	0
28.93	28	0
28.94	28	0
28.95	28	0
28.96	28	0
28.97	28	0
28.98	28	0
28.99	28	0
29	28	0
29.01	28	0
29.02	28	0
29.03	28	0
29.04	28	0
29.05	28	0
29.06	28	0
29.07	28	0
29.08	28	0
29.09	28	0
29.1	28	0
29.11	28	0
29.12	28	0
29.13	28	0
29.14	28	0
29.15	28	0
29.16	28	0
29.17	28	0
29.18	28	0
29.19	28	0
29.2	28	0
29.21	28	0
29.22	28	0
29.23	28	0
29.24	28	0
29.25	28	0
29.26	28	0
29.27	28	0
29.28	28	0
29.29	28	0
29.3	28	0
29.31	28	0
29.32	28	0
29.33	28	0
29.34	28	0
29.35	28	0
29.36	28	0
29.37	28	0
29.38	28	0
29.39	28	0
29.4	28	0
29.41	28	0
29.42	28	0
29.43	28	0
29.44	28	0
29.45	28	0
29.46	28	0
29.47	28	0
29.48	28	0
29.49	28	0
29.5	28	0
29.51	28	0
29.52	28	0
29.53	28	0
29.54	28	0
29.55	28	0
29.56	28	0
29.57	28	0
29.58	28	0
29.59	28	0
29.6	28	0
29.61	28	0
29.62	28	0
29.63	28	0
29.64	28	0
29.65	28	0
29.66	28	0
29.67	28	0
29.68	28	0
29.69	28	0
29.7	28	0
29.71	28	0
29.72	28	0
29.73	28	0
29.74	28	0
29.75	28	0
29.76	28	0
29.77	28	0
29.78	28	0
29.79	28	0
29.8	28	0
29.81	28	0
29.82	28	0
29.83	28	0
29.84	28	0
29.85	28	0
29.86	28	0
29.87	28	0
29.88	28	0
29.89	28	0
29.9	28	0
29.91	28	0
29.92	28	0
29.93	28	0
29.94	28	0
29.95	28	0
29.96	28	0
29.97	28	0
29.98	28	0
29.99	28	0
