SupplyPort 1	Port pressure 28
Elapsed	Pressure	Rate
0	0.366776	0.0146651
0.01	0.43308	0.0146651
0.02	0.499383	0.0146651
0.03	0.565686	0.0146651
0.04	0.63199	0.0146651
0.05	0.698293	0.0146651
0.06	0.764597	0.0146651
0.07	0.8309	0.0146651
0.08	0.897204	0.0146651
0.09	0.963507	0.0146651
0.1	1.02981	0.0146651
0.11	1.09611	0.0146651
0.12	1.16242	0.0146651
0.13	1.22872	0.0146651
0.14	1.29502	0.0146651
0.15	1.36133	0.0146651
0.16	1.42763	0.0146651
0.17	1.49393	0.0146651
0.18	1.56024	0.0146651
0.19	1.62654	0.0146651
0.2	1.69284	0.0146651
0.21	1.75915	0.0146651
0.22	1.82545	0.0146651
0.23	1.89175	0.0146651
0.24	1.95806	0.0146651
0.25	2.02436	0.0146651
0.26	2.09066	0.0146651
0.27	2.15697	0.0146651
0.28	2.22327	0.0146651
0.29	2.28958	0.0146651
0.3	2.35588	0.0146651
0.31	2.42218	0.0146651
0.32	2.48849	0.0146651
0.33	2.55479	0.0146651
0.34	2.62109	0.0146651
0.35	2.6874	0.0146651
0.36	2.7537	0.0146651
0.37	2.82	0.0146651
0.38	2.88631	0.0146651
0.39	2.95261	0.0146651
0.4	3.01891	0.0146651
0.41	3.08522	0.0146651
0.42	3.15152	0.0146651
0.43	3.21782	0.0146651
0.44	3.28413	0.0146651
0.45	3.35043	0.0146651
0.46	3.41673	0.0146651
0.47	3.48304	0.0146651
0.48	3.54934	0.0146651
0.49	3.61564	0.0146651
0.5	3.68195	0.0146651
0.51	3.74825	0.0146651
0.52	3.81455	0.0146651
0.53	3.88086	0.0146651
0.54	3.94716	0.0146651
0.55	4.01346	0.0146651
0.56	4.07977	0.0146651
0.57	4.14607	0.0146651
0.58	4.21237	0.0146651
0.59	4.27868	0.0146651
0.6	4.34498	0.0146651
0.61	4.41128	0.0146651
0.62	4.47759	0.0146651
0.63	4.54389	0.0146651
0.64	4.61019	0.0146651
0.65	4.6765	0.0146651
0.66	4.7428	0.0146651
0.67	4.8091	0.0146651
0.68	4.87541	0.0146651
0.69	4.94171	0.0146651
0.7	5.00802	0.0146651
0.71	5.07432	0.0146651
0.72	5.14062	0.0146651
0.73	5.20693	0.0146651
0.74	5.27323	0.0146651
0.75	5.33953	0.0146651
0.76	5.40584	0.0146651
0.77	5.47214	0.0146651
0.78	5.53844	0.0146651
0.79	5.60475	0.0146651
0.8	5.67105	0.0146651
0.81	5.73735	0.0146651
0.82	5.80366	0.0146651
0.83	5.86996	0.0146651
0.84	5.93626	0.0146651
0.85	6.00257	0.0146651
0.86	6.06887	0.0146651
0.87	6.13517	0.0146651
0.88	6.20148	0.0146651
0.89	6.26778	0.0146651
0.9	6.33408	0.0146651
0.91	6.40039	0.0146651
0.92	6.46669	0.0146651
0.93	6.53299	0.0146651
0.94	6.5993	0.0146651
0.95	6.6656	0.0146651
0.96	6.7319	0.0146651
0.97	6.79821	0.0146651
0.98	6.86451	0.0146651
0.99	6.93081	0.0146651
1	6.99712	0.0146651
1.01	7.06342	0.0146651
1.02	7.12972	0.0146651
1.03	7.19603	0.0146651
1.04	7.26233	0.0146651
1.05	7.32863	0.0146651
1.06	7.39494	0.0146651
1.07	7.46124	0.0146651
1.08	7.52754	0.0146651
1.09	7.59385	0.0146651
1.1	7.66015	0.0146651
1.11	7.72645	0.0146651
1.12	7.79276	0.0146651
1.13	7.85906	0.0146651
1.14	7.92537	0.0146651
1.15	7.99167	0.0146651
1.16	8.05797	0.0146651
1.17	8.12428	0.0146651
1.18	8.19058	0.0146651
1.19	8.25688	0.0146651
1.2	8.32319	0.0146651
1.21	8.38949	0.0146651
1.22	8.45579	0.0146651
1.23	8.5221	0.0146651
1.24	8.5884	0.0146651
1.25	8.6547	0.0146651
1.26	8.72101	0.0146651
1.27	8.78731	0.0146651
1.28	8.85361	0.0146651
1.29	8.91992	0.0146651
1.3	8.98622	0.0146651
1.31	9.05252	0.0146651
1.32	9.11883	0.0146651
1.33	9.18513	0.0146651
1.34	9.25143	0.0146651
1.35	9.31774	0.0146651
1.36	9.38404	0.0146651
1.37	9.45034	0.0146651
1.38	9.51665	0.0146651
1.39	9.58295	0.0146651
1.4	9.64925	0.0146651
1.41	9.71556	0.0146651
1.42	9.78186	0.0146651
1.43	9.84816	0.0146651
1.44	9.91447	0.0146651
1.45	9.98077	0.0146651
1.46	10.0471	0.0146651
1.47	10.1134	0.0146651
1.48	10.1797	0.0146651
1.49	10.246	0.0146651
1.5	10.3123	0.0146651
1.51	10.3786	0.0146651
1.52	10.4449	0.0146651
1.53	10.5112	0.0146651
1.54	10.5775	0.0146651
1.55	10.6438	0.0146651
1.56	10.7101	0.0146651
1.57	10.7764	0.0146651
1.58	10.8427	0.0146651
1.59	10.909	0.0146651
1.6	10.9753	0.0146651
1.61	11.0416	0.0146651
1.62	11.1079	0.0146651
1.63	11.1742	0.0146651
1.64	11.2405	0.0146651
1.65	11.3068	0.0146651
1.66	11.3731	0.0146651
1.67	11.4394	0.0146651
1.68	11.5057	0.0146651
1.69	11.5721	0.0146651
1.7	11.6384	0.0146651
1.71	11.7047	0.0146651
1.72	11.771	0.0146651
1.73	11.8373	0.0146651
1.74	11.9036	0.0146651
1.75	11.9699	0.0146651
1.76	12.0362	0.0146651
1.77	12.1025	0.0146651
1.78	12.1688	0.0146651
1.79	12.2351	0.0146651
1.8	12.3014	0.0146651
1.81	12.3677	0.0146651
1.82	12.434	0.0146651
1.83	12.5003	0.0146651
1.84	12.5666	0.0146651
1.85	12.6329	0.0146651
1.86	12.6992	0.0146651
1.87	12.7655	0.0146651
1.88	12.8318	0.0146651
1.89	12.8981	0.0146651
1.9	12.9644	0.0146651
1.91	13.0307	0.0146651
1.92	13.097	0.0146651
1.93	13.1633	0.0146651
1.94	13.2296	0.0146651
1.95	13.2959	0.0146651
1.96	13.3622	0.0146651
1.97	13.4285	0.0146651
1.98	13.4949	0.0146651
1.99	13.5612	0.0146651
2	13.6275	0.0146651
2.01	13.6938	0.0146651
2.02	13.7601	0.0146651
2.03	13.8264	0.0146651
2.04	13.8927	0.0146651
2.05	13.959	0.0146651
2.06	14.0253	0.0146651
2.07	14.0916	0.0146651
2.08	14.1579	0.0146651
2.09	14.2242	0.0146651
2.1	14.2905	0.0146651
2.11	14.3568	0.0146651
2.12	14.4231	0.0146651
2.13	14.4894	0.0146651
2.14	14.5557	0.0146651
2.15	14.622	0.0146651
2.16	14.6883	0.0146651
2.17	14.7546	0.0146651
2.18	14.8209	0.0146651
2.19	14.8931	0.0159714
2.2	14.9651	0.0159268
2.21	15.0369	0.0158818
2.22	15.1085	0.0158364
2.23	15.1799	0.0157905
2.24	15.2511	0.0157443
2.25	15.3221	0.0156975
2.26	15.3928	0.0156504
2.27	15.4634	0.0156029
2.28	15.5337	0.015555
2.29	15.6038	0.0155067
2.3	15.6737	0.015458
2.31	15.7434	0.0154089
2.32	15.8128	0.0153595
2.33	15.882	0.0153098
2.34	15.951	0.0152597
2.35	16.0198	0.0152092
2.36	16.0883	0.0151585
2.37	16.1566	0.0151074
2.38	16.2247	0.015056
2.39	16.2925	0.0150042
2.4	16.3601	0.0149522
2.41	16.4275	0.0148999
2.42	16.4946	0.0148474
2.43	16.5615	0.0147945
2.44	16.6282	0.0147414
2.45	16.6946	0.014688
2.46	16.7607	0.0146344
2.47	16.8267	0.0145805
2.48	16.8923	0.0145264
2.49	16.9578	0.014472
2.5	17.023	0.0144175
2.51	17.0879	0.0143627
2.52	17.1526	0.0143077
2.53	17.217	0.0142525
2.54	17.2812	0.0141971
2.55	17.3451	0.0141415
2.56	17.4088	0.0140858
2.57	17.4723	0.0140298
2.58	17.5354	0.0139737
2.59	17.5984	0.0139174
2.6	17.661	0.013861
2.61	17.7234	0.0138044
2.62	17.7856	0.0137477
2.63	17.8475	0.0136909
2.64	17.9091	0.0136339
2.65	17.9705	0.0135768
2.66	18.0316	0.0135196
2.67	18.0925	0.0134622
2.68	18.1531	0.0134048
2.69	18.2135	0.0133473
2.7	18.2735	0.0132896
2.71	18.3334	0.0132319
2.72	18.3929	0.0131741
2.73	18.4522	0.0131162
2.74	18.5113	0.0130583
2.75	18.57	0.0130002
2.76	18.6285	0.0129422
2.77	18.6868	0.012884
2.78	18.7448	0.0128258
2.79	18.8025	0.0127676
2.8	18.86	0.0127093
2.81	18.9172	0.012651
2.82	18.9741	0.0125927
2.83	19.0308	0.0125343
2.84	19.0872	0.012476
2.85	19.1433	0.0124176
2.86	19.1992	0.0123592
2.87	19.2548	0.0123008
2.88	19.3102	0.0122424
2.89	19.3653	0.012184
2.9	19.4201	0.0121256
2.91	19.4746	0.0120672
2.92	19.5289	0.0120088
2.93	19.583	0.0119505
2.94	19.6367	0.0118922
2.95	19.6902	0.0118339
2.96	19.7435	0.0117757
2.97	19.7964	0.0117175
2.98	19.8492	0.0116593
2.99	19.9016	0.0116012
3	19.9538	0.0115431
3.01	20.0057	0.0114851
3.02	20.0574	0.0114272
3.03	20.1088	0.0113693
3.04	20.1599	0.0113114
3.05	20.2108	0.0112537
3.06	20.2614	0.011196
3.07	20.3118	0.0111384
3.08	20.3619	0.0110809
3.09	20.4117	0.0110234
3.1	20.4613	0.0109661
3.11	20.5106	0.0109088
3.12	20.5597	0.0108517
3.13	20.6085	0.0107946
3.14	20.657	0.0107376
3.15	20.7053	0.0106807
3.16	20.7534	0.010624
3.17	20.8011	0.0105673
3.18	20.8487	0.0105108
3.19	20.8959	0.0104543
3.2	20.9429	0.010398
3.21	20.9897	0.0103418
3.22	21.0362	0.0102857
3.23	21.0824	0.0102298
3.24	21.1284	0.010174
3.25	21.1742	0.0101183
3.26	21.2197	0.0100627
3.27	21.2649	0.0100073
3.28	21.3099	0.00995201
3.29	21.3547	0.00989686
3.3	21.3992	0.00984186
3.31	21.4434	0.009787
3.32	21.4874	0.00973228
3.33	21.5312	0.00967771
3.34	21.5747	0.0096233
3.35	21.6179	0.00956904
3.36	21.661	0.00951493
3.37	21.7037	0.00946097
3.38	21.7463	0.00940718
3.39	21.7886	0.00935355
3.4	21.8306	0.00930007
3.41	21.8724	0.00924677
3.42	21.914	0.00919362
3.43	21.9553	0.00914065
3.44	21.9964	0.00908784
3.45	22.0372	0.00903521
3.46	22.0778	0.00898274
3.47	22.1182	0.00893045
3.48	22.1584	0.00887834
3.49	22.1983	0.0088264
3.5	22.2379	0.00877464
3.51	22.2774	0.00872306
3.52	22.3166	0.00867165
3.53	22.3556	0.00862043
3.54	22.3943	0.0085694
3.55	22.4328	0.00851854
3.56	22.4711	0.00846788
3.57	22.5092	0.0084174
3.58	22.547	0.0083671
3.59	22.5846	0.008317
3.6	22.622	0.00826709
3.61	22.6591	0.00821736
3.62	22.696	0.00816783
3.63	22.7328	0.00811849
3.64	22.7692	0.00806935
3.65	22.8055	0.00802039
3.66	22.8415	0.00797164
3.67	22.8774	0.00792308
3.68	22.913	0.00787471
3.69	22.9483	0.00782655
3.7	22.9835	0.00777858
3.71	23.0185	0.00773081
3.72	23.0532	0.00768324
3.73	23.0877	0.00763587
3.74	23.122	0.00758871
3.75	23.1561	0.00754174
3.76	23.19	0.00749497
3.77	23.2237	0.00744841
3.78	23.2572	0.00740205
3.79	23.2904	0.0073559
3.8	23.3235	0.00730994
3.81	23.3563	0.0072642
3.82	23.389	0.00721865
3.83	23.4214	0.00717331
3.84	23.4536	0.00712818
3.85	23.4856	0.00708325
3.86	23.5175	0.00703853
3.87	23.5491	0.00699401
3.88	23.5805	0.0069497
3.89	23.6117	0.0069056
3.9	23.6427	0.0068617
3.91	23.6736	0.00681801
3.92	23.7042	0.00677452
3.93	23.7346	0.00673125
3.94	23.7649	0.00668818
3.95	23.7949	0.00664531
3.96	23.8248	0.00660266
3.97	23.8544	0.00656021
3.98	23.8839	0.00651797
3.99	23.9132	0.00647594
4	23.9423	0.00643411
4.01	23.9712	0.00639249
4.02	23.9999	0.00635108
4.03	24.0284	0.00630988
4.04	24.0567	0.00626888
4.05	24.0849	0.00622809
4.06	24.1129	0.00618751
4.07	24.1407	0.00614713
4.08	24.1683	0.00610696
4.09	24.1957	0.006067
4.1	24.223	0.00602724
4.11	24.25	0.00598769
4.12	24.2769	0.00594834
4.13	24.3036	0.0059092
4.14	24.3302	0.00587027
4.15	24.3566	0.00583153
4.16	24.3827	0.00579301
4.17	24.4088	0.00575469
4.18	24.4346	0.00571657
4.19	24.4603	0.00567865
4.2	24.4858	0.00564094
4.21	24.5111	0.00560344
4.22	24.5363	0.00556613
4.23	24.5613	0.00552903
4.24	24.5861	0.00549213
4.25	24.6108	0.00545543
4.26	24.6353	0.00541893
4.27	24.6596	0.00538263
4.28	24.6838	0.00534653
4.29	24.7078	0.00531064
4.3	24.7316	0.00527494
4.31	24.7553	0.00523944
4.32	24.7789	0.00520414
4.33	24.8022	0.00516903
4.34	24.8254	0.00513413
4.35	24.8485	0.00509942
4.36	24.8714	0.0050649
4.37	24.8941	0.00503059
4.38	24.9167	0.00499646
4.39	24.9392	0.00496254
4.4	24.9615	0.0049288
4.41	24.9836	0.00489527
4.42	25.0056	0.00486192
4.43	25.0274	0.00482877
4.44	25.0491	0.0047958
4.45	25.0706	0.00476303
4.46	25.092	0.00473045
4.47	25.1132	0.00469806
4.48	25.1343	0.00466586
4.49	25.1553	0.00463385
4.5	25.1761	0.00460203
4.51	25.1968	0.0045704
4.52	25.2173	0.00453895
4.53	25.2377	0.00450769
4.54	25.2579	0.00447661
4.55	25.278	0.00444572
4.56	25.298	0.00441501
4.57	25.3178	0.00438449
4.58	25.3375	0.00435415
4.59	25.357	0.004324
4.6	25.3764	0.00429402
4.61	25.3957	0.00426423
4.62	25.4149	0.00423461
4.63	25.4339	0.00420518
4.64	25.4527	0.00417593
4.65	25.4715	0.00414685
4.66	25.4901	0.00411795
4.67	25.5086	0.00408923
4.68	25.527	0.00406068
4.69	25.5452	0.00403231
4.7	25.5633	0.00400412
4.71	25.5813	0.0039761
4.72	25.5991	0.00394825
4.73	25.6169	0.00392057
4.74	25.6345	0.00389307
4.75	25.6519	0.00386574
4.76	25.6693	0.00383858
4.77	25.6865	0.00381159
4.78	25.7036	0.00378476
4.79	25.7206	0.00375811
4.8	25.7375	0.00373162
4.81	25.7542	0.0037053
4.82	25.7709	0.00367915
4.83	25.7874	0.00365316
4.84	25.8038	0.00362733
4.85	25.8201	0.00360167
4.86	25.8362	0.00357617
4.87	25.8523	0.00355084
4.88	25.8682	0.00352567
4.89	25.8841	0.00350065
4.9	25.8998	0.0034758
4.91	25.9154	0.00345111
4.92	25.9309	0.00342657
4.93	25.9463	0.00340219
4.94	25.9615	0.00337797
4.95	25.9767	0.00335391
4.96	25.9918	0.00333
4.97	26.0067	0.00330624
4.98	26.0215	0.00328264
4.99	26.0363	0.0032592
5	26.0509	0.0032359
5.01	26.0654	0.00321276
5.02	26.0799	0.00318977
5.03	26.0942	0.00316692
5.04	26.1084	0.00314423
5.05	26.1225	0.00312169
5.06	26.1365	0.00309929
5.07	26.1504	0.00307704
5.08	26.1642	0.00305494
5.09	26.1779	0.00303298
5.1	26.1916	0.00301117
5.11	26.2051	0.0029895
5.12	26.2185	0.00296798
5.13	26.2318	0.00294659
5.14	26.245	0.00292535
5.15	26.2582	0.00290425
5.16	26.2712	0.00288329
5.17	26.2842	0.00286248
5.18	26.297	0.00284179
5.19	26.3098	0.00282125
5.2	26.3224	0.00280085
5.21	26.335	0.00278058
5.22	26.3475	0.00276044
5.23	26.3599	0.00274045
5.24	26.3722	0.00272058
5.25	26.3844	0.00270085
5.26	26.3965	0.00268126
5.27	26.4085	0.00266179
5.28	26.4205	0.00264246
5.29	26.4323	0.00262325
5.3	26.4441	0.00260418
5.31	26.4558	0.00258524
5.32	26.4674	0.00256642
5.33	26.4789	0.00254773
5.34	26.4904	0.00252917
5.35	26.5017	0.00251074
5.36	26.513	0.00249243
5.37	26.5242	0.00247425
5.38	26.5353	0.00245619
5.39	26.5463	0.00243825
5.4	26.5572	0.00242044
5.41	26.5681	0.00240274
5.42	26.5789	0.00238517
5.43	26.5896	0.00236772
5.44	26.6002	0.00235039
5.45	26.6108	0.00233318
5.46	26.6212	0.00231609
5.47	26.6316	0.00229912
5.48	26.6419	0.00228226
5.49	26.6522	0.00226552
5.5	26.6624	0.00224889
5.51	26.6724	0.00223238
5.52	26.6825	0.00221598
5.53	26.6924	0.0021997
5.54	26.7023	0.00218353
5.55	26.7121	0.00216747
5.56	26.7218	0.00215153
5.57	26.7315	0.00213569
5.58	26.7411	0.00211997
5.59	26.7506	0.00210435
5.6	26.76	0.00208885
5.61	26.7694	0.00207345
5.62	26.7787	0.00205816
5.63	26.7879	0.00204297
5.64	26.7971	0.00202789
5.65	26.8062	0.00201292
5.66	26.8152	0.00199806
5.67	26.8242	0.00198329
5.68	26.8331	0.00196863
5.69	26.8419	0.00195408
5.7	26.8507	0.00193962
5.71	26.8594	0.00192527
5.72	26.868	0.00191102
5.73	26.8766	0.00189687
5.74	26.8851	0.00188282
5.75	26.8936	0.00186887
5.76	26.902	0.00185501
5.77	26.9103	0.00184126
5.78	26.9186	0.0018276
5.79	26.9268	0.00181404
5.8	26.9349	0.00180058
5.81	26.943	0.00178721
5.82	26.951	0.00177393
5.83	26.959	0.00176075
5.84	26.9669	0.00174766
5.85	26.9747	0.00173467
5.86	26.9825	0.00172177
5.87	26.9902	0.00170896
5.88	26.9979	0.00169624
5.89	27.0055	0.00168361
5.9	27.0131	0.00167108
5.91	27.0206	0.00165863
5.92	27.028	0.00164627
5.93	27.0354	0.001634
5.94	27.0427	0.00162182
5.95	27.05	0.00160972
5.96	27.0572	0.00159771
5.97	27.0644	0.00158579
5.98	27.0715	0.00157395
5.99	27.0786	0.0015622
6	27.0856	0.00155053
6.01	27.0925	0.00153895
6.02	27.0994	0.00152745
6.03	27.1063	0.00151603
6.04	27.1131	0.00150469
6.05	27.1198	0.00149344
6.06	27.1265	0.00148227
6.07	27.1332	0.00147118
6.08	27.1398	0.00146016
6.09	27.1464	0.00144923
6.1	27.1529	0.00143838
6.11	27.1593	0.0014276
6.12	27.1657	0.0014169
6.13	27.1721	0.00140628
6.14	27.1784	0.00139574
6.15	27.1847	0.00138527
6.16	27.1909	0.00137488
6.17	27.197	0.00136457
6.18	27.2032	0.00135433
6.19	27.2092	0.00134416
6.2	27.2153	0.00133407
6.21	27.2213	0.00132405
6.22	27.2272	0.0013141
6.23	27.2331	0.00130423
6.24	27.2389	0.00129443
6.25	27.2448	0.0012847
6.26	27.2505	0.00127504
6.27	27.2562	0.00126545
6.28	27.2619	0.00125593
6.29	27.2676	0.00124648
6.3	27.2731	0.0012371
6.31	27.2787	0.00122778
6.32	27.2842	0.00121854
6.33	27.2897	0.00120936
6.34	27.2951	0.00120025
6.35	27.3005	0.00119121
6.36	27.3058	0.00118223
6.37	27.3111	0.00117332
6.38	27.3164	0.00116447
6.39	27.3216	0.00115569
6.4	27.3268	0.00114698
6.41	27.332	0.00113832
6.42	27.3371	0.00112974
6.43	27.3421	0.00112121
6.44	27.3472	0.00111275
6.45	27.3522	0.00110434
6.46	27.3571	0.001096
6.47	27.362	0.00108773
6.48	27.3669	0.00107951
6.49	27.3718	0.00107135
6.5	27.3766	0.00106326
6.51	27.3813	0.00105522
6.52	27.3861	0.00104724
6.53	27.3908	0.00103932
6.54	27.3954	0.00103146
6.55	27.4001	0.00102366
6.56	27.4047	0.00101591
6.57	27.4092	0.00100823
6.58	27.4137	0.0010006
6.59	27.4182	0.000993021
6.6	27.4227	0.000985502
6.61	27.4271	0.000978039
6.62	27.4315	0.000970632
6.63	27.4358	0.000963279
6.64	27.4402	0.00095598
6.65	27.4445	0.000948736
6.66	27.4487	0.000941545
6.67	27.4529	0.000934408
6.68	27.4571	0.000927323
6.69	27.4613	0.000920291
6.7	27.4654	0.000913311
6.71	27.4695	0.000906383
6.72	27.4736	0.000899507
6.73	27.4776	0.000892681
6.74	27.4816	0.000885907
6.75	27.4856	0.000879182
6.76	27.4895	0.000872508
6.77	27.4935	0.000865883
6.78	27.4973	0.000859307
6.79	27.5012	0.000852781
6.8	27.505	0.000846303
6.81	27.5088	0.000839873
6.82	27.5126	0.000833491
6.83	27.5163	0.000827157
6.84	27.52	0.00082087
6.85	27.5237	0.00081463
6.86	27.5274	0.000808436
6.87	27.531	0.000802288
6.88	27.5346	0.000796187
6.89	27.5382	0.000790131
6.9	27.5417	0.00078412
6.91	27.5452	0.000778154
6.92	27.5487	0.000772233
6.93	27.5522	0.000766356
6.94	27.5556	0.000760522
6.95	27.5591	0.000754733
6.96	27.5624	0.000748987
6.97	27.5658	0.000743283
6.98	27.5691	0.000737623
6.99	27.5724	0.000732004
7	27.5757	0.000726428
7.01	27.579	0.000720894
7.02	27.5822	0.000715401
7.03	27.5854	0.000709949
7.04	27.5886	0.000704538
7.05	27.5918	0.000699168
7.06	27.5949	0.000693838
7.07	27.598	0.000688548
7.08	27.6011	0.000683298
7.09	27.6042	0.000678087
7.1	27.6072	0.000672915
7.11	27.6102	0.000667782
7.12	27.6132	0.000662687
7.13	27.6162	0.000657631
7.14	27.6192	0.000652613
7.15	27.6221	0.000647632
7.16	27.625	0.000642689
7.17	27.6279	0.000637783
7.18	27.6307	0.000632914
7.19	27.6336	0.000628082
7.2	27.6364	0.000623286
7.21	27.6392	0.000618526
7.22	27.642	0.000613802
7.23	27.6447	0.000609114
7.24	27.6475	0.000604461
7.25	27.6502	0.000599842
7.26	27.6529	0.000595259
7.27	27.6555	0.00059071
7.28	27.6582	0.000586196
7.29	27.6608	0.000581715
7.3	27.6634	0.000577269
7.31	27.666	0.000572856
7.32	27.6686	0.000568476
7.33	27.6711	0.000564129
7.34	27.6737	0.000559815
7.35	27.6762	0.000555534
7.36	27.6787	0.000551285
7.37	27.6811	0.000547068
7.38	27.6836	0.000542883
7.39	27.686	0.000538729
7.4	27.6884	0.000534607
7.41	27.6908	0.000530516
7.42	27.6932	0.000526456
7.43	27.6956	0.000522427
7.44	27.6979	0.000518428
7.45	27.7003	0.000514459
7.46	27.7026	0.00051052
7.47	27.7049	0.000506612
7.48	27.7071	0.000502732
7.49	27.7094	0.000498883
7.5	27.7116	0.000495062
7.51	27.7138	0.00049127
7.52	27.7161	0.000487507
7.53	27.7182	0.000483773
7.54	27.7204	0.000480066
7.55	27.7226	0.000476388
7.56	27.7247	0.000472738
7.57	27.7268	0.000469115
7.58	27.7289	0.00046552
7.59	27.731	0.000461952
7.6	27.7331	0.000458411
7.61	27.7351	0.000454897
7.62	27.7372	0.00045141
7.63	27.7392	0.000447949
7.64	27.7412	0.000444514
7.65	27.7432	0.000441106
7.66	27.7452	0.000437723
7.67	27.7472	0.000434366
7.68	27.7491	0.000431035
7.69	27.751	0.000427729
7.7	27.753	0.000424448
7.71	27.7549	0.000421191
7.72	27.7568	0.00041796
7.73	27.7586	0.000414753
7.74	27.7605	0.000411571
7.75	27.7623	0.000408412
7.76	27.7642	0.000405278
7.77	27.766	0.000402168
7.78	27.7678	0.000399081
7.79	27.7696	0.000396018
7.8	27.7714	0.000392978
7.81	27.7731	0.000389961
7.82	27.7749	0.000386967
7.83	27.7766	0.000383996
7.84	27.7783	0.000381047
7.85	27.78	0.000378121
7.86	27.7817	0.000375217
7.87	27.7834	0.000372336
7.88	27.7851	0.000369476
7.89	27.7867	0.000366638
7.9	27.7884	0.000363822
7.91	27.79	0.000361027
7.92	27.7916	0.000358253
7.93	27.7932	0.000355501
7.94	27.7948	0.000352769
7.95	27.7964	0.000350058
7.96	27.798	0.000347368
7.97	27.7996	0.000344699
7.98	27.8011	0.00034205
7.99	27.8026	0.000339421
8	27.8042	0.000336812
8.01	27.8057	0.000334223
8.02	27.8072	0.000331654
8.03	27.8087	0.000329104
8.04	27.8101	0.000326574
8.05	27.8116	0.000324063
8.06	27.8131	0.000321571
8.07	27.8145	0.000319099
8.08	27.8159	0.000316645
8.09	27.8173	0.00031421
8.1	27.8188	0.000311793
8.11	27.8202	0.000309395
8.12	27.8215	0.000307016
8.13	27.8229	0.000304654
8.14	27.8243	0.000302311
8.15	27.8256	0.000299985
8.16	27.827	0.000297677
8.17	27.8283	0.000295387
8.18	27.8297	0.000293114
8.19	27.831	0.000290859
8.2	27.8323	0.000288621
8.21	27.8336	0.0002864
8.22	27.8349	0.000284196
8.23	27.8361	0.000282009
8.24	27.8374	0.000279839
8.25	27.8386	0.000277685
8.26	27.8399	0.000275547
8.27	27.8411	0.000273427
8.28	27.8424	0.000271322
8.29	27.8436	0.000269233
8.3	27.8448	0.00026716
8.31	27.846	0.000265104
8.32	27.8472	0.000263063
8.33	27.8483	0.000261037
8.34	27.8495	0.000259027
8.35	27.8507	0.000257033
8.36	27.8518	0.000255053
8.37	27.853	0.000253089
8.38	27.8541	0.00025114
8.39	27.8552	0.000249206
8.4	27.8564	0.000247287
8.41	27.8575	0.000245382
8.42	27.8586	0.000243492
8.43	27.8597	0.000241616
8.44	27.8607	0.000239755
8.45	27.8618	0.000237908
8.46	27.8629	0.000236075
8.47	27.8639	0.000234257
8.48	27.865	0.000232452
8.49	27.866	0.000230661
8.5	27.8671	0.000228883
8.51	27.8681	0.00022712
8.52	27.8691	0.00022537
8.53	27.8701	0.000223633
8.54	27.8711	0.00022191
8.55	27.8721	0.000220199
8.56	27.8731	0.000218502
8.57	27.8741	0.000216818
8.58	27.8751	0.000215147
8.59	27.876	0.000213489
8.6	27.877	0.000211843
8.61	27.8779	0.00021021
8.62	27.8789	0.00020859
8.63	27.8798	0.000206982
8.64	27.8808	0.000205386
8.65	27.8817	0.000203803
8.66	27.8826	0.000202232
8.67	27.8835	0.000200672
8.68	27.8844	0.000199125
8.69	27.8853	0.00019759
8.7	27.8862	0.000196066
8.71	27.8871	0.000194554
8.72	27.8879	0.000193054
8.73	27.8888	0.000191565
8.74	27.8897	0.000190088
8.75	27.8905	0.000188622
8.76	27.8914	0.000187167
8.77	27.8922	0.000185724
8.78	27.893	0.000184291
8.79	27.8939	0.00018287
8.8	27.8947	0.000181459
8.81	27.8955	0.00018006
8.82	27.8963	0.000178671
8.83	27.8971	0.000177292
8.84	27.8979	0.000175925
8.85	27.8987	0.000174568
8.86	27.8995	0.000173221
8.87	27.9002	0.000171884
8.88	27.901	0.000170558
8.89	27.9018	0.000169242
8.9	27.9025	0.000167937
8.91	27.9033	0.000166641
8.92	27.904	0.000165355
8.93	27.9048	0.000164079
8.94	27.9055	0.000162813
8.95	27.9062	0.000161557
8.96	27.907	0.00016031
8.97	27.9077	0.000159073
8.98	27.9084	0.000157845
8.99	27.9091	0.000156627
9	27.9098	0.000155418
9.01	27.9105	0.000154218
9.02	27.9112	0.000153028
9.03	27.9119	0.000151847
9.04	27.9126	0.000150675
9.05	27.9132	0.000149512
9.06	27.9139	0.000148358
9.07	27.9146	0.000147213
9.08	27.9152	0.000146076
9.09	27.9159	0.000144949
9.1	27.9166	0.00014383
9.11	27.9172	0.000142719
9.12	27.9178	0.000141617
9.13	27.9185	0.000140524
9.14	27.9191	0.000139439
9.15	27.9197	0.000138363
9.16	27.9203	0.000137294
9.17	27.921	0.000136234
9.18	27.9216	0.000135182
9.19	27.9222	0.000134138
9.2	27.9228	0.000133103
9.21	27.9234	0.000132075
9.22	27.924	0.000131055
9.23	27.9246	0.000130043
9.24	27.9251	0.000129039
9.25	27.9257	0.000128042
9.26	27.9263	0.000127053
9.27	27.9269	0.000126072
9.28	27.9274	0.000125098
9.29	27.928	0.000124132
9.3	27.9286	0.000123174
9.31	27.9291	0.000122222
9.32	27.9297	0.000121278
9.33	27.9302	0.000120341
9.34	27.9307	0.000119412
9.35	27.9313	0.00011849
9.36	27.9318	0.000117574
9.37	27.9323	0.000116666
9.38	27.9329	0.000115765
9.39	27.9334	0.000114871
9.4	27.9339	0.000113983
9.41	27.9344	0.000113103
9.42	27.9349	0.000112229
9.43	27.9354	0.000111362
9.44	27.9359	0.000110502
9.45	27.9364	0.000109648
9.46	27.9369	0.000108801
9.47	27.9374	0.00010796
9.48	27.9379	0.000107126
9.49	27.9384	0.000106298
9.5	27.9388	0.000105477
9.51	27.9393	0.000104662
9.52	27.9398	0.000103853
9.53	27.9402	0.000103051
9.54	27.9407	0.000102255
9.55	27.9412	0.000101464
9.56	27.9416	0.00010068
9.57	27.9421	9.99023e-05
9.58	27.9425	9.91303e-05
9.59	27.943	9.83643e-05
9.6	27.9434	9.76041e-05
9.61	27.9438	9.68498e-05
9.62	27.9443	9.61014e-05
9.63	27.9447	9.53587e-05
9.64	27.9451	9.46217e-05
9.65	27.9456	9.38904e-05
9.66	27.946	9.31648e-05
9.67	27.9464	9.24447e-05
9.68	27.9468	9.17302e-05
9.69	27.9472	9.10213e-05
9.7	27.9476	9.03177e-05
9.71	27.948	8.96197e-05
9.72	27.9484	8.89269e-05
9.73	27.9488	8.82396e-05
9.74	27.9492	8.75575e-05
9.75	27.9496	8.68807e-05
9.76	27.95	8.62092e-05
9.77	27.9504	8.55428e-05
9.78	27.9508	8.48815e-05
9.79	27.9512	8.42254e-05
9.8	27.9515	8.35743e-05
9.81	27.9519	8.29282e-05
9.82	27.9523	8.22871e-05
9.83	27.9527	8.1651e-05
9.84	27.953	8.10198e-05
9.85	27.9534	8.03934e-05
9.86	27.9538	7.97719e-05
9.87	27.9541	7.91552e-05
9.88	27.9545	7.85432e-05
9.89	27.9548	7.7936e-05
9.9	27.9552	7.73334e-05
9.91	27.9555	7.67355e-05
9.92	27.9559	7.61423e-05
9.93	27.9562	7.55535e-05
9.94	27.9565	7.49694e-05
9.95	27.9569	7.43897e-05
9.96	27.9572	7.38145e-05
9.97	27.9575	7.32438e-05
9.98	27.9579	7.26775e-05
9.99	27.9582	7.21155e-05
10	27.9585	7.15579e-05
10.01	27.9588	7.10046e-05
10.02	27.9592	7.04555e-05
10.03	27.9595	6.99107e-05
10.04	27.9598	6.93701e-05
10.05	27.9601	6.88337e-05
10.06	27.9604	6.83014e-05
10.07	27.9607	6.77732e-05
10.08	27.961	6.72491e-05
10.09	27.9613	6.67291e-05
10.1	27.9616	6.6213e-05
10.11	27.9619	6.5701e-05
10.12	27.9622	6.51929e-05
10.13	27.9625	6.46887e-05
10.14	27.9628	6.41884e-05
10.15	27.9631	6.3692e-05
10.16	27.9634	6.31994e-05
10.17	27.9636	6.27107e-05
10.18	27.9639	6.22257e-05
10.19	27.9642	6.17444e-05
10.2	27.9645	6.12669e-05
10.21	27.9648	6.0793e-05
10.22	27.965	6.03228e-05
10.23	27.9653	5.98562e-05
10.24	27.9656	5.93933e-05
10.25	27.9658	5.89339e-05
10.26	27.9661	5.84781e-05
10.27	27.9664	5.80258e-05
10.28	27.9666	5.75769e-05
10.29	27.9669	5.71316e-05
10.3	27.9671	5.66897e-05
10.31	27.9674	5.62512e-05
10.32	27.9676	5.58161e-05
10.33	27.9679	5.53843e-05
10.34	27.9681	5.49559e-05
10.35	27.9684	5.45308e-05
10.36	27.9686	5.4109e-05
10.37	27.9689	5.36905e-05
10.38	27.9691	5.32751e-05
10.39	27.9694	5.2863e-05
10.4	27.9696	5.24541e-05
10.41	27.9698	5.20483e-05
10.42	27.9701	5.16457e-05
10.43	27.9703	5.12461e-05
10.44	27.9705	5.08497e-05
10.45	27.9708	5.04563e-05
10.46	27.971	5.0066e-05
10.47	27.9712	4.96787e-05
10.48	27.9714	4.92944e-05
10.49	27.9717	4.8913e-05
10.5	27.9719	4.85346e-05
10.51	27.9721	4.81591e-05
10.52	27.9723	4.77865e-05
10.53	27.9725	4.74168e-05
10.54	27.9727	4.705e-05
10.55	27.9729	4.6686e-05
10.56	27.9732	4.63248e-05
10.57	27.9734	4.59664e-05
10.58	27.9736	4.56107e-05
10.59	27.9738	4.52578e-05
10.6	27.974	4.49077e-05
10.61	27.9742	4.45602e-05
10.62	27.9744	4.42155e-05
10.63	27.9746	4.38734e-05
10.64	27.9748	4.35339e-05
10.65	27.975	4.31971e-05
10.66	27.9752	4.28628e-05
10.67	27.9754	4.25312e-05
10.68	27.9755	4.22021e-05
10.69	27.9757	4.18756e-05
10.7	27.9759	4.15516e-05
10.71	27.9761	4.123e-05
10.72	27.9763	4.0911e-05
10.73	27.9765	4.05945e-05
10.74	27.9767	4.02804e-05
10.75	27.9768	3.99687e-05
10.76	27.977	3.96594e-05
10.77	27.9772	3.93525e-05
10.78	27.9774	3.9048e-05
10.79	27.9775	3.87459e-05
10.8	27.9777	3.8446e-05
10.81	27.9779	3.81485e-05
10.82	27.9781	3.78533e-05
10.83	27.9782	3.75604e-05
10.84	27.9784	3.72698e-05
10.85	27.9786	3.69814e-05
10.86	27.9787	3.66952e-05
10.87	27.9789	3.64112e-05
10.88	27.9791	3.61294e-05
10.89	27.9792	3.58499e-05
10.9	27.9794	3.55724e-05
10.91	27.9795	3.52971e-05
10.92	27.9797	3.5024e-05
10.93	27.9799	3.4753e-05
10.94	27.98	3.4484e-05
10.95	27.9802	3.42171e-05
10.96	27.9803	3.39523e-05
10.97	27.9805	3.36896e-05
10.98	27.9806	3.34289e-05
10.99	27.9808	3.31702e-05
11	27.9809	3.29134e-05
11.01	27.9811	3.26587e-05
11.02	27.9812	3.2406e-05
11.03	27.9814	3.21552e-05
11.04	27.9815	3.19063e-05
11.05	27.9817	3.16594e-05
11.06	27.9818	3.14144e-05
11.07	27.9819	3.11712e-05
11.08	27.9821	3.093e-05
11.09	27.9822	3.06906e-05
11.1	27.9824	3.04531e-05
11.11	27.9825	3.02174e-05
11.12	27.9826	2.99835e-05
11.13	27.9828	2.97515e-05
11.14	27.9829	2.95212e-05
11.15	27.983	2.92927e-05
11.16	27.9832	2.9066e-05
11.17	27.9833	2.8841e-05
11.18	27.9834	2.86178e-05
11.19	27.9835	2.83963e-05
11.2	27.9837	2.81765e-05
11.21	27.9838	2.79584e-05
11.22	27.9839	2.77421e-05
11.23	27.984	2.75273e-05
11.24	27.9842	2.73143e-05
11.25	27.9843	2.71029e-05
11.26	27.9844	2.68931e-05
11.27	27.9845	2.66849e-05
11.28	27.9847	2.64784e-05
11.29	27.9848	2.62734e-05
11.3	27.9849	2.60701e-05
11.31	27.985	2.58683e-05
11.32	27.9851	2.5668e-05
11.33	27.9852	2.54694e-05
11.34	27.9854	2.52722e-05
11.35	27.9855	2.50766e-05
11.36	27.9856	2.48825e-05
11.37	27.9857	2.46899e-05
11.38	27.9858	2.44988e-05
11.39	27.9859	2.43092e-05
11.4	27.986	2.4121e-05
11.41	27.9861	2.39343e-05
11.42	27.9862	2.3749e-05
11.43	27.9863	2.35652e-05
11.44	27.9865	2.33828e-05
11.45	27.9866	2.32018e-05
11.46	27.9867	2.30222e-05
11.47	27.9868	2.2844e-05
11.48	27.9869	2.26671e-05
11.49	27.987	2.24917e-05
11.5	27.9871	2.23176e-05
11.51	27.9872	2.21448e-05
11.52	27.9873	2.19734e-05
11.53	27.9874	2.18033e-05
11.54	27.9875	2.16345e-05
11.55	27.9876	2.1467e-05
11.56	27.9877	2.13009e-05
11.57	27.9878	2.1136e-05
11.58	27.9878	2.09723e-05
11.59	27.9879	2.081e-05
11.6	27.988	2.06489e-05
11.61	27.9881	2.04891e-05
11.62	27.9882	2.03304e-05
11.63	27.9883	2.01731e-05
11.64	27.9884	2.00169e-05
11.65	27.9885	1.98619e-05
11.66	27.9886	1.97082e-05
11.67	27.9887	1.95556e-05
11.68	27.9888	1.94042e-05
11.69	27.9888	1.9254e-05
11.7	27.9889	1.9105e-05
11.71	27.989	1.89571e-05
11.72	27.9891	1.88103e-05
11.73	27.9892	1.86647e-05
11.74	27.9893	1.85202e-05
11.75	27.9894	1.83768e-05
11.76	27.9894	1.82345e-05
11.77	27.9895	1.80934e-05
11.78	27.9896	1.79533e-05
11.79	27.9897	1.78143e-05
11.8	27.9898	1.76764e-05
11.81	27.9898	1.75396e-05
11.82	27.9899	1.74038e-05
11.83	27.99	1.7269e-05
11.84	27.9901	1.71353e-05
11.85	27.9901	1.70027e-05
11.86	27.9902	1.68711e-05
11.87	27.9903	1.67404e-05
11.88	27.9904	1.66108e-05
11.89	27.9905	1.64822e-05
11.9	27.9905	1.63546e-05
11.91	27.9906	1.6228e-05
11.92	27.9907	1.61024e-05
11.93	27.9907	1.59777e-05
11.94	27.9908	1.5854e-05
11.95	27.9909	1.57313e-05
11.96	27.991	1.56095e-05
11.97	27.991	1.54886e-05
11.98	27.9911	1.53687e-05
11.99	27.9912	1.52497e-05
12	27.9912	1.51317e-05
12.01	27.9913	1.50145e-05
12.02	27.9914	1.48983e-05
12.03	27.9914	1.47829e-05
12.04	27.9915	1.46685e-05
12.05	27.9916	1.45549e-05
12.06	27.9916	1.44422e-05
12.07	27.9917	1.43304e-05
12.08	27.9918	1.42195e-05
12.09	27.9918	1.41094e-05
12.1	27.9919	1.40001e-05
12.11	27.992	1.38917e-05
12.12	27.992	1.37842e-05
12.13	27.9921	1.36775e-05
12.14	27.9921	1.35716e-05
12.15	27.9922	1.34665e-05
12.16	27.9923	1.33622e-05
12.17	27.9923	1.32588e-05
12.18	27.9924	1.31561e-05
12.19	27.9924	1.30542e-05
12.2	27.9925	1.29532e-05
12.21	27.9926	1.28529e-05
12.22	27.9926	1.27534e-05
12.23	27.9927	1.26546e-05
12.24	27.9927	1.25566e-05
12.25	27.9928	1.24594e-05
12.26	27.9928	1.2363e-05
12.27	27.9929	1.22672e-05
12.28	27.9929	1.21723e-05
12.29	27.993	1.2078e-05
12.3	27.9931	1.19845e-05
12.31	27.9931	1.18917e-05
12.32	27.9932	1.17996e-05
12.33	27.9932	1.17083e-05
12.34	27.9933	1.16176e-05
12.35	27.9933	1.15277e-05
12.36	27.9934	1.14384e-05
12.37	27.9934	1.13498e-05
12.38	27.9935	1.1262e-05
12.39	27.9935	1.11748e-05
12.4	27.9936	1.10882e-05
12.41	27.9936	1.10024e-05
12.42	27.9937	1.09172e-05
12.43	27.9937	1.08327e-05
12.44	27.9938	1.07488e-05
12.45	27.9938	1.06656e-05
12.46	27.9939	1.0583e-05
12.47	27.9939	1.0501e-05
12.48	27.994	1.04197e-05
12.49	27.994	1.0339e-05
12.5	27.9941	1.0259e-05
12.51	27.9941	1.01796e-05
12.52	27.9941	1.01007e-05
12.53	27.9942	1.00225e-05
12.54	27.9942	9.94492e-06
12.55	27.9943	9.86792e-06
12.56	27.9943	9.79151e-06
12.57	27.9944	9.7157e-06
12.58	27.9944	9.64047e-06
12.59	27.9945	9.56582e-06
12.6	27.9945	9.49175e-06
12.61	27.9945	9.41825e-06
12.62	27.9946	9.34533e-06
12.63	27.9946	9.27297e-06
12.64	27.9947	9.20116e-06
12.65	27.9947	9.12992e-06
12.66	27.9948	9.05922e-06
12.67	27.9948	8.98908e-06
12.68	27.9948	8.91947e-06
12.69	27.9949	8.85041e-06
12.7	27.9949	8.78188e-06
12.71	27.995	8.71388e-06
12.72	27.995	8.6464e-06
12.73	27.995	8.57945e-06
12.74	27.9951	8.51302e-06
12.75	27.9951	8.4471e-06
12.76	27.9951	8.38169e-06
12.77	27.9952	8.31679e-06
12.78	27.9952	8.25239e-06
12.79	27.9953	8.18849e-06
12.8	27.9953	8.12508e-06
12.81	27.9953	8.06217e-06
12.82	27.9954	7.99974e-06
12.83	27.9954	7.93779e-06
12.84	27.9954	7.87633e-06
12.85	27.9955	7.81534e-06
12.86	27.9955	7.75482e-06
12.87	27.9955	7.69477e-06
12.88	27.9956	7.63519e-06
12.89	27.9956	7.57607e-06
12.9	27.9956	7.5174e-06
12.91	27.9957	7.45919e-06
12.92	27.9957	7.40143e-06
12.93	27.9957	7.34412e-06
12.94	27.9958	7.28725e-06
12.95	27.9958	7.23082e-06
12.96	27.9958	7.17483e-06
12.97	27.9959	7.11927e-06
12.98	27.9959	7.06414e-06
12.99	27.9959	7.00944e-06
13	27.996	6.95516e-06
13.01	27.996	6.90131e-06
13.02	27.996	6.84787e-06
13.03	27.9961	6.79484e-06
13.04	27.9961	6.74222e-06
13.05	27.9961	6.69001e-06
13.06	27.9962	6.63821e-06
13.07	27.9962	6.58681e-06
13.08	27.9962	6.5358e-06
13.09	27.9962	6.48519e-06
13.1	27.9963	6.43497e-06
13.11	27.9963	6.38514e-06
13.12	27.9963	6.3357e-06
13.13	27.9964	6.28663e-06
13.14	27.9964	6.23795e-06
13.15	27.9964	6.18965e-06
13.16	27.9964	6.14172e-06
13.17	27.9965	6.09416e-06
13.18	27.9965	6.04697e-06
13.19	27.9965	6.00014e-06
13.2	27.9966	5.95368e-06
13.21	27.9966	5.90757e-06
13.22	27.9966	5.86183e-06
13.23	27.9966	5.81644e-06
13.24	27.9967	5.77139e-06
13.25	27.9967	5.7267e-06
13.26	27.9967	5.68236e-06
13.27	27.9967	5.63835e-06
13.28	27.9968	5.59469e-06
13.29	27.9968	5.55137e-06
13.3	27.9968	5.50838e-06
13.31	27.9968	5.46572e-06
13.32	27.9969	5.4234e-06
13.33	27.9969	5.3814e-06
13.34	27.9969	5.33973e-06
13.35	27.9969	5.29838e-06
13.36	27.997	5.25735e-06
13.37	27.997	5.21664e-06
13.38	27.997	5.17624e-06
13.39	27.997	5.13615e-06
13.4	27.997	5.09638e-06
13.41	27.9971	5.05692e-06
13.42	27.9971	5.01776e-06
13.43	27.9971	4.9789e-06
13.44	27.9971	4.94034e-06
13.45	27.9972	4.90209e-06
13.46	27.9972	4.86412e-06
13.47	27.9972	4.82646e-06
13.48	27.9972	4.78908e-06
13.49	27.9972	4.75199e-06
13.5	27.9973	4.7152e-06
13.51	27.9973	4.67868e-06
13.52	27.9973	4.64245e-06
13.53	27.9973	4.6065e-06
13.54	27.9974	4.57083e-06
13.55	27.9974	4.53543e-06
13.56	27.9974	4.50031e-06
13.57	27.9974	4.46546e-06
13.58	27.9974	4.43088e-06
13.59	27.9975	4.39657e-06
13.6	27.9975	4.36252e-06
13.61	27.9975	4.32874e-06
13.62	27.9975	4.29521e-06
13.63	27.9975	4.26195e-06
13.64	27.9976	4.22895e-06
13.65	27.9976	4.1962e-06
13.66	27.9976	4.1637e-06
13.67	27.9976	4.13146e-06
13.68	27.9976	4.09946e-06
13.69	27.9976	4.06772e-06
13.7	27.9977	4.03622e-06
13.71	27.9977	4.00496e-06
13.72	27.9977	3.97395e-06
13.73	27.9977	3.94317e-06
13.74	27.9977	3.91264e-06
13.75	27.9978	3.88234e-06
13.76	27.9978	3.85227e-06
13.77	27.9978	3.82244e-06
13.78	27.9978	3.79284e-06
13.79	27.9978	3.76347e-06
13.8	27.9978	3.73432e-06
13.81	27.9979	3.7054e-06
13.82	27.9979	3.67671e-06
13.83	27.9979	3.64823e-06
13.84	27.9979	3.61998e-06
13.85	27.9979	3.59195e-06
13.86	27.9979	3.56413e-06
13.87	27.998	3.53653e-06
13.88	27.998	3.50914e-06
13.89	27.998	3.48197e-06
13.9	27.998	3.455e-06
13.91	27.998	3.42825e-06
13.92	27.998	3.4017e-06
13.93	27.998	3.37536e-06
13.94	27.9981	3.34922e-06
13.95	27.9981	3.32328e-06
13.96	27.9981	3.29754e-06
13.97	27.9981	3.27201e-06
13.98	27.9981	3.24667e-06
13.99	27.9981	3.22152e-06
14	27.9981	3.19658e-06
14.01	27.9982	3.17182e-06
14.02	27.9982	3.14726e-06
14.03	27.9982	3.12289e-06
14.04	27.9982	3.0987e-06
14.05	27.9982	3.0747e-06
14.06	27.9982	3.05089e-06
14.07	27.9982	3.02727e-06
14.08	27.9983	3.00382e-06
14.09	27.9983	2.98056e-06
14.1	27.9983	2.95748e-06
14.11	27.9983	2.93457e-06
14.12	27.9983	2.91185e-06
14.13	27.9983	2.8893e-06
14.14	27.9983	2.86692e-06
14.15	27.9984	2.84472e-06
14.16	27.9984	2.82269e-06
14.17	27.9984	2.80083e-06
14.18	27.9984	2.77914e-06
14.19	27.9984	2.75762e-06
14.2	27.9984	2.73626e-06
14.21	27.9984	2.71507e-06
14.22	27.9984	2.69405e-06
14.23	27.9985	2.67318e-06
14.24	27.9985	2.65248e-06
14.25	27.9985	2.63194e-06
14.26	27.9985	2.61156e-06
14.27	27.9985	2.59133e-06
14.28	27.9985	2.57126e-06
14.29	27.9985	2.55135e-06
14.3	27.9985	2.53159e-06
14.31	27.9985	2.51199e-06
14.32	27.9986	2.49253e-06
14.33	27.9986	2.47323e-06
14.34	27.9986	2.45408e-06
14.35	27.9986	2.43507e-06
14.36	27.9986	2.41621e-06
14.37	27.9986	2.3975e-06
14.38	27.9986	2.37894e-06
14.39	27.9986	2.36051e-06
14.4	27.9986	2.34223e-06
14.41	27.9987	2.32409e-06
14.42	27.9987	2.30609e-06
14.43	27.9987	2.28824e-06
14.44	27.9987	2.27051e-06
14.45	27.9987	2.25293e-06
14.46	27.9987	2.23548e-06
14.47	27.9987	2.21817e-06
14.48	27.9987	2.20099e-06
14.49	27.9987	2.18395e-06
14.5	27.9987	2.16703e-06
14.51	27.9988	2.15025e-06
14.52	27.9988	2.1336e-06
14.53	27.9988	2.11708e-06
14.54	27.9988	2.10068e-06
14.55	27.9988	2.08441e-06
14.56	27.9988	2.06827e-06
14.57	27.9988	2.05225e-06
14.58	27.9988	2.03636e-06
14.59	27.9988	2.02059e-06
14.6	27.9988	2.00494e-06
14.61	27.9988	1.98941e-06
14.62	27.9989	1.97401e-06
14.63	27.9989	1.95872e-06
14.64	27.9989	1.94355e-06
14.65	27.9989	1.9285e-06
14.66	27.9989	1.91356e-06
14.67	27.9989	1.89874e-06
14.68	27.9989	1.88404e-06
14.69	27.9989	1.86945e-06
14.7	27.9989	1.85497e-06
14.71	27.9989	1.84061e-06
14.72	27.9989	1.82635e-06
14.73	27.999	1.81221e-06
14.74	27.999	1.79817e-06
14.75	27.999	1.78425e-06
14.76	27.999	1.77043e-06
14.77	27.999	1.75672e-06
14.78	27.999	1.74311e-06
14.79	27.999	1.72961e-06
14.8	27.999	1.71622e-06
14.81	27.999	1.70293e-06
14.82	27.999	1.68974e-06
14.83	27.999	1.67665e-06
14.84	27.999	1.66367e-06
14.85	27.999	1.65078e-06
14.86	27.9991	1.638e-06
14.87	27.9991	1.62531e-06
14.88	27.9991	1.61273e-06
14.89	27.9991	1.60024e-06
14.9	27.9991	1.58784e-06
14.91	27.9991	1.57555e-06
14.92	27.9991	1.56335e-06
14.93	27.9991	1.55124e-06
14.94	27.9991	1.53922e-06
14.95	27.9991	1.5273e-06
14.96	27.9991	1.51548e-06
14.97	27.9991	1.50374e-06
14.98	27.9991	1.49209e-06
14.99	27.9991	1.48054e-06
15	27.9991	1.46907e-06
15.01	27.9992	1.4577e-06
15.02	27.9992	1.44641e-06
15.03	27.9992	1.4352e-06
15.04	27.9992	1.42409e-06
15.05	27.9992	1.41306e-06
15.06	27.9992	1.40212e-06
15.07	27.9992	1.39126e-06
15.08	27.9992	1.38048e-06
15.09	27.9992	1.36979e-06
15.1	27.9992	1.35918e-06
15.11	27.9992	1.34866e-06
15.12	27.9992	1.33821e-06
15.13	27.9992	1.32785e-06
15.14	27.9992	1.31757e-06
15.15	27.9992	1.30736e-06
15.16	27.9992	1.29724e-06
15.17	27.9993	1.28719e-06
15.18	27.9993	1.27722e-06
15.19	27.9993	1.26733e-06
15.2	27.9993	1.25752e-06
15.21	27.9993	1.24778e-06
15.22	27.9993	1.23811e-06
15.23	27.9993	1.22853e-06
15.24	27.9993	1.21901e-06
15.25	27.9993	1.20957e-06
15.26	27.9993	1.2002e-06
15.27	27.9993	1.19091e-06
15.28	27.9993	1.18168e-06
15.29	27.9993	1.17253e-06
15.3	27.9993	1.16345e-06
15.31	27.9993	1.15444e-06
15.32	27.9993	1.1455e-06
15.33	27.9993	1.13663e-06
15.34	27.9993	1.12783e-06
15.35	27.9994	1.11909e-06
15.36	27.9994	1.11043e-06
15.37	27.9994	1.10183e-06
15.38	27.9994	1.09329e-06
15.39	27.9994	1.08483e-06
15.4	27.9994	1.07642e-06
15.41	27.9994	1.06809e-06
15.42	27.9994	1.05982e-06
15.43	27.9994	1.05161e-06
15.44	27.9994	1.04346e-06
15.45	27.9994	1.03538e-06
15.46	27.9994	1.02736e-06
15.47	27.9994	1.01941e-06
15.48	27.9994	1.01151e-06
15.49	27.9994	1.00368e-06
15.5	27.9994	9.95906e-07
15.51	27.9994	9.88193e-07
15.52	27.9994	9.8054e-07
15.53	27.9994	9.72946e-07
15.54	27.9994	9.65411e-07
15.55	27.9994	9.57935e-07
15.56	27.9994	9.50516e-07
15.57	27.9995	9.43155e-07
15.58	27.9995	9.3585e-07
15.59	27.9995	9.28602e-07
15.6	27.9995	9.21411e-07
15.61	27.9995	9.14275e-07
15.62	27.9995	9.07194e-07
15.63	27.9995	9.00168e-07
15.64	27.9995	8.93197e-07
15.65	27.9995	8.8628e-07
15.66	27.9995	8.79416e-07
15.67	27.9995	8.72605e-07
15.68	27.9995	8.65847e-07
15.69	27.9995	8.59141e-07
15.7	27.9995	8.52488e-07
15.71	27.9995	8.45886e-07
15.72	27.9995	8.39335e-07
15.73	27.9995	8.32834e-07
15.74	27.9995	8.26384e-07
15.75	27.9995	8.19984e-07
15.76	27.9995	8.13634e-07
15.77	27.9995	8.07333e-07
15.78	27.9995	8.0108e-07
15.79	27.9995	7.94876e-07
15.8	27.9995	7.8872e-07
15.81	27.9995	7.82612e-07
15.82	27.9996	7.76551e-07
15.83	27.9996	7.70537e-07
15.84	27.9996	7.64569e-07
15.85	27.9996	7.58648e-07
15.86	27.9996	7.52772e-07
15.87	27.9996	7.46943e-07
15.88	27.9996	7.41158e-07
15.89	27.9996	7.35418e-07
15.9	27.9996	7.29722e-07
15.91	27.9996	7.24071e-07
15.92	27.9996	7.18463e-07
15.93	27.9996	7.12899e-07
15.94	27.9996	7.07378e-07
15.95	27.9996	7.019e-07
15.96	27.9996	6.96464e-07
15.97	27.9996	6.9107e-07
15.98	27.9996	6.85718e-07
15.99	27.9996	6.80407e-07
16	27.9996	6.75138e-07
16.01	27.9996	6.69909e-07
16.02	27.9996	6.64721e-07
16.03	27.9996	6.59573e-07
16.04	27.9996	6.54465e-07
16.05	27.9996	6.49396e-07
16.06	27.9996	6.44367e-07
16.07	27.9996	6.39376e-07
16.08	27.9996	6.34425e-07
16.09	27.9996	6.29511e-07
16.1	27.9996	6.24636e-07
16.11	27.9996	6.19798e-07
16.12	27.9996	6.14998e-07
16.13	27.9996	6.10235e-07
16.14	27.9996	6.05509e-07
16.15	27.9997	6.0082e-07
16.16	27.9997	5.96167e-07
16.17	27.9997	5.9155e-07
16.18	27.9997	5.86968e-07
16.19	27.9997	5.82422e-07
16.2	27.9997	5.77912e-07
16.21	27.9997	5.73436e-07
16.22	27.9997	5.68995e-07
16.23	27.9997	5.64588e-07
16.24	27.9997	5.60216e-07
16.25	27.9997	5.55877e-07
16.26	27.9997	5.51572e-07
16.27	27.9997	5.473e-07
16.28	27.9997	5.43062e-07
16.29	27.9997	5.38856e-07
16.3	27.9997	5.34683e-07
16.31	27.9997	5.30542e-07
16.32	27.9997	5.26433e-07
16.33	27.9997	5.22356e-07
16.34	27.9997	5.1831e-07
16.35	27.9997	5.14296e-07
16.36	27.9997	5.10313e-07
16.37	27.9997	5.06361e-07
16.38	27.9997	5.02439e-07
16.39	27.9997	4.98548e-07
16.4	27.9997	4.94687e-07
16.41	27.9997	4.90856e-07
16.42	27.9997	4.87054e-07
16.43	27.9997	4.83282e-07
16.44	27.9997	4.79539e-07
16.45	27.9997	4.75826e-07
16.46	27.9997	4.72141e-07
16.47	27.9997	4.68484e-07
16.48	27.9997	4.64856e-07
16.49	27.9997	4.61256e-07
16.5	27.9997	4.57683e-07
16.51	27.9997	4.54139e-07
16.52	27.9997	4.50622e-07
16.53	27.9997	4.47132e-07
16.54	27.9997	4.43669e-07
16.55	27.9997	4.40233e-07
16.56	27.9997	4.36823e-07
16.57	27.9997	4.3344e-07
16.58	27.9998	4.30083e-07
16.59	27.9998	4.26753e-07
16.6	27.9998	4.23447e-07
16.61	27.9998	4.20168e-07
16.62	27.9998	4.16914e-07
16.63	27.9998	4.13685e-07
16.64	27.9998	4.10481e-07
16.65	27.9998	4.07302e-07
16.66	27.9998	4.04148e-07
16.67	27.9998	4.01018e-07
16.68	27.9998	3.97912e-07
16.69	27.9998	3.9483e-07
16.7	27.9998	3.91773e-07
16.71	27.9998	3.88738e-07
16.72	27.9998	3.85728e-07
16.73	27.9998	3.8274e-07
16.74	27.9998	3.79776e-07
16.75	27.9998	3.76835e-07
16.76	27.9998	3.73916e-07
16.77	27.9998	3.71021e-07
16.78	27.9998	3.68147e-07
16.79	27.9998	3.65296e-07
16.8	27.9998	3.62467e-07
16.81	27.9998	3.5966e-07
16.82	27.9998	3.56874e-07
16.83	27.9998	3.5411e-07
16.84	27.9998	3.51368e-07
16.85	27.9998	3.48647e-07
16.86	27.9998	3.45947e-07
16.87	27.9998	3.43267e-07
16.88	27.9998	3.40609e-07
16.89	27.9998	3.37971e-07
16.9	27.9998	3.35353e-07
16.91	27.9998	3.32756e-07
16.92	27.9998	3.30179e-07
16.93	27.9998	3.27622e-07
16.94	27.9998	3.25085e-07
16.95	27.9998	3.22567e-07
16.96	27.9998	3.20069e-07
16.97	27.9998	3.1759e-07
16.98	27.9998	3.1513e-07
16.99	27.9998	3.1269e-07
17	27.9998	3.10268e-07
17.01	27.9998	3.07865e-07
17.02	27.9998	3.05481e-07
17.03	27.9998	3.03115e-07
17.04	27.9998	3.00768e-07
17.05	27.9998	2.98438e-07
17.06	27.9998	2.96127e-07
17.07	27.9998	2.93833e-07
17.08	27.9998	2.91558e-07
17.09	27.9998	2.893e-07
17.1	27.9998	2.87059e-07
17.11	27.9998	2.84836e-07
17.12	27.9998	2.8263e-07
17.13	27.9998	2.80441e-07
17.14	27.9998	2.78269e-07
17.15	27.9998	2.76114e-07
17.16	27.9998	2.73976e-07
17.17	27.9998	2.71854e-07
17.18	27.9998	2.69748e-07
17.19	27.9998	2.67659e-07
17.2	27.9998	2.65586e-07
17.21	27.9998	2.6353e-07
17.22	27.9998	2.61489e-07
17.23	27.9998	2.59463e-07
17.24	27.9999	2.57454e-07
17.25	27.9999	2.5546e-07
17.26	27.9999	2.53482e-07
17.27	27.9999	2.51518e-07
17.28	27.9999	2.49571e-07
17.29	27.9999	2.47638e-07
17.3	27.9999	2.4572e-07
17.31	27.9999	2.43817e-07
17.32	27.9999	2.41929e-07
17.33	27.9999	2.40055e-07
17.34	27.9999	2.38196e-07
17.35	27.9999	2.36351e-07
17.36	27.9999	2.3452e-07
17.37	27.9999	2.32704e-07
17.38	27.9999	2.30902e-07
17.39	27.9999	2.29114e-07
17.4	27.9999	2.27339e-07
17.41	27.9999	2.25579e-07
17.42	27.9999	2.23832e-07
17.43	27.9999	2.22098e-07
17.44	27.9999	2.20378e-07
17.45	27.9999	2.18671e-07
17.46	27.9999	2.16978e-07
17.47	27.9999	2.15297e-07
17.48	27.9999	2.1363e-07
17.49	27.9999	2.11975e-07
17.5	27.9999	2.10334e-07
17.51	27.9999	2.08705e-07
17.52	27.9999	2.07088e-07
17.53	27.9999	2.05485e-07
17.54	27.9999	2.03893e-07
17.55	27.9999	2.02314e-07
17.56	27.9999	2.00747e-07
17.57	27.9999	1.99192e-07
17.58	27.9999	1.9765e-07
17.59	27.9999	1.96119e-07
17.6	27.9999	1.946e-07
17.61	27.9999	1.93093e-07
17.62	27.9999	1.91598e-07
17.63	27.9999	1.90114e-07
17.64	27.9999	1.88641e-07
17.65	27.9999	1.8718e-07
17.66	27.9999	1.85731e-07
17.67	27.9999	1.84292e-07
17.68	27.9999	1.82865e-07
17.69	27.9999	1.81449e-07
17.7	27.9999	1.80043e-07
17.71	27.9999	1.78649e-07
17.72	27.9999	1.77266e-07
17.73	27.9999	1.75893e-07
17.74	27.9999	1.7453e-07
17.75	27.9999	1.73179e-07
17.76	27.9999	1.71838e-07
17.77	27.9999	1.70507e-07
17.78	27.9999	1.69186e-07
17.79	27.9999	1.67876e-07
17.8	27.9999	1.66576e-07
17.81	27.9999	1.65286e-07
17.82	27.9999	1.64006e-07
17.83	27.9999	1.62735e-07
17.84	27.9999	1.61475e-07
17.85	27.9999	1.60224e-07
17.86	27.9999	1.58984e-07
17.87	27.9999	1.57752e-07
17.88	27.9999	1.56531e-07
17.89	27.9999	1.55318e-07
17.9	27.9999	1.54115e-07
17.91	27.9999	1.52922e-07
17.92	27.9999	1.51737e-07
17.93	27.9999	1.50562e-07
17.94	27.9999	1.49396e-07
17.95	27.9999	1.48239e-07
17.96	27.9999	1.47091e-07
17.97	27.9999	1.45952e-07
17.98	27.9999	1.44822e-07
17.99	27.9999	1.437e-07
18	27.9999	1.42587e-07
18.01	27.9999	1.41483e-07
18.02	27.9999	1.40387e-07
18.03	27.9999	1.393e-07
18.04	27.9999	1.38221e-07
18.05	27.9999	1.3715e-07
18.06	27.9999	1.36088e-07
18.07	27.9999	1.35034e-07
18.08	27.9999	1.33989e-07
18.09	27.9999	1.32951e-07
18.1	27.9999	1.31921e-07
18.11	27.9999	1.30899e-07
18.12	27.9999	1.29886e-07
18.13	27.9999	1.2888e-07
18.14	27.9999	1.27882e-07
18.15	27.9999	1.26891e-07
18.16	27.9999	1.25908e-07
18.17	27.9999	1.24933e-07
18.18	27.9999	1.23966e-07
18.19	27.9999	1.23006e-07
18.2	27.9999	1.22053e-07
18.21	27.9999	1.21108e-07
18.22	27.9999	1.2017e-07
18.23	27.9999	1.19239e-07
18.24	27.9999	1.18316e-07
18.25	27.9999	1.17399e-07
18.26	27.9999	1.1649e-07
18.27	27.9999	1.15588e-07
18.28	27.9999	1.14693e-07
18.29	27.9999	1.13805e-07
18.3	27.9999	1.12923e-07
18.31	27.9999	1.12049e-07
18.32	27.9999	1.11181e-07
18.33	27.9999	1.1032e-07
18.34	27.9999	1.09465e-07
18.35	27.9999	1.08618e-07
18.36	27.9999	1.07776e-07
18.37	27.9999	1.06942e-07
18.38	27.9999	1.06113e-07
18.39	27.9999	1.05292e-07
18.4	27.9999	1.04476e-07
18.41	27.9999	1.03667e-07
18.42	27.9999	1.02864e-07
18.43	27.9999	1.02067e-07
18.44	27.9999	1.01277e-07
18.45	27.9999	1.00493e-07
18.46	27.9999	9.97143e-08
18.47	27.9999	9.89421e-08
18.48	27.9999	9.81758e-08
18.49	27.9999	9.74155e-08
18.5	27.9999	9.6661e-08
18.51	27.9999	9.59124e-08
18.52	27.9999	9.51696e-08
18.53	27.9999	9.44325e-08
18.54	27.9999	9.37012e-08
18.55	27.9999	9.29755e-08
18.56	27.9999	9.22554e-08
18.57	27.9999	9.15409e-08
18.58	27.9999	9.0832e-08
18.59	27.9999	9.01285e-08
18.6	27.9999	8.94305e-08
18.61	27.9999	8.87379e-08
18.62	27.9999	8.80506e-08
18.63	27.9999	8.73687e-08
18.64	27.9999	8.6692e-08
18.65	28	8.60206e-08
18.66	28	8.53544e-08
18.67	28	8.46934e-08
18.68	28	8.40375e-08
18.69	28	8.33866e-08
18.7	28	8.27408e-08
18.71	28	8.21e-08
18.72	28	8.14642e-08
18.73	28	8.08332e-08
18.74	28	8.02072e-08
18.75	28	7.9586e-08
18.76	28	7.89697e-08
18.77	28	7.83581e-08
18.78	28	7.77512e-08
18.79	28	7.7149e-08
18.8	28	7.65515e-08
18.81	28	7.59587e-08
18.82	28	7.53704e-08
18.83	28	7.47867e-08
18.84	28	7.42075e-08
18.85	28	7.36327e-08
18.86	28	7.30625e-08
18.87	28	7.24966e-08
18.88	28	7.19352e-08
18.89	28	7.13781e-08
18.9	28	7.08252e-08
18.91	28	7.02767e-08
18.92	28	6.97325e-08
18.93	28	6.91924e-08
18.94	28	6.86565e-08
18.95	28	6.81248e-08
18.96	28	6.75972e-08
18.97	28	6.70737e-08
18.98	28	6.65542e-08
18.99	28	6.60388e-08
19	28	6.55273e-08
19.01	28	6.50198e-08
19.02	28	6.45163e-08
19.03	28	6.40166e-08
19.04	28	6.35208e-08
19.05	28	6.30289e-08
19.06	28	6.25407e-08
19.07	28	6.20563e-08
19.08	28	6.15757e-08
19.09	28	6.10989e-08
19.1	28	6.06257e-08
19.11	28	6.01561e-08
19.12	28	5.96902e-08
19.13	28	5.9228e-08
19.14	28	5.87693e-08
19.15	28	5.83141e-08
19.16	28	5.78625e-08
19.17	28	5.74143e-08
19.18	28	5.69697e-08
19.19	28	5.65285e-08
19.2	28	5.60907e-08
19.21	28	5.56563e-08
19.22	28	5.52252e-08
19.23	28	5.47975e-08
19.24	28	5.43731e-08
19.25	28	5.3952e-08
19.26	28	5.35342e-08
19.27	28	5.31196e-08
19.28	28	5.27082e-08
19.29	28	5.23e-08
19.3	28	5.18949e-08
19.31	28	5.1493e-08
19.32	28	5.10942e-08
19.33	28	5.06985e-08
19.34	28	5.03059e-08
19.35	28	4.99162e-08
19.36	28	4.95297e-08
19.37	28	4.91461e-08
19.38	28	4.87654e-08
19.39	28	4.83878e-08
19.4	28	4.8013e-08
19.41	28	4.76412e-08
19.42	28	4.72722e-08
19.43	28	4.69061e-08
19.44	28	4.65428e-08
19.45	28	4.61824e-08
19.46	28	4.58247e-08
19.47	28	4.54698e-08
19.48	28	4.51176e-08
19.49	28	4.47682e-08
19.5	28	4.44215e-08
19.51	28	4.40775e-08
19.52	28	4.37361e-08
19.53	28	4.33974e-08
19.54	28	4.30613e-08
19.55	28	4.27278e-08
19.56	28	4.23969e-08
19.57	28	4.20685e-08
19.58	28	4.17427e-08
19.59	28	4.14194e-08
19.6	28	4.10986e-08
19.61	28	4.07803e-08
19.62	28	4.04645e-08
19.63	28	4.01511e-08
19.64	28	3.98402e-08
19.65	28	3.95316e-08
19.66	28	3.92254e-08
19.67	28	3.89217e-08
19.68	28	3.86202e-08
19.69	28	3.83211e-08
19.7	28	3.80243e-08
19.71	28	3.77298e-08
19.72	28	3.74376e-08
19.73	28	3.71477e-08
19.74	28	3.686e-08
19.75	28	3.65745e-08
19.76	28	3.62913e-08
19.77	28	3.60102e-08
19.78	28	3.57313e-08
19.79	28	3.54546e-08
19.8	28	3.518e-08
19.81	28	3.49075e-08
19.82	28	3.46372e-08
19.83	28	3.43689e-08
19.84	28	3.41027e-08
19.85	28	3.38386e-08
19.86	28	3.35766e-08
19.87	28	3.33165e-08
19.88	28	3.30585e-08
19.89	28	3.28025e-08
19.9	28	3.25484e-08
19.91	28	3.22963e-08
19.92	28	3.20462e-08
19.93	28	3.1798e-08
19.94	28	3.15518e-08
19.95	28	3.13074e-08
19.96	28	3.10649e-08
19.97	28	3.08243e-08
19.98	28	3.05856e-08
19.99	28	3.03487e-08
20	28	3.01137e-08
20.01	28	2.98805e-08
20.02	28	2.96491e-08
20.03	28	2.94194e-08
20.04	28	2.91916e-08
20.05	28	2.89655e-08
20.06	28	2.87412e-08
20.07	28	2.85186e-08
20.08	28	2.82977e-08
20.09	28	2.80786e-08
20.1	28	2.78611e-08
20.11	28	2.76453e-08
20.12	28	2.74312e-08
20.13	28	2.72188e-08
20.14	28	2.7008e-08
20.15	28	2.67988e-08
20.16	28	2.65912e-08
20.17	28	2.63853e-08
20.18	28	2.6181e-08
20.19	28	2.59782e-08
20.2	28	2.5777e-08
20.21	28	2.55774e-08
20.22	28	2.53793e-08
20.23	28	2.51827e-08
20.24	28	2.49877e-08
20.25	28	2.47942e-08
20.26	28	2.46021e-08
20.27	28	2.44116e-08
20.28	28	2.42225e-08
20.29	28	2.40349e-08
20.3	28	2.38488e-08
20.31	28	2.36641e-08
20.32	28	2.34808e-08
20.33	28	2.3299e-08
20.34	28	2.31185e-08
20.35	28	2.29395e-08
20.36	28	2.27618e-08
20.37	28	2.25855e-08
20.38	28	2.24106e-08
20.39	28	2.22371e-08
20.4	28	2.20648e-08
20.41	28	2.18939e-08
20.42	28	2.17244e-08
20.43	28	2.15561e-08
20.44	28	2.13892e-08
20.45	28	2.12235e-08
20.46	28	2.10592e-08
20.47	28	2.08961e-08
20.48	28	2.07342e-08
20.49	28	2.05737e-08
20.5	28	2.04143e-08
20.51	28	2.02562e-08
20.52	28	2.00993e-08
20.53	28	1.99437e-08
20.54	28	1.97892e-08
20.55	28	1.96359e-08
20.56	28	1.94839e-08
20.57	28	1.9333e-08
20.58	28	1.91832e-08
20.59	28	1.90347e-08
20.6	28	1.88873e-08
20.61	28	1.8741e-08
20.62	28	1.85958e-08
20.63	28	1.84518e-08
20.64	28	1.83089e-08
20.65	28	1.81671e-08
20.66	28	1.80264e-08
20.67	28	1.78868e-08
20.68	28	1.77483e-08
20.69	28	1.76108e-08
20.7	28	1.74744e-08
20.71	28	1.73391e-08
20.72	28	1.72048e-08
20.73	28	1.70716e-08
20.74	28	1.69394e-08
20.75	28	1.68082e-08
20.76	28	1.6678e-08
20.77	28	1.65488e-08
20.78	28	1.64207e-08
20.79	28	1.62935e-08
20.8	28	1.61673e-08
20.81	28	1.60421e-08
20.82	28	1.59178e-08
20.83	28	1.57946e-08
20.84	28	1.56722e-08
20.85	28	1.55509e-08
20.86	28	1.54304e-08
20.87	28	1.53109e-08
20.88	28	1.51923e-08
20.89	28	1.50747e-08
20.9	28	1.49579e-08
20.91	28	1.48421e-08
20.92	28	1.47271e-08
20.93	28	1.46131e-08
20.94	28	1.44999e-08
20.95	28	1.43876e-08
20.96	28	1.42762e-08
20.97	28	1.41656e-08
20.98	28	1.40559e-08
20.99	28	1.3947e-08
21	28	1.3839e-08
21.01	28	1.37318e-08
21.02	28	1.36255e-08
21.03	28	1.352e-08
21.04	28	1.34153e-08
21.05	28	1.33114e-08
21.06	28	1.32083e-08
21.07	28	1.3106e-08
21.08	28	1.30045e-08
21.09	28	1.29038e-08
21.1	28	1.28038e-08
21.11	28	1.27047e-08
21.12	28	1.26063e-08
21.13	28	1.25086e-08
21.14	28	1.24118e-08
21.15	28	1.23156e-08
21.16	28	1.22203e-08
21.17	28	1.21256e-08
21.18	28	1.20317e-08
21.19	28	1.19385e-08
21.2	28	1.18461e-08
21.21	28	1.17543e-08
21.22	28	1.16633e-08
21.23	28	1.1573e-08
21.24	28	1.14833e-08
21.25	28	1.13944e-08
21.26	28	1.13061e-08
21.27	28	1.12186e-08
21.28	28	1.11317e-08
21.29	28	1.10455e-08
21.3	28	1.09599e-08
21.31	28	1.08751e-08
21.32	28	1.07908e-08
21.33	28	1.07073e-08
21.34	28	1.06243e-08
21.35	28	1.0542e-08
21.36	28	1.04604e-08
21.37	28	1.03794e-08
21.38	28	1.0299e-08
21.39	28	1.02192e-08
21.4	28	1.01401e-08
21.41	28	1.00616e-08
21.42	28	9.98364e-09
21.43	28	9.90632e-09
21.44	28	9.8296e-09
21.45	28	9.75347e-09
21.46	28	9.67793e-09
21.47	28	9.60298e-09
21.48	28	9.52861e-09
21.49	28	9.45481e-09
21.5	28	9.38159e-09
21.51	28	9.30893e-09
21.52	28	9.23683e-09
21.53	28	9.1653e-09
21.54	28	9.09431e-09
21.55	28	9.02388e-09
21.56	28	8.95399e-09
21.57	28	8.88465e-09
21.58	28	8.81584e-09
21.59	28	8.74756e-09
21.6	28	8.67981e-09
21.61	28	8.61259e-09
21.62	28	8.54589e-09
21.63	28	8.4797e-09
21.64	28	8.41403e-09
21.65	28	8.34887e-09
21.66	28	8.28421e-09
21.67	28	8.22005e-09
21.68	28	8.15639e-09
21.69	28	8.09322e-09
21.7	28	8.03054e-09
21.71	28	7.96834e-09
21.72	28	7.90663e-09
21.73	28	7.8454e-09
21.74	28	7.78463e-09
21.75	28	7.72434e-09
21.76	28	7.66452e-09
21.77	28	7.60516e-09
21.78	28	7.54626e-09
21.79	28	7.48782e-09
21.8	28	7.42983e-09
21.81	28	7.37229e-09
21.82	28	7.31519e-09
21.83	28	7.25853e-09
21.84	28	7.20232e-09
21.85	28	7.14654e-09
21.86	28	7.09119e-09
21.87	28	7.03627e-09
21.88	28	6.98178e-09
21.89	28	6.92771e-09
21.9	28	6.87405e-09
21.91	28	6.82082e-09
21.92	28	6.76799e-09
21.93	28	6.71557e-09
21.94	28	6.66356e-09
21.95	28	6.61196e-09
21.96	28	6.56075e-09
21.97	28	6.50994e-09
21.98	28	6.45952e-09
21.99	28	6.40949e-09
22	28	6.35985e-09
22.01	28	6.3106e-09
22.02	28	6.26172e-09
22.03	28	6.21323e-09
22.04	28	6.16511e-09
22.05	28	6.11736e-09
22.06	28	6.06998e-09
22.07	28	6.02297e-09
22.08	28	5.97633e-09
22.09	28	5.93004e-09
22.1	28	5.88412e-09
22.11	28	5.83854e-09
22.12	28	5.79333e-09
22.13	28	5.74846e-09
22.14	28	5.70394e-09
22.15	28	5.65976e-09
22.16	28	5.61593e-09
22.17	28	5.57244e-09
22.18	28	5.52928e-09
22.19	28	5.48646e-09
22.2	28	5.44396e-09
22.21	28	5.4018e-09
22.22	28	5.35997e-09
22.23	28	5.31846e-09
22.24	28	5.27727e-09
22.25	28	5.23639e-09
22.26	28	5.19584e-09
22.27	28	5.1556e-09
22.28	28	5.11567e-09
22.29	28	5.07605e-09
22.3	28	5.03674e-09
22.31	28	4.99773e-09
22.32	28	4.95902e-09
22.33	28	4.92062e-09
22.34	28	4.88251e-09
22.35	28	4.8447e-09
22.36	28	4.80717e-09
22.37	28	4.76994e-09
22.38	28	4.733e-09
22.39	28	4.69635e-09
22.4	28	4.65997e-09
22.41	28	4.62388e-09
22.42	28	4.58807e-09
22.43	28	4.55254e-09
22.44	28	4.51728e-09
22.45	28	4.4823e-09
22.46	28	4.44758e-09
22.47	28	4.41314e-09
22.48	28	4.37896e-09
22.49	28	4.34505e-09
22.5	28	4.31139e-09
22.51	28	4.278e-09
22.52	28	4.24487e-09
22.53	28	4.212e-09
22.54	28	4.17938e-09
22.55	28	4.14701e-09
22.56	28	4.11489e-09
22.57	28	4.08302e-09
22.58	28	4.0514e-09
22.59	28	4.02002e-09
22.6	28	3.98889e-09
22.61	28	3.958e-09
22.62	28	3.92734e-09
22.63	28	3.89693e-09
22.64	28	3.86674e-09
22.65	28	3.8368e-09
22.66	28	3.80708e-09
22.67	28	3.7776e-09
22.68	28	3.74834e-09
22.69	28	3.71931e-09
22.7	28	3.69051e-09
22.71	28	3.66192e-09
22.72	28	3.63356e-09
22.73	28	3.60542e-09
22.74	28	3.5775e-09
22.75	28	3.54979e-09
22.76	28	3.5223e-09
22.77	28	3.49502e-09
22.78	28	3.46795e-09
22.79	28	3.4411e-09
22.8	28	3.41445e-09
22.81	28	3.388e-09
22.82	28	3.36176e-09
22.83	28	3.33573e-09
22.84	28	3.30989e-09
22.85	28	3.28426e-09
22.86	28	3.25882e-09
22.87	28	3.23358e-09
22.88	28	3.20854e-09
22.89	28	3.18369e-09
22.9	28	3.15903e-09
22.91	28	3.13457e-09
22.92	28	3.11029e-09
22.93	28	3.0862e-09
22.94	28	3.0623e-09
22.95	28	3.03858e-09
22.96	28	3.01505e-09
22.97	28	2.9917e-09
22.98	28	2.96853e-09
22.99	28	2.94554e-09
23	28	2.92273e-09
23.01	28	2.90009e-09
23.02	28	2.87763e-09
23.03	28	2.85535e-09
23.04	28	2.83323e-09
23.05	28	2.81129e-09
23.06	28	2.78952e-09
23.07	28	2.76791e-09
23.08	28	2.74648e-09
23.09	28	2.7252e-09
23.1	28	2.7041e-09
23.11	28	2.68316e-09
23.12	28	2.66238e-09
23.13	28	2.64176e-09
23.14	28	2.6213e-09
23.15	28	2.601e-09
23.16	28	2.58085e-09
23.17	28	2.56086e-09
23.18	28	2.54103e-09
23.19	28	2.52135e-09
23.2	28	2.50182e-09
23.21	28	2.48245e-09
23.22	28	2.46322e-09
23.23	28	2.44414e-09
23.24	28	2.42522e-09
23.25	28	2.40643e-09
23.26	28	2.3878e-09
23.27	28	2.3693e-09
23.28	28	2.35095e-09
23.29	28	2.33275e-09
23.3	28	2.31468e-09
23.31	28	2.29675e-09
23.32	28	2.27897e-09
23.33	28	2.26132e-09
23.34	28	2.2438e-09
23.35	28	2.22642e-09
23.36	28	2.20918e-09
23.37	28	2.19207e-09
23.38	28	2.17509e-09
23.39	28	2.15825e-09
23.4	28	2.14153e-09
23.41	28	2.12495e-09
23.42	28	2.10849e-09
23.43	28	2.09216e-09
23.44	28	2.07596e-09
23.45	28	2.05988e-09
23.46	28	2.04393e-09
23.47	28	2.0281e-09
23.48	28	2.01239e-09
23.49	28	1.99681e-09
23.5	28	1.98134e-09
23.51	28	1.966e-09
23.52	28	1.95077e-09
23.53	28	1.93566e-09
23.54	28	1.92067e-09
23.55	28	1.9058e-09
23.56	28	1.89104e-09
23.57	28	1.87639e-09
23.58	28	1.86186e-09
23.59	28	1.84744e-09
23.6	28	1.83313e-09
23.61	28	1.81893e-09
23.62	28	1.80485e-09
23.63	28	1.79087e-09
23.64	28	1.777e-09
23.65	28	1.76324e-09
23.66	28	1.74958e-09
23.67	28	1.73603e-09
23.68	28	1.72258e-09
23.69	28	1.70924e-09
23.7	28	1.69601e-09
23.71	28	1.68287e-09
23.72	28	1.66984e-09
23.73	28	1.65691e-09
23.74	28	1.64407e-09
23.75	28	1.63134e-09
23.76	28	1.61871e-09
23.77	28	1.60617e-09
23.78	28	1.59373e-09
23.79	28	1.58139e-09
23.8	28	1.56914e-09
23.81	28	1.55699e-09
23.82	28	1.54493e-09
23.83	28	1.53296e-09
23.84	28	1.52109e-09
23.85	28	1.50931e-09
23.86	28	1.49762e-09
23.87	28	1.48602e-09
23.88	28	1.47451e-09
23.89	28	1.46309e-09
23.9	28	1.45176e-09
23.91	28	1.44052e-09
23.92	28	1.42936e-09
23.93	28	1.41829e-09
23.94	28	1.40731e-09
23.95	28	1.39641e-09
23.96	28	1.38559e-09
23.97	28	1.37486e-09
23.98	28	1.36422e-09
23.99	28	1.35365e-09
24	28	1.34317e-09
24.01	28	1.33276e-09
24.02	28	1.32244e-09
24.03	28	1.3122e-09
24.04	28	1.30204e-09
24.05	28	1.29195e-09
24.06	28	1.28195e-09
24.07	28	1.27202e-09
24.08	28	1.26217e-09
24.09	28	1.25239e-09
24.1	28	1.24269e-09
24.11	28	1.23307e-09
24.12	28	1.22352e-09
24.13	28	1.21404e-09
24.14	28	1.20464e-09
24.15	28	1.19531e-09
24.16	28	1.18605e-09
24.17	28	1.17687e-09
24.18	28	1.16775e-09
24.19	28	1.15871e-09
24.2	28	1.14974e-09
24.21	28	1.14083e-09
24.22	28	1.132e-09
24.23	28	1.12323e-09
24.24	28	1.11453e-09
24.25	28	1.1059e-09
24.26	28	1.09733e-09
24.27	28	1.08883e-09
24.28	28	1.0804e-09
24.29	28	1.07203e-09
24.3	28	1.06373e-09
24.31	28	1.05549e-09
24.32	28	1.04732e-09
24.33	28	1.03921e-09
24.34	28	1.03116e-09
24.35	28	1.02317e-09
24.36	28	1.01525e-09
24.37	28	1.00739e-09
24.38	28	9.99585e-10
24.39	28	9.91843e-10
24.4	28	9.84162e-10
24.41	28	9.76539e-10
24.42	28	9.68976e-10
24.43	28	9.61472e-10
24.44	28	9.54026e-10
24.45	28	9.46637e-10
24.46	28	9.39305e-10
24.47	28	9.32031e-10
24.48	28	9.24812e-10
24.49	28	9.1765e-10
24.5	28	9.10543e-10
24.51	28	9.03491e-10
24.52	28	8.96494e-10
24.53	28	8.89551e-10
24.54	28	8.82661e-10
24.55	28	8.75825e-10
24.56	28	8.69042e-10
24.57	28	8.62312e-10
24.58	28	8.55634e-10
24.59	28	8.49007e-10
24.6	28	8.42432e-10
24.61	28	8.35907e-10
24.62	28	8.29433e-10
24.63	28	8.2301e-10
24.64	28	8.16636e-10
24.65	28	8.10311e-10
24.66	28	8.04035e-10
24.67	28	7.97808e-10
24.68	28	7.91629e-10
24.69	28	7.85499e-10
24.7	28	7.79415e-10
24.71	28	7.73379e-10
24.72	28	7.67389e-10
24.73	28	7.61446e-10
24.74	28	7.55549e-10
24.75	28	7.49697e-10
24.76	28	7.43891e-10
24.77	28	7.3813e-10
24.78	28	7.32413e-10
24.79	28	7.26741e-10
24.8	28	7.21112e-10
24.81	28	7.15528e-10
24.82	28	7.09986e-10
24.83	28	7.04487e-10
24.84	28	6.99031e-10
24.85	28	6.93617e-10
24.86	28	6.88246e-10
24.87	28	6.82915e-10
24.88	28	6.77626e-10
24.89	28	6.72378e-10
24.9	28	6.67171e-10
24.91	28	6.62004e-10
24.92	28	6.56877e-10
24.93	28	6.51789e-10
24.94	28	6.46741e-10
24.95	28	6.41733e-10
24.96	28	6.36763e-10
24.97	28	6.31831e-10
24.98	28	6.26938e-10
24.99	28	6.22082e-10
25	28	6.17264e-10
25.01	28	6.12484e-10
25.02	28	6.0774e-10
25.03	28	6.03034e-10
25.04	28	5.98363e-10
25.05	28	5.93729e-10
25.06	28	5.89131e-10
25.07	28	5.84568e-10
25.08	28	5.80041e-10
25.09	28	5.75549e-10
25.1	28	5.71091e-10
25.11	28	5.66668e-10
25.12	28	5.62279e-10
25.13	28	5.57925e-10
25.14	28	5.53604e-10
25.15	28	5.49316e-10
25.16	28	5.45062e-10
25.17	28	5.40841e-10
25.18	28	5.36652e-10
25.19	28	5.32496e-10
25.2	28	5.28372e-10
25.21	28	5.2428e-10
25.22	28	5.20219e-10
25.23	28	5.1619e-10
25.24	28	5.12192e-10
25.25	28	5.08226e-10
25.26	28	5.0429e-10
25.27	28	5.00384e-10
25.28	28	4.96509e-10
25.29	28	4.92663e-10
25.3	28	4.88848e-10
25.31	28	4.85062e-10
25.32	28	4.81305e-10
25.33	28	4.77578e-10
25.34	28	4.73879e-10
25.35	28	4.70209e-10
25.36	28	4.66567e-10
25.37	28	4.62954e-10
25.38	28	4.59368e-10
25.39	28	4.55811e-10
25.4	28	4.5228e-10
25.41	28	4.48778e-10
25.42	28	4.45302e-10
25.43	28	4.41853e-10
25.44	28	4.38431e-10
25.45	28	4.35036e-10
25.46	28	4.31666e-10
25.47	28	4.28323e-10
25.48	28	4.25006e-10
25.49	28	4.21714e-10
25.5	28	4.18448e-10
25.51	28	4.15208e-10
25.52	28	4.11992e-10
25.53	28	4.08801e-10
25.54	28	4.05635e-10
25.55	28	4.02494e-10
25.56	28	3.99376e-10
25.57	28	3.96283e-10
25.58	28	3.93214e-10
25.59	28	3.90169e-10
25.6	28	3.87147e-10
25.61	28	3.84149e-10
25.62	28	3.81174e-10
25.63	28	3.78222e-10
25.64	28	3.75292e-10
25.65	28	3.72386e-10
25.66	28	3.69502e-10
25.67	28	3.6664e-10
25.68	28	3.63801e-10
25.69	28	3.60983e-10
25.7	28	3.58187e-10
25.71	28	3.55413e-10
25.72	28	3.52661e-10
25.73	28	3.49929e-10
25.74	28	3.47219e-10
25.75	28	3.4453e-10
25.76	28	3.41862e-10
25.77	28	3.39214e-10
25.78	28	3.36587e-10
25.79	28	3.3398e-10
25.8	28	3.31394e-10
25.81	28	3.28827e-10
25.82	28	3.26281e-10
25.83	28	3.23754e-10
25.84	28	3.21246e-10
25.85	28	3.18758e-10
25.86	28	3.1629e-10
25.87	28	3.1384e-10
25.88	28	3.11409e-10
25.89	28	3.08998e-10
25.9	28	3.06604e-10
25.91	28	3.0423e-10
25.92	28	3.01874e-10
25.93	28	2.99536e-10
25.94	28	2.97216e-10
25.95	28	2.94914e-10
25.96	28	2.9263e-10
25.97	28	2.90364e-10
25.98	28	2.88115e-10
25.99	28	2.85884e-10
26	28	2.83669e-10
26.01	28	2.81473e-10
26.02	28	2.79293e-10
26.03	28	2.7713e-10
26.04	28	2.74983e-10
26.05	28	2.72854e-10
26.06	28	2.7074e-10
26.07	28	2.68644e-10
26.08	28	2.66563e-10
26.09	28	2.64499e-10
26.1	28	2.6245e-10
26.11	28	2.60417e-10
26.12	28	2.58401e-10
26.13	28	2.56399e-10
26.14	28	2.54414e-10
26.15	28	2.52443e-10
26.16	28	2.50488e-10
26.17	28	2.48548e-10
26.18	28	2.46623e-10
26.19	28	2.44713e-10
26.2	28	2.42818e-10
26.21	28	2.40937e-10
26.22	28	2.39071e-10
26.23	28	2.3722e-10
26.24	28	2.35383e-10
26.25	28	2.3356e-10
26.26	28	2.31751e-10
26.27	28	2.29956e-10
26.28	28	2.28175e-10
26.29	28	2.26408e-10
26.3	28	2.24654e-10
26.31	28	2.22915e-10
26.32	28	2.21188e-10
26.33	28	2.19475e-10
26.34	28	2.17775e-10
26.35	28	2.16089e-10
26.36	28	2.14415e-10
26.37	28	2.12755e-10
26.38	28	2.11107e-10
26.39	28	2.09472e-10
26.4	28	2.0785e-10
26.41	28	2.0624e-10
26.42	28	2.04643e-10
26.43	28	2.03058e-10
26.44	28	2.01485e-10
26.45	28	1.99925e-10
26.46	28	1.98376e-10
26.47	28	1.9684e-10
26.48	28	1.95315e-10
26.49	28	1.93803e-10
26.5	28	1.92302e-10
26.51	28	1.90812e-10
26.52	28	1.89335e-10
26.53	28	1.87868e-10
26.54	28	1.86413e-10
26.55	28	1.8497e-10
26.56	28	1.83537e-10
26.57	28	1.82116e-10
26.58	28	1.80705e-10
26.59	28	1.79306e-10
26.6	28	1.77917e-10
26.61	28	1.76539e-10
26.62	28	1.75172e-10
26.63	28	1.73815e-10
26.64	28	1.72469e-10
26.65	28	1.71133e-10
26.66	28	1.69808e-10
26.67	28	1.68493e-10
26.68	28	1.67188e-10
26.69	28	1.65893e-10
26.7	28	1.64608e-10
26.71	28	1.63333e-10
26.72	28	1.62068e-10
26.73	28	1.60813e-10
26.74	28	1.59568e-10
26.75	28	1.58332e-10
26.76	28	1.57106e-10
26.77	28	1.55889e-10
26.78	28	1.54682e-10
26.79	28	1.53484e-10
26.8	28	1.52295e-10
26.81	28	1.51116e-10
26.82	28	1.49945e-10
26.83	28	1.48784e-10
26.84	28	1.47632e-10
26.85	28	1.46488e-10
26.86	28	1.45354e-10
26.87	28	1.44228e-10
26.88	28	1.43111e-10
26.89	28	1.42003e-10
26.9	28	1.40903e-10
26.91	28	1.39812e-10
26.92	28	1.38729e-10
26.93	28	1.37654e-10
26.94	28	1.36588e-10
26.95	28	1.3553e-10
26.96	28	1.34481e-10
26.97	28	1.33439e-10
26.98	28	1.32406e-10
26.99	28	1.3138e-10
27	28	1.30363e-10
27.01	28	1.29353e-10
27.02	28	1.28351e-10
27.03	28	1.27357e-10
27.04	28	1.26371e-10
27.05	28	1.25392e-10
27.06	28	1.24421e-10
27.07	28	1.23458e-10
27.08	28	1.22501e-10
27.09	28	1.21553e-10
27.1	28	1.20611e-10
27.11	28	1.19677e-10
27.12	28	1.1875e-10
27.13	28	1.17831e-10
27.14	28	1.16918e-10
27.15	28	1.16013e-10
27.16	28	1.15114e-10
27.17	28	1.14223e-10
27.18	28	1.13338e-10
27.19	28	1.1246e-10
27.2	28	1.11589e-10
27.21	28	1.10725e-10
27.22	28	1.09867e-10
27.23	28	1.09017e-10
27.24	28	1.08172e-10
27.25	28	1.07335e-10
27.26	28	1.06503e-10
27.27	28	1.05678e-10
27.28	28	1.0486e-10
27.29	28	1.04048e-10
27.3	28	1.03242e-10
27.31	28	1.02442e-10
27.32	28	1.01649e-10
27.33	28	1.00862e-10
27.34	28	1.00081e-10
27.35	28	9.93056e-11
27.36	28	9.85365e-11
27.37	28	9.77733e-11
27.38	28	9.70161e-11
27.39	28	9.62647e-11
27.4	28	9.55192e-11
27.41	28	9.47794e-11
27.42	28	9.40454e-11
27.43	28	9.3317e-11
27.44	28	9.25943e-11
27.45	28	9.18772e-11
27.46	28	9.11656e-11
27.47	28	9.04596e-11
27.48	28	8.9759e-11
27.49	28	8.90638e-11
27.5	28	8.8374e-11
27.51	28	8.76896e-11
27.52	28	8.70105e-11
27.53	28	8.63366e-11
27.54	28	8.5668e-11
27.55	28	8.50045e-11
27.56	28	8.43461e-11
27.57	28	8.36929e-11
27.58	28	8.30447e-11
27.59	28	8.24016e-11
27.6	28	8.17634e-11
27.61	28	8.11301e-11
27.62	28	8.05018e-11
27.63	28	7.98784e-11
27.64	28	7.92597e-11
27.65	28	7.86459e-11
27.66	28	7.80368e-11
27.67	28	7.74324e-11
27.68	28	7.68327e-11
27.69	28	7.62377e-11
27.7	28	7.56472e-11
27.71	28	7.50614e-11
27.72	28	7.448e-11
27.73	28	7.39032e-11
27.74	28	7.33308e-11
27.75	28	7.27629e-11
27.76	28	7.21994e-11
27.77	28	7.16402e-11
27.78	28	7.10854e-11
27.79	28	7.05348e-11
27.8	28	6.99886e-11
27.81	28	6.94465e-11
27.82	28	6.89087e-11
27.83	28	6.8375e-11
27.84	28	6.78455e-11
27.85	28	6.732e-11
27.86	28	6.67986e-11
27.87	28	6.62813e-11
27.88	28	6.5768e-11
27.89	28	6.52586e-11
27.9	28	6.47532e-11
27.91	28	6.42517e-11
27.92	28	6.37541e-11
27.93	28	6.32603e-11
27.94	28	6.27704e-11
27.95	28	6.22843e-11
27.96	28	6.18019e-11
27.97	28	6.13232e-11
27.98	28	6.08483e-11
27.99	28	6.03771e-11
28	28	5.99095e-11
28.01	28	5.94455e-11
28.02	28	5.89851e-11
28.03	28	5.85283e-11
28.04	28	5.8075e-11
28.05	28	5.76252e-11
28.06	28	5.71789e-11
28.07	28	5.67361e-11
28.08	28	5.62967e-11
28.09	28	5.58607e-11
28.1	28	5.5428e-11
28.11	28	5.49988e-11
28.12	28	5.45728e-11
28.13	28	5.41502e-11
28.14	28	5.37308e-11
28.15	28	5.33146e-11
28.16	28	5.29017e-11
28.17	28	5.2492e-11
28.18	28	5.20855e-11
28.19	28	5.16821e-11
28.2	28	5.12818e-11
28.21	28	5.08847e-11
28.22	28	5.04906e-11
28.23	28	5.00995e-11
28.24	28	4.97116e-11
28.25	28	4.93265e-11
28.26	28	4.89445e-11
28.27	28	4.85655e-11
28.28	28	4.81893e-11
28.29	28	4.78161e-11
28.3	28	4.74458e-11
28.31	28	4.70783e-11
28.32	28	4.67137e-11
28.33	28	4.63519e-11
28.34	28	4.5993e-11
28.35	28	4.56368e-11
28.36	28	4.52833e-11
28.37	28	4.49326e-11
28.38	28	4.45846e-11
28.39	28	4.42393e-11
28.4	28	4.38967e-11
28.41	28	4.35567e-11
28.42	28	4.32194e-11
28.43	28	4.28847e-11
28.44	28	4.25525e-11
28.45	28	4.2223e-11
28.46	28	4.1896e-11
28.47	28	4.15715e-11
28.48	28	4.12495e-11
28.49	28	4.09301e-11
28.5	28	4.06131e-11
28.51	28	4.02985e-11
28.52	28	3.99864e-11
28.53	28	3.96768e-11
28.54	28	3.93695e-11
28.55	28	3.90646e-11
28.56	28	3.8762e-11
28.57	28	3.84618e-11
28.58	28	3.81639e-11
28.59	28	3.78684e-11
28.6	28	3.75751e-11
28.61	28	3.72841e-11
28.62	28	3.69953e-11
28.63	28	3.67088e-11
28.64	28	3.64245e-11
28.65	28	3.61424e-11
28.66	28	3.58625e-11
28.67	28	3.55848e-11
28.68	28	3.53092e-11
28.69	28	3.50357e-11
28.7	28	3.47644e-11
28.71	28	3.44951e-11
28.72	28	3.4228e-11
28.73	28	3.39629e-11
28.74	28	3.36999e-11
28.75	28	3.34389e-11
28.76	28	3.31799e-11
28.77	28	3.29229e-11
28.78	28	3.26679e-11
28.79	28	3.24149e-11
28.8	28	3.21639e-11
28.81	28	3.19148e-11
28.82	28	3.16676e-11
28.83	28	3.14223e-11
28.84	28	3.1179e-11
28.85	28	3.09375e-11
28.86	28	3.06979e-11
28.87	28	3.04602e-11
28.88	28	3.02243e-11
28.89	28	2.99902e-11
28.9	28	2.97579e-11
28.91	28	2.95275e-11
28.92	28	2.92988e-11
28.93	28	2.90719e-11
28.94	28	2.88467e-11
28.95	28	2.86233e-11
28.96	28	2.84016e-11
28.97	28	2.81817e-11
28.98	28	2.79634e-11
28.99	28	2.77468e-11
29	28	2.75319e-11
29.01	28	2.73187e-11
29.02	28	2.71071e-11
29.03	28	2.68972e-11
29.04	28	2.66889e-11
29.05	28	2.64822e-11
29.06	28	2.62771e-11
29.07	28	2.60736e-11
29.08	28	2.58717e-11
29.09	28	2.56713e-11
29.1	28	2.54725e-11
29.11	28	2.52752e-11
29.12	28	2.50794e-11
29.13	28	2.48852e-11
29.14	28	2.46925e-11
29.15	28	2.45012e-11
29.16	28	2.43115e-11
29.17	28	2.41232e-11
29.18	28	2.39364e-11
29.19	28	2.3751e-11
29.2	28	2.35671e-11
29.21	28	2.33845e-11
29.22	28	2.32034e-11
29.23	28	2.30237e-11
29.24	28	2.28454e-11
29.25	28	2.26685e-11
29.26	28	2.24929e-11
29.27	28	2.23187e-11
29.28	28	2.21459e-11
29.29	28	2.19743e-11
29.3	28	2.18042e-11
29.31	28	2.16353e-11
29.32	28	2.14677e-11
29.33	28	2.13015e-11
29.34	28	2.11365e-11
29.35	28	2.09728e-11
29.36	28	2.08104e-11
29.37	28	2.06492e-11
29.38	28	2.04893e-11
29.39	28	2.03306e-11
29.4	28	2.01731e-11
29.41	28	2.00169e-11
29.42	28	1.98619e-11
29.43	28	1.97081e-11
29.44	28	1.95554e-11
29.45	28	1.9404e-11
29.46	28	1.92537e-11
29.47	28	1.91046e-11
29.48	28	1.89566e-11
29.49	28	1.88098e-11
29.5	28	1.86641e-11
29.51	28	1.85196e-11
29.52	28	1.83762e-11
29.53	28	1.82338e-11
29.54	28	1.80926e-11
29.55	28	1.79525e-11
29.56	28	1.78135e-11
29.57	28	1.76755e-11
29.58	28	1.75386e-11
29.59	28	1.74028e-11
29.6	28	1.7268e-11
29.61	28	1.71343e-11
29.62	28	1.70016e-11
29.63	28	1.68699e-11
29.64	28	1.67392e-11
29.65	28	1.66096e-11
29.66	28	1.6481e-11
29.67	28	1.63533e-11
29.68	28	1.62267e-11
29.69	28	1.6101e-11
29.7	28	1.59763e-11
29.71	28	1.58526e-11
29.72	28	1.57298e-11
29.73	28	1.5608e-11
29.74	28	1.54871e-11
29.75	28	1.53671e-11
29.76	28	1.52481e-11
29.77	28	1.513e-11
29.78	28	1.50129e-11
29.79	28	1.48966e-11
29.8	28	1.47812e-11
29.81	28	1.46667e-11
29.82	28	1.45532e-11
29.83	28	1.44404e-11
29.84	28	1.43286e-11
29.85	28	1.42176e-11
29.86	28	1.41075e-11
29.87	28	1.39983e-11
29.88	28	1.38899e-11
29.89	28	1.37823e-11
29.9	28	1.36756e-11
29.91	28	1.35696e-11
29.92	28	1.34645e-11
29.93	28	1.33603e-11
29.94	28	1.32568e-11
29.95	28	1.31541e-11
29.96	28	1.30522e-11
29.97	28	1.29512e-11
29.98	28	1.28508e-11
29.99	28	1.27513e-11
