SupplyPort 1	Current turn 1	Port pressure 50
Elapsed	Pressure	Flow rate	Modelled cm3 H2	
0	1.28253	297.636	0.00286185
0.01	0.448147	297.636	2.97922
0.02	0.448147	297.636	5.95559
0.03	0.448147	297.636	8.93195
0.04	0.448147	297.636	11.9083
0.05	0.448147	297.636	14.8847
0.06	0.448147	297.636	17.861
0.07	0.448147	297.636	20.8374
0.08	0.448147	297.636	23.8138
0.09	0.448147	297.636	26.7901
0.1	0.448147	297.636	29.7665
0.11	0.448147	297.636	32.7428
0.12	0.448147	297.636	35.7192
0.13	0.448147	297.636	38.6956
0.14	0.448147	297.636	41.6719
0.15	0.448147	297.636	44.6483
0.16	0.448147	297.636	47.6246
0.17	0.448147	297.636	50.601
0.18	0.448147	297.636	53.5774
0.19	0.448147	297.636	56.5537
0.2	0.448147	297.636	59.5301
0.21	0.448147	297.636	62.5065
0.22	0.448147	297.636	65.4828
0.23	0.448147	297.636	68.4592
0.24	0.448147	297.636	71.4355
0.25	0.448147	297.636	74.4119
0.26	0.448147	297.636	77.3883
0.27	0.448147	297.636	80.3646
0.28	0.448147	297.636	83.341
0.29	0.448147	297.636	86.3173
0.3	0.448147	297.636	89.2937
0.31	0.448147	297.636	92.2701
0.32	0.448147	297.636	95.2464
0.33	0.448147	297.636	98.2228
0.34	0.448147	297.636	101.199
0.35	0.448147	297.636	104.176
0.36	0.448147	297.636	107.152
0.37	0.448147	297.636	110.128
0.38	0.448147	297.636	113.105
0.39	0.448147	297.636	116.081
0.4	0.448147	297.636	119.057
0.41	0.448147	297.636	122.034
0.42	0.448147	297.636	125.01
0.43	0.448147	297.636	127.986
0.44	0.448147	297.636	130.963
0.45	0.448147	297.636	133.939
0.46	0.448147	297.636	136.915
0.47	0.448147	297.636	139.892
0.48	0.448147	297.636	142.868
0.49	0.448147	297.636	145.845
0.5	0.448147	297.636	148.821
0.51	0.448147	297.636	151.797
0.52	0.448147	297.636	154.774
0.53	0.448147	297.636	157.75
0.54	0.448147	297.636	160.726
0.55	0.448147	297.636	163.703
0.56	0.448147	297.636	166.679
0.57	0.448147	297.636	169.655
0.58	0.448147	297.636	172.632
0.59	0.448147	297.636	175.608
0.6	0.448147	297.636	178.585
0.61	0.448147	297.636	181.561
0.62	0.448147	297.636	184.537
0.63	0.448147	297.636	187.514
0.64	0.448147	297.636	190.49
0.65	0.448147	297.636	193.466
0.66	0.448147	297.636	196.443
0.67	0.448147	297.636	199.419
0.68	0.448147	297.636	202.395
0.69	0.448147	297.636	205.372
0.7	0.448147	297.636	208.348
0.71	0.448147	297.636	211.325
0.72	0.448147	297.636	214.301
0.73	0.448147	297.636	217.277
0.74	0.448147	297.636	220.254
0.75	0.448147	297.636	223.23
0.76	0.448147	297.636	226.206
0.77	0.448147	297.636	229.183
0.78	0.448147	297.636	232.159
0.79	0.448147	297.636	235.135
0.8	0.448147	297.636	238.112
0.81	0.448147	297.636	241.088
0.82	0.448147	297.636	244.065
0.83	0.448147	297.636	247.041
0.84	0.448147	297.636	250.017
0.85	0.448147	297.636	252.994
0.86	0.448147	297.636	255.97
0.87	0.448147	297.636	258.946
0.88	0.448147	297.636	261.923
0.89	0.448147	297.636	264.899
0.9	0.448147	297.636	267.875
0.91	0.448147	297.636	270.852
0.92	0.448147	297.636	273.828
0.93	0.448147	297.636	276.804
0.94	0.448147	297.636	279.781
0.95	0.448147	297.636	282.757
0.96	0.448147	297.636	285.734
0.97	0.448147	297.636	288.71
0.98	0.448147	297.636	291.686
0.99	0.448147	297.636	294.663
1	0.448147	297.636	297.639
1.01	0.448147	297.636	300.615
1.02	0.448147	297.636	303.592
1.03	0.448147	297.636	306.568
1.04	0.448147	297.636	309.544
1.05	0.448147	297.636	312.521
1.06	0.448147	297.636	315.497
1.07	0.448147	297.636	318.474
1.08	0.448147	297.636	321.45
1.09	0.448147	297.636	324.426
1.1	0.448147	297.636	327.403
1.11	0.448147	297.636	330.379
1.12	0.448147	297.636	333.355
1.13	0.448147	297.636	336.332
1.14	0.448147	297.636	339.308
1.15	0.448147	297.636	342.284
1.16	0.448147	297.636	345.261
1.17	0.448147	297.636	348.237
1.18	0.448147	297.636	351.214
1.19	0.448147	297.636	354.19
1.2	0.448147	297.636	357.166
1.21	0.448147	297.636	360.143
1.22	0.448147	297.636	363.119
1.23	0.448147	297.636	366.095
1.24	0.448147	297.636	369.072
1.25	0.448147	297.636	372.048
1.26	0.448147	297.636	375.024
1.27	0.448147	297.636	378.001
1.28	0.448147	297.636	380.977
1.29	0.448147	297.636	383.954
1.3	0.448147	297.636	386.93
1.31	0.448147	297.636	389.906
1.32	0.448147	297.636	392.883
1.33	0.448147	297.636	395.859
1.34	0.448147	297.636	398.835
1.35	0.448147	297.636	401.812
1.36	0.448147	297.636	404.788
1.37	0.448147	297.636	407.764
1.38	0.448147	297.636	410.741
1.39	0.448147	297.636	413.717
1.4	0.448147	297.636	416.693
1.41	0.448147	297.636	419.67
1.42	0.448147	297.636	422.646
1.43	0.448147	297.636	425.623
1.44	0.448147	297.636	428.599
1.45	0.448147	297.636	431.575
1.46	0.448147	297.636	434.552
1.47	0.448147	297.636	437.528
1.48	0.448147	297.636	440.504
1.49	0.448147	297.636	443.481
1.5	0.448147	297.636	446.457
1.51	0.448147	297.636	449.433
1.52	0.448147	297.636	452.41
1.53	0.448147	297.636	455.386
1.54	0.448147	297.636	458.363
1.55	0.448147	297.636	461.339
1.56	0.448147	297.636	464.315
1.57	0.448147	297.636	467.292
1.58	0.448147	297.636	470.268
1.59	0.448147	297.636	473.244
1.6	0.448147	297.636	476.221
1.61	0.448147	297.636	479.197
1.62	0.448147	297.636	482.173
1.63	0.448147	297.636	485.15
1.64	0.448147	297.636	488.126
1.65	0.448147	297.636	491.103
1.66	0.448147	297.636	494.079
1.67	0.448147	297.636	497.055
1.68	0.448147	297.636	500.032
1.69	0.448147	297.636	503.008
1.7	0.448147	297.636	505.984
1.71	0.448147	297.636	508.961
1.72	0.448147	297.636	511.937
1.73	0.448147	297.636	514.913
1.74	0.448147	297.636	517.89
1.75	0.448147	297.636	520.866
1.76	0.448147	297.636	523.843
1.77	0.448147	297.636	526.819
1.78	0.448147	297.636	529.795
1.79	0.448147	297.636	532.772
1.8	0.448147	297.636	535.748
1.81	0.448147	297.636	538.724
1.82	0.448147	297.636	541.701
1.83	0.448147	297.636	544.677
1.84	0.448147	297.636	547.653
1.85	0.448147	297.636	550.63
1.86	0.448147	297.636	553.606
1.87	0.448147	297.636	556.582
1.88	0.448147	297.636	559.559
1.89	0.448147	297.636	562.535
1.9	0.448147	297.636	565.512
1.91	0.448147	297.636	568.488
1.92	0.448147	297.636	571.464
1.93	0.448147	297.636	574.441
1.94	0.448147	297.636	577.417
1.95	0.448147	297.636	580.393
1.96	0.448147	297.636	583.37
1.97	0.448147	297.636	586.346
1.98	0.448147	297.636	589.322
1.99	0.448147	297.636	592.299
2	0.448147	297.636	595.275
2.01	0.448147	297.636	598.252
2.02	0.448147	297.636	601.228
2.03	0.448147	297.636	604.204
2.04	0.448147	297.636	607.181
2.05	0.448147	297.636	610.157
2.06	0.448147	297.636	613.133
2.07	0.448147	297.636	616.11
2.08	0.448147	297.636	619.086
2.09	0.448147	297.636	622.062
2.1	0.448147	297.636	625.039
2.11	0.448147	297.636	628.015
2.12	0.448147	297.636	630.992
2.13	0.448147	297.636	633.968
2.14	0.448147	297.636	636.944
2.15	0.448147	297.636	639.921
2.16	0.448147	297.636	642.897
2.17	0.448147	297.636	645.873
2.18	0.448147	297.636	648.85
2.19	0.448147	297.636	651.826
2.2	0.448147	297.636	654.802
2.21	0.448147	297.636	657.779
2.22	0.448147	297.636	660.755
2.23	0.448147	297.636	663.732
2.24	0.448147	297.636	666.708
2.25	0.448147	297.636	669.684
2.26	0.448147	297.636	672.661
2.27	0.448147	297.636	675.637
2.28	0.448147	297.636	678.613
2.29	0.448147	297.636	681.59
2.3	0.448147	297.636	684.566
2.31	0.448147	297.636	687.542
2.32	0.448147	297.636	690.519
2.33	0.448147	297.636	693.495
2.34	0.448147	297.636	696.471
2.35	0.448147	297.636	699.448
2.36	0.448147	297.636	702.424
2.37	0.448147	297.636	705.401
2.38	0.448147	297.636	708.377
2.39	0.448147	297.636	711.353
2.4	0.448147	297.636	714.33
2.41	0.448147	297.636	717.306
2.42	0.448147	297.636	720.282
2.43	0.448147	297.636	723.259
2.44	0.448147	297.636	726.235
2.45	0.448147	297.636	729.211
2.46	0.448147	297.636	732.188
2.47	0.448147	297.636	735.164
2.48	0.448147	297.636	738.141
2.49	0.448147	297.636	741.117
2.5	0.448147	297.636	744.093
2.51	0.448147	297.636	747.07
2.52	0.448147	297.636	750.046
2.53	0.448147	297.636	753.022
2.54	0.448147	297.636	755.999
2.55	0.448147	297.636	758.975
2.56	0.448147	297.636	761.951
2.57	0.448147	297.636	764.928
2.58	0.448147	297.636	767.904
2.59	0.448147	297.636	770.881
2.6	0.448147	297.636	773.857
2.61	0.448147	297.636	776.833
2.62	0.448147	297.636	779.81
2.63	0.448147	297.636	782.786
2.64	0.448147	297.636	785.762
2.65	0.448147	297.636	788.739
2.66	0.448147	297.636	791.715
2.67	0.448147	297.636	794.691
2.68	0.448147	297.636	797.668
2.69	0.448147	297.636	800.644
2.7	0.448147	297.636	803.621
2.71	0.448147	297.636	806.597
2.72	0.448147	297.636	809.573
2.73	0.448147	297.636	812.55
2.74	0.448147	297.636	815.526
2.75	0.448147	297.636	818.502
2.76	0.448147	297.636	821.479
2.77	0.448147	297.636	824.455
2.78	0.448147	297.636	827.431
2.79	0.448147	297.636	830.408
2.8	0.448147	297.636	833.384
2.81	0.448147	297.636	836.36
2.82	0.448147	297.636	839.337
2.83	0.448147	297.636	842.313
2.84	0.448147	297.636	845.29
2.85	0.448147	297.636	848.266
2.86	0.448147	297.636	851.242
2.87	0.448147	297.636	854.219
2.88	0.448147	297.636	857.195
2.89	0.448147	297.636	860.171
2.9	0.448147	297.636	863.148
2.91	0.448147	297.636	866.124
2.92	0.448147	297.636	869.1
2.93	0.448147	297.636	872.077
2.94	0.448147	297.636	875.053
2.95	0.448147	297.636	878.03
2.96	0.448147	297.636	881.006
2.97	0.448147	297.636	883.982
2.98	0.448147	297.636	886.959
2.99	0.448147	297.636	889.935
3	0.448147	297.636	892.911
3.01	0.448147	297.636	895.888
3.02	0.448147	297.636	898.864
3.03	0.448147	297.636	901.84
3.04	0.448147	297.636	904.817
3.05	0.448147	297.636	907.793
3.06	0.448147	297.636	910.77
3.07	0.448147	297.636	913.746
3.08	0.448147	297.636	916.722
3.09	0.448147	297.636	919.699
3.1	0.448147	297.636	922.675
3.11	0.448147	297.636	925.651
3.12	0.448147	297.636	928.628
3.13	0.448147	297.636	931.604
3.14	0.448147	297.636	934.58
3.15	0.448147	297.636	937.557
3.16	0.448147	297.636	940.533
3.17	0.448147	297.636	943.51
3.18	0.448147	297.636	946.486
3.19	0.448147	297.636	949.462
3.2	0.448147	297.636	952.439
3.21	0.448147	297.636	955.415
3.22	0.448147	297.636	958.391
3.23	0.448147	297.636	961.368
3.24	0.448147	297.636	964.344
3.25	0.448147	297.636	967.32
3.26	0.448147	297.636	970.297
3.27	0.448147	297.636	973.273
3.28	0.448147	297.636	976.249
3.29	0.448147	297.636	979.226
3.3	0.448147	297.636	982.202
3.31	0.448147	297.636	985.179
3.32	0.448147	297.636	988.155
3.33	0.448147	297.636	991.131
3.34	0.448147	297.636	994.108
3.35	0.448147	297.636	997.084
3.36	0.448147	297.636	1000.06
3.37	0.448147	297.636	1003.04
3.38	0.448147	297.636	1006.01
3.39	0.448147	297.636	1008.99
3.4	0.448147	297.636	1011.97
3.41	0.448147	297.636	1014.94
3.42	0.448147	297.636	1017.92
3.43	0.448147	297.636	1020.89
3.44	0.448147	297.636	1023.87
3.45	0.448147	297.636	1026.85
3.46	0.448147	297.636	1029.82
3.47	0.448147	297.636	1032.8
3.48	0.448147	297.636	1035.78
3.49	0.448147	297.636	1038.75
3.5	0.448147	297.636	1041.73
3.51	0.448147	297.636	1044.71
3.52	0.448147	297.636	1047.68
3.53	0.448147	297.636	1050.66
3.54	0.448147	297.636	1053.63
3.55	0.448147	297.636	1056.61
3.56	0.448147	297.636	1059.59
3.57	0.448147	297.636	1062.56
3.58	0.448147	297.636	1065.54
3.59	0.448147	297.636	1068.52
3.6	0.448147	297.636	1071.49
3.61	0.448147	297.636	1074.47
3.62	0.448147	297.636	1077.45
3.63	0.448147	297.636	1080.42
3.64	0.448147	297.636	1083.4
3.65	0.448147	297.636	1086.37
3.66	0.448147	297.636	1089.35
3.67	0.448147	297.636	1092.33
3.68	0.448147	297.636	1095.3
3.69	0.448147	297.636	1098.28
3.7	0.448147	297.636	1101.26
3.71	0.448147	297.636	1104.23
3.72	0.448147	297.636	1107.21
3.73	0.448147	297.636	1110.19
3.74	0.448147	297.636	1113.16
3.75	0.448147	297.636	1116.14
3.76	0.448147	297.636	1119.11
3.77	0.448147	297.636	1122.09
3.78	0.448147	297.636	1125.07
3.79	0.448147	297.636	1128.04
3.8	0.448147	297.636	1131.02
3.81	0.448147	297.636	1134
3.82	0.448147	297.636	1136.97
3.83	0.448147	297.636	1139.95
3.84	0.448147	297.636	1142.93
3.85	0.448147	297.636	1145.9
3.86	0.448147	297.636	1148.88
3.87	0.448147	297.636	1151.85
3.88	0.448147	297.636	1154.83
3.89	0.448147	297.636	1157.81
3.9	0.448147	297.636	1160.78
3.91	0.448147	297.636	1163.76
3.92	0.448147	297.636	1166.74
3.93	0.448147	297.636	1169.71
3.94	0.448147	297.636	1172.69
3.95	0.448147	297.636	1175.67
3.96	0.448147	297.636	1178.64
3.97	0.448147	297.636	1181.62
3.98	0.448147	297.636	1184.59
3.99	0.448147	297.636	1187.57
4	0.448147	297.636	1190.55
4.01	0.448147	297.636	1193.52
4.02	0.448147	297.636	1196.5
4.03	0.448147	297.636	1199.48
4.04	0.448147	297.636	1202.45
4.05	0.448147	297.636	1205.43
4.06	0.448147	297.636	1208.41
4.07	0.448147	297.636	1211.38
4.08	0.448147	297.636	1214.36
4.09	0.448147	297.636	1217.33
4.1	0.448147	297.636	1220.31
4.11	0.448147	297.636	1223.29
4.12	0.448147	297.636	1226.26
4.13	0.448147	297.636	1229.24
4.14	0.448147	297.636	1232.22
4.15	0.448147	297.636	1235.19
4.16	0.448147	297.636	1238.17
4.17	0.448147	297.636	1241.15
4.18	0.448147	297.636	1244.12
4.19	0.448147	297.636	1247.1
4.2	0.448147	297.636	1250.07
4.21	0.448147	297.636	1253.05
4.22	0.448147	297.636	1256.03
4.23	0.448147	297.636	1259
4.24	0.448147	297.636	1261.98
4.25	0.448147	297.636	1264.96
4.26	0.448147	297.636	1267.93
4.27	0.448147	297.636	1270.91
4.28	0.448147	297.636	1273.89
4.29	0.448147	297.636	1276.86
4.3	0.448147	297.636	1279.84
4.31	0.448147	297.636	1282.81
4.32	0.448147	297.636	1285.79
4.33	0.448147	297.636	1288.77
4.34	0.448147	297.636	1291.74
4.35	0.448147	297.636	1294.72
4.36	0.448147	297.636	1297.7
4.37	0.448147	297.636	1300.67
4.38	0.448147	297.636	1303.65
4.39	0.448147	297.636	1306.63
4.4	0.448147	297.636	1309.6
4.41	0.448147	297.636	1312.58
4.42	0.448147	297.636	1315.55
4.43	0.448147	297.636	1318.53
4.44	0.448147	297.636	1321.51
4.45	0.448147	297.636	1324.48
4.46	0.448147	297.636	1327.46
4.47	0.448147	297.636	1330.44
4.48	0.448147	297.636	1333.41
4.49	0.448147	297.636	1336.39
4.5	0.448147	297.636	1339.37
4.51	0.448147	297.636	1342.34
4.52	0.448147	297.636	1345.32
4.53	0.448147	297.636	1348.29
4.54	0.448147	297.636	1351.27
4.55	0.448147	297.636	1354.25
4.56	0.448147	297.636	1357.22
4.57	0.448147	297.636	1360.2
4.58	0.448147	297.636	1363.18
4.59	0.448147	297.636	1366.15
4.6	0.448147	297.636	1369.13
4.61	0.448147	297.636	1372.11
4.62	0.448147	297.636	1375.08
4.63	0.448147	297.636	1378.06
4.64	0.448147	297.636	1381.03
4.65	0.448147	297.636	1384.01
4.66	0.448147	297.636	1386.99
4.67	0.448147	297.636	1389.96
4.68	0.448147	297.636	1392.94
4.69	0.448147	297.636	1395.92
4.7	0.448147	297.636	1398.89
4.71	0.448147	297.636	1401.87
4.72	0.448147	297.636	1404.85
4.73	0.448147	297.636	1407.82
4.74	0.448147	297.636	1410.8
4.75	0.448147	297.636	1413.77
4.76	0.448147	297.636	1416.75
4.77	0.448147	297.636	1419.73
4.78	0.448147	297.636	1422.7
4.79	0.448147	297.636	1425.68
4.8	0.448147	297.636	1428.66
4.81	0.448147	297.636	1431.63
4.82	0.448147	297.636	1434.61
4.83	0.448147	297.636	1437.59
4.84	0.448147	297.636	1440.56
4.85	0.448147	297.636	1443.54
4.86	0.448147	297.636	1446.51
4.87	0.448147	297.636	1449.49
4.88	0.448147	297.636	1452.47
4.89	0.448147	297.636	1455.44
4.9	0.448147	297.636	1458.42
4.91	0.448147	297.636	1461.4
4.92	0.448147	297.636	1464.37
4.93	0.448147	297.636	1467.35
4.94	0.448147	297.636	1470.33
4.95	0.448147	297.636	1473.3
4.96	0.448147	297.636	1476.28
4.97	0.448147	297.636	1479.25
4.98	0.448147	297.636	1482.23
4.99	0.448147	297.636	1485.21
5	0.448147	297.636	1488.18
5.01	0.448147	297.636	1491.16
5.02	0.448147	297.636	1494.14
5.03	0.448147	297.636	1497.11
5.04	0.448147	297.636	1500.09
5.05	0.448147	297.636	1503.07
5.06	0.448147	297.636	1506.04
5.07	0.448147	297.636	1509.02
5.08	0.448147	297.636	1511.99
5.09	0.448147	297.636	1514.97
5.1	0.448147	297.636	1517.95
5.11	0.448147	297.636	1520.92
5.12	0.448147	297.636	1523.9
5.13	0.448147	297.636	1526.88
5.14	0.448147	297.636	1529.85
5.15	0.448147	297.636	1532.83
5.16	0.448147	297.636	1535.81
5.17	0.448147	297.636	1538.78
5.18	0.448147	297.636	1541.76
5.19	0.448147	297.636	1544.73
5.2	0.448147	297.636	1547.71
5.21	0.448147	297.636	1550.69
5.22	0.448147	297.636	1553.66
5.23	0.448147	297.636	1556.64
5.24	0.448147	297.636	1559.62
5.25	0.448147	297.636	1562.59
5.26	0.448147	297.636	1565.57
5.27	0.448147	297.636	1568.55
5.28	0.448147	297.636	1571.52
5.29	0.448147	297.636	1574.5
5.3	0.448147	297.636	1577.47
5.31	0.448147	297.636	1580.45
5.32	0.448147	297.636	1583.43
5.33	0.448147	297.636	1586.4
5.34	0.448147	297.636	1589.38
5.35	0.448147	297.636	1592.36
5.36	0.448147	297.636	1595.33
5.37	0.448147	297.636	1598.31
5.38	0.448147	297.636	1601.29
5.39	0.448147	297.636	1604.26
5.4	0.448147	297.636	1607.24
5.41	0.448147	297.636	1610.21
5.42	0.448147	297.636	1613.19
5.43	0.448147	297.636	1616.17
5.44	0.448147	297.636	1619.14
5.45	0.448147	297.636	1622.12
5.46	0.448147	297.636	1625.1
5.47	0.448147	297.636	1628.07
5.48	0.448147	297.636	1631.05
5.49	0.448147	297.636	1634.03
5.5	0.448147	297.636	1637
5.51	0.448147	297.636	1639.98
5.52	0.448147	297.636	1642.95
5.53	0.448147	297.636	1645.93
5.54	0.448147	297.636	1648.91
5.55	0.448147	297.636	1651.88
5.56	0.448147	297.636	1654.86
5.57	0.448147	297.636	1657.84
5.58	0.448147	297.636	1660.81
5.59	0.448147	297.636	1663.79
5.6	0.448147	297.636	1666.77
5.61	0.448147	297.636	1669.74
5.62	0.448147	297.636	1672.72
5.63	0.448147	297.636	1675.69
5.64	0.448147	297.636	1678.67
5.65	0.448147	297.636	1681.65
5.66	0.448147	297.636	1684.62
5.67	0.448147	297.636	1687.6
5.68	0.448147	297.636	1690.58
5.69	0.448147	297.636	1693.55
5.7	0.448147	297.636	1696.53
5.71	0.448147	297.636	1699.51
5.72	0.448147	297.636	1702.48
5.73	0.448147	297.636	1705.46
5.74	0.448147	297.636	1708.43
5.75	0.448147	297.636	1711.41
5.76	0.448147	297.636	1714.39
5.77	0.448147	297.636	1717.36
5.78	0.448147	297.636	1720.34
5.79	0.448147	297.636	1723.32
5.8	0.448147	297.636	1726.29
5.81	0.448147	297.636	1729.27
5.82	0.448147	297.636	1732.25
5.83	0.448147	297.636	1735.22
5.84	0.448147	297.636	1738.2
5.85	0.448147	297.636	1741.17
5.86	0.448147	297.636	1744.15
5.87	0.448147	297.636	1747.13
5.88	0.448147	297.636	1750.1
5.89	0.448147	297.636	1753.08
5.9	0.448147	297.636	1756.06
5.91	0.448147	297.636	1759.03
5.92	0.448147	297.636	1762.01
5.93	0.448147	297.636	1764.99
5.94	0.448147	297.636	1767.96
5.95	0.448147	297.636	1770.94
5.96	0.448147	297.636	1773.91
5.97	0.448147	297.636	1776.89
5.98	0.448147	297.636	1779.87
5.99	0.448147	297.636	1782.84
6	0.448147	297.636	1785.82
6.01	0.448147	297.636	1788.8
6.02	0.448147	297.636	1791.77
6.03	0.448147	297.636	1794.75
6.04	0.448147	297.636	1797.73
6.05	0.448147	297.636	1800.7
6.06	0.448147	297.636	1803.68
6.07	0.448147	297.636	1806.65
6.08	0.448147	297.636	1809.63
6.09	0.448147	297.636	1812.61
6.1	0.448147	297.636	1815.58
6.11	0.448147	297.636	1818.56
6.12	0.448147	297.636	1821.54
6.13	0.448147	297.636	1824.51
6.14	0.448147	297.636	1827.49
6.15	0.448147	297.636	1830.47
6.16	0.448147	297.636	1833.44
6.17	0.448147	297.636	1836.42
6.18	0.448147	297.636	1839.39
6.19	0.448147	297.636	1842.37
6.2	0.448147	297.636	1845.35
6.21	0.448147	297.636	1848.32
6.22	0.448147	297.636	1851.3
6.23	0.448147	297.636	1854.28
6.24	0.448147	297.636	1857.25
6.25	0.448147	297.636	1860.23
6.26	0.448147	297.636	1863.21
6.27	0.448147	297.636	1866.18
6.28	0.448147	297.636	1869.16
6.29	0.448147	297.636	1872.13
6.3	0.448147	297.636	1875.11
6.31	0.448147	297.636	1878.09
6.32	0.448147	297.636	1881.06
6.33	0.448147	297.636	1884.04
6.34	0.448147	297.636	1887.02
6.35	0.448147	297.636	1889.99
6.36	0.448147	297.636	1892.97
6.37	0.448147	297.636	1895.95
6.38	0.448147	297.636	1898.92
6.39	0.448147	297.636	1901.9
6.4	0.448147	297.636	1904.87
6.41	0.448147	297.636	1907.85
6.42	0.448147	297.636	1910.83
6.43	0.448147	297.636	1913.8
6.44	0.448147	297.636	1916.78
6.45	0.448147	297.636	1919.76
6.46	0.448147	297.636	1922.73
6.47	0.448147	297.636	1925.71
6.48	0.448147	297.636	1928.69
6.49	0.448147	297.636	1931.66
6.5	0.448147	297.636	1934.64
6.51	0.448147	297.636	1937.61
6.52	0.448147	297.636	1940.59
6.53	0.448147	297.636	1943.57
6.54	0.448147	297.636	1946.54
6.55	0.448147	297.636	1949.52
6.56	0.448147	297.636	1952.5
6.57	0.448147	297.636	1955.47
6.58	0.448147	297.636	1958.45
6.59	0.448147	297.636	1961.43
6.6	0.448147	297.636	1964.4
6.61	0.448147	297.636	1967.38
6.62	0.448147	297.636	1970.35
6.63	0.448147	297.636	1973.33
6.64	0.448147	297.636	1976.31
6.65	0.448147	297.636	1979.28
6.66	0.448147	297.636	1982.26
6.67	0.448147	297.636	1985.24
6.68	0.448147	297.636	1988.21
6.69	0.448147	297.636	1991.19
6.7	0.448147	297.636	1994.17
6.71	0.448147	297.636	1997.14
6.72	0.448147	297.636	2000.12
6.73	0.448147	297.636	2003.09
6.74	0.448147	297.636	2006.07
6.75	0.448147	297.636	2009.05
6.76	0.448147	297.636	2012.02
6.77	0.448147	297.636	2015
6.78	0.448147	297.636	2017.98
6.79	0.448147	297.636	2020.95
6.8	0.448147	297.636	2023.93
6.81	0.448147	297.636	2026.91
6.82	0.448147	297.636	2029.88
6.83	0.448147	297.636	2032.86
6.84	0.448147	297.636	2035.83
6.85	0.448147	297.636	2038.81
6.86	0.448147	297.636	2041.79
6.87	0.448147	297.636	2044.76
6.88	0.448147	297.636	2047.74
6.89	0.448147	297.636	2050.72
6.9	0.448147	297.636	2053.69
6.91	0.448147	297.636	2056.67
6.92	0.448147	297.636	2059.65
6.93	0.448147	297.636	2062.62
6.94	0.448147	297.636	2065.6
6.95	0.448147	297.636	2068.57
6.96	0.448147	297.636	2071.55
6.97	0.448147	297.636	2074.53
6.98	0.448147	297.636	2077.5
6.99	0.448147	297.636	2080.48
7	0.448147	297.636	2083.46
7.01	0.448147	297.636	2086.43
7.02	0.448147	297.636	2089.41
7.03	0.448147	297.636	2092.39
7.04	0.448147	297.636	2095.36
7.05	0.448147	297.636	2098.34
7.06	0.448147	297.636	2101.31
7.07	0.448147	297.636	2104.29
7.08	0.448147	297.636	2107.27
7.09	0.448147	297.636	2110.24
7.1	0.448147	297.636	2113.22
7.11	0.448147	297.636	2116.2
7.12	0.448147	297.636	2119.17
7.13	0.448147	297.636	2122.15
7.14	0.448147	297.636	2125.13
7.15	0.448147	297.636	2128.1
7.16	0.448147	297.636	2131.08
7.17	0.448147	297.636	2134.05
7.18	0.448147	297.636	2137.03
7.19	0.448147	297.636	2140.01
7.2	0.448147	297.636	2142.98
7.21	0.448147	297.636	2145.96
7.22	0.448147	297.636	2148.94
7.23	0.448147	297.636	2151.91
7.24	0.448147	297.636	2154.89
7.25	0.448147	297.636	2157.87
7.26	0.448147	297.636	2160.84
7.27	0.448147	297.636	2163.82
7.28	0.448147	297.636	2166.79
7.29	0.448147	297.636	2169.77
7.3	0.448147	297.636	2172.75
7.31	0.448147	297.636	2175.72
7.32	0.448147	297.636	2178.7
7.33	0.448147	297.636	2181.68
7.34	0.448147	297.636	2184.65
7.35	0.448147	297.636	2187.63
7.36	0.448147	297.636	2190.61
7.37	0.448147	297.636	2193.58
7.38	0.448147	297.636	2196.56
7.39	0.448147	297.636	2199.53
7.4	0.448147	297.636	2202.51
7.41	0.448147	297.636	2205.49
7.42	0.448147	297.636	2208.46
7.43	0.448147	297.636	2211.44
7.44	0.448147	297.636	2214.42
7.45	0.448147	297.636	2217.39
7.46	0.448147	297.636	2220.37
7.47	0.448147	297.636	2223.35
7.48	0.448147	297.636	2226.32
7.49	0.448147	297.636	2229.3
7.5	0.448147	297.636	2232.27
7.51	0.448147	297.636	2235.25
7.52	0.448147	297.636	2238.23
7.53	0.448147	297.636	2241.2
7.54	0.448147	297.636	2244.18
7.55	0.448147	297.636	2247.16
7.56	0.448147	297.636	2250.13
7.57	0.448147	297.636	2253.11
7.58	0.448147	297.636	2256.08
7.59	0.448147	297.636	2259.06
7.6	0.448147	297.636	2262.04
7.61	0.448147	297.636	2265.01
7.62	0.448147	297.636	2267.99
7.63	0.448147	297.636	2270.97
7.64	0.448147	297.636	2273.94
7.65	0.448147	297.636	2276.92
7.66	0.448147	297.636	2279.9
7.67	0.448147	297.636	2282.87
7.68	0.448147	297.636	2285.85
7.69	0.448147	297.636	2288.82
7.7	0.448147	297.636	2291.8
7.71	0.448147	297.636	2294.78
7.72	0.448147	297.636	2297.75
7.73	0.448147	297.636	2300.73
7.74	0.448147	297.636	2303.71
7.75	0.448147	297.636	2306.68
7.76	0.448147	297.636	2309.66
7.77	0.448147	297.636	2312.64
7.78	0.448147	297.636	2315.61
7.79	0.448147	297.636	2318.59
7.8	0.448147	297.636	2321.56
7.81	0.448147	297.636	2324.54
7.82	0.448147	297.636	2327.52
7.83	0.448147	297.636	2330.49
7.84	0.448147	297.636	2333.47
7.85	0.448147	297.636	2336.45
7.86	0.448147	297.636	2339.42
7.87	0.448147	297.636	2342.4
7.88	0.448147	297.636	2345.38
7.89	0.448147	297.636	2348.35
7.9	0.448147	297.636	2351.33
7.91	0.448147	297.636	2354.3
7.92	0.448147	297.636	2357.28
7.93	0.448147	297.636	2360.26
7.94	0.448147	297.636	2363.23
7.95	0.448147	297.636	2366.21
7.96	0.448147	297.636	2369.19
7.97	0.448147	297.636	2372.16
7.98	0.448147	297.636	2375.14
7.99	0.448147	297.636	2378.12
8	0.448147	297.636	2381.09
8.01	0.448147	297.636	2384.07
8.02	0.448147	297.636	2387.04
8.03	0.448147	297.636	2390.02
8.04	0.448147	297.636	2393
8.05	0.448147	297.636	2395.97
8.06	0.448147	297.636	2398.95
8.07	0.448147	297.636	2401.93
8.08	0.448147	297.636	2404.9
8.09	0.448147	297.636	2407.88
8.1	0.448147	297.636	2410.86
8.11	0.448147	297.636	2413.83
8.12	0.448147	297.636	2416.81
8.13	0.448147	297.636	2419.78
8.14	0.448147	297.636	2422.76
8.15	0.448147	297.636	2425.74
8.16	0.448147	297.636	2428.71
8.17	0.448147	297.636	2431.69
8.18	0.448147	297.636	2434.67
8.19	0.448147	297.636	2437.64
8.2	0.448147	297.636	2440.62
8.21	0.448147	297.636	2443.6
8.22	0.448147	297.636	2446.57
8.23	0.448147	297.636	2449.55
8.24	0.448147	297.636	2452.52
8.25	0.448147	297.636	2455.5
8.26	0.448147	297.636	2458.48
8.27	0.448147	297.636	2461.45
8.28	0.448147	297.636	2464.43
8.29	0.448147	297.636	2467.41
8.3	0.448147	297.636	2470.38
8.31	0.448147	297.636	2473.36
8.32	0.448147	297.636	2476.34
8.33	0.448147	297.636	2479.31
8.34	0.448147	297.636	2482.29
8.35	0.448147	297.636	2485.26
8.36	0.448147	297.636	2488.24
8.37	0.448147	297.636	2491.22
8.38	0.448147	297.636	2494.19
8.39	0.448147	297.636	2497.17
8.4	0.448147	297.636	2500.15
8.41	0.448147	297.636	2503.12
8.42	0.448147	297.636	2506.1
8.43	0.448147	297.636	2509.08
8.44	0.448147	297.636	2512.05
8.45	0.448147	297.636	2515.03
8.46	0.448147	297.636	2518
8.47	0.448147	297.636	2520.98
8.48	0.448147	297.636	2523.96
8.49	0.448147	297.636	2526.93
8.5	0.448147	297.636	2529.91
8.51	0.448147	297.636	2532.89
8.52	0.448147	297.636	2535.86
8.53	0.448147	297.636	2538.84
8.54	0.448147	297.636	2541.82
8.55	0.448147	297.636	2544.79
8.56	0.448147	297.636	2547.77
8.57	0.448147	297.636	2550.74
8.58	0.448147	297.636	2553.72
8.59	0.448147	297.636	2556.7
8.6	0.448147	297.636	2559.67
8.61	0.448147	297.636	2562.65
8.62	0.448147	297.636	2565.63
8.63	0.448147	297.636	2568.6
8.64	0.448147	297.636	2571.58
8.65	0.448147	297.636	2574.56
8.66	0.448147	297.636	2577.53
8.67	0.448147	297.636	2580.51
8.68	0.448147	297.636	2583.48
8.69	0.448147	297.636	2586.46
8.7	0.448147	297.636	2589.44
8.71	0.448147	297.636	2592.41
8.72	0.448147	297.636	2595.39
8.73	0.448147	297.636	2598.37
8.74	0.448147	297.636	2601.34
8.75	0.448147	297.636	2604.32
8.76	0.448147	297.636	2607.3
8.77	0.448147	297.636	2610.27
8.78	0.448147	297.636	2613.25
8.79	0.448147	297.636	2616.22
8.8	0.448147	297.636	2619.2
8.81	0.448147	297.636	2622.18
8.82	0.448147	297.636	2625.15
8.83	0.448147	297.636	2628.13
8.84	0.448147	297.636	2631.11
8.85	0.448147	297.636	2634.08
8.86	0.448147	297.636	2637.06
8.87	0.448147	297.636	2640.04
8.88	0.448147	297.636	2643.01
8.89	0.448147	297.636	2645.99
8.9	0.448147	297.636	2648.96
8.91	0.448147	297.636	2651.94
8.92	0.448147	297.636	2654.92
8.93	0.448147	297.636	2657.89
8.94	0.448147	297.636	2660.87
8.95	0.448147	297.636	2663.85
8.96	0.448147	297.636	2666.82
8.97	0.448147	297.636	2669.8
8.98	0.448147	297.636	2672.78
8.99	0.448147	297.636	2675.75
9	0.448147	297.636	2678.73
9.01	0.448147	297.636	2681.7
9.02	0.448147	297.636	2684.68
9.03	0.448147	297.636	2687.66
9.04	0.448147	297.636	2690.63
9.05	0.448147	297.636	2693.61
9.06	0.448147	297.636	2696.59
9.07	0.448147	297.636	2699.56
9.08	0.448147	297.636	2702.54
9.09	0.448147	297.636	2705.52
9.1	0.448147	297.636	2708.49
9.11	0.448147	297.636	2711.47
9.12	0.448147	297.636	2714.44
9.13	0.448147	297.636	2717.42
9.14	0.448147	297.636	2720.4
9.15	0.448147	297.636	2723.37
9.16	0.448147	297.636	2726.35
9.17	0.448147	297.636	2729.33
9.18	0.448147	297.636	2732.3
9.19	0.448147	297.636	2735.28
9.2	0.448147	297.636	2738.26
9.21	0.448147	297.636	2741.23
9.22	0.448147	297.636	2744.21
9.23	0.448147	297.636	2747.18
9.24	0.448147	297.636	2750.16
9.25	0.448147	297.636	2753.14
9.26	0.448147	297.636	2756.11
9.27	0.448147	297.636	2759.09
9.28	0.448147	297.636	2762.07
9.29	0.448147	297.636	2765.04
9.3	0.448147	297.636	2768.02
9.31	0.448147	297.636	2771
9.32	0.448147	297.636	2773.97
9.33	0.448147	297.636	2776.95
9.34	0.448147	297.636	2779.92
9.35	0.448147	297.636	2782.9
9.36	0.448147	297.636	2785.88
9.37	0.448147	297.636	2788.85
9.38	0.448147	297.636	2791.83
9.39	0.448147	297.636	2794.81
9.4	0.448147	297.636	2797.78
9.41	0.448147	297.636	2800.76
9.42	0.448147	297.636	2803.74
9.43	0.448147	297.636	2806.71
9.44	0.448147	297.636	2809.69
9.45	0.448147	297.636	2812.66
9.46	0.448147	297.636	2815.64
9.47	0.448147	297.636	2818.62
9.48	0.448147	297.636	2821.59
9.49	0.448147	297.636	2824.57
9.5	0.448147	297.636	2827.55
9.51	0.448147	297.636	2830.52
9.52	0.448147	297.636	2833.5
9.53	0.448147	297.636	2836.48
9.54	0.448147	297.636	2839.45
9.55	0.448147	297.636	2842.43
9.56	0.448147	297.636	2845.4
9.57	0.448147	297.636	2848.38
9.58	0.448147	297.636	2851.36
9.59	0.448147	297.636	2854.33
9.6	0.448147	297.636	2857.31
9.61	0.448147	297.636	2860.29
9.62	0.448147	297.636	2863.26
9.63	0.448147	297.636	2866.24
9.64	0.448147	297.636	2869.22
9.65	0.448147	297.636	2872.19
9.66	0.448147	297.636	2875.17
9.67	0.448147	297.636	2878.14
9.68	0.448147	297.636	2881.12
9.69	0.448147	297.636	2884.1
9.7	0.448147	297.636	2887.07
9.71	0.448147	297.636	2890.05
9.72	0.448147	297.636	2893.03
9.73	0.448147	297.636	2896
9.74	0.448147	297.636	2898.98
9.75	0.448147	297.636	2901.96
9.76	0.448147	297.636	2904.93
9.77	0.448147	297.636	2907.91
9.78	0.448147	297.636	2910.88
9.79	0.448147	297.636	2913.86
9.8	0.448147	297.636	2916.84
9.81	0.448147	297.636	2919.81
9.82	0.448147	297.636	2922.79
9.83	0.448147	297.636	2925.77
9.84	0.448147	297.636	2928.74
9.85	0.448147	297.636	2931.72
9.86	0.448147	297.636	2934.7
9.87	0.448147	297.636	2937.67
9.88	0.448147	297.636	2940.65
9.89	0.448147	297.636	2943.62
9.9	0.448147	297.636	2946.6
9.91	0.448147	297.636	2949.58
9.92	0.448147	297.636	2952.55
9.93	0.448147	297.636	2955.53
9.94	0.448147	297.636	2958.51
9.95	0.448147	297.636	2961.48
9.96	0.448147	297.636	2964.46
9.97	0.448147	297.636	2967.44
9.98	0.448147	297.636	2970.41
9.99	0.448147	297.636	2973.39
10	0.448147	297.636	2976.36
