SupplyPort 1	Current turn 1	Port pressure 55
Elapsed	Pressure	Flow rate	Modelled cm3 H2	
0	1.22247	327.4	0.00272674
0.01	0.448326	327.4	3.27672
0.02	0.448326	327.4	6.55072
0.03	0.448326	327.4	9.82472
0.04	0.448326	327.4	13.0987
0.05	0.448326	327.4	16.3727
0.06	0.448326	327.4	19.6467
0.07	0.448326	327.4	22.9207
0.08	0.448326	327.4	26.1947
0.09	0.448326	327.4	29.4687
0.1	0.448326	327.4	32.7427
0.11	0.448326	327.4	36.0167
0.12	0.448326	327.4	39.2907
0.13	0.448326	327.4	42.5647
0.14	0.448326	327.4	45.8387
0.15	0.448326	327.4	49.1127
0.16	0.448326	327.4	52.3867
0.17	0.448326	327.4	55.6607
0.18	0.448326	327.4	58.9347
0.19	0.448326	327.4	62.2087
0.2	0.448326	327.4	65.4827
0.21	0.448326	327.4	68.7567
0.22	0.448326	327.4	72.0307
0.23	0.448326	327.4	75.3047
0.24	0.448326	327.4	78.5787
0.25	0.448326	327.4	81.8527
0.26	0.448326	327.4	85.1267
0.27	0.448326	327.4	88.4007
0.28	0.448326	327.4	91.6747
0.29	0.448326	327.4	94.9487
0.3	0.448326	327.4	98.2227
0.31	0.448326	327.4	101.497
0.32	0.448326	327.4	104.771
0.33	0.448326	327.4	108.045
0.34	0.448326	327.4	111.319
0.35	0.448326	327.4	114.593
0.36	0.448326	327.4	117.867
0.37	0.448326	327.4	121.141
0.38	0.448326	327.4	124.415
0.39	0.448326	327.4	127.689
0.4	0.448326	327.4	130.963
0.41	0.448326	327.4	134.237
0.42	0.448326	327.4	137.511
0.43	0.448326	327.4	140.785
0.44	0.448326	327.4	144.059
0.45	0.448326	327.4	147.333
0.46	0.448326	327.4	150.607
0.47	0.448326	327.4	153.881
0.48	0.448326	327.4	157.155
0.49	0.448326	327.4	160.429
0.5	0.448326	327.4	163.703
0.51	0.448326	327.4	166.977
0.52	0.448326	327.4	170.251
0.53	0.448326	327.4	173.525
0.54	0.448326	327.4	176.799
0.55	0.448326	327.4	180.073
0.56	0.448326	327.4	183.347
0.57	0.448326	327.4	186.621
0.58	0.448326	327.4	189.895
0.59	0.448326	327.4	193.169
0.6	0.448326	327.4	196.443
0.61	0.448326	327.4	199.717
0.62	0.448326	327.4	202.991
0.63	0.448326	327.4	206.265
0.64	0.448326	327.4	209.539
0.65	0.448326	327.4	212.813
0.66	0.448326	327.4	216.087
0.67	0.448326	327.4	219.361
0.68	0.448326	327.4	222.635
0.69	0.448326	327.4	225.909
0.7	0.448326	327.4	229.183
0.71	0.448326	327.4	232.457
0.72	0.448326	327.4	235.731
0.73	0.448326	327.4	239.005
0.74	0.448326	327.4	242.279
0.75	0.448326	327.4	245.553
0.76	0.448326	327.4	248.827
0.77	0.448326	327.4	252.101
0.78	0.448326	327.4	255.375
0.79	0.448326	327.4	258.649
0.8	0.448326	327.4	261.923
0.81	0.448326	327.4	265.197
0.82	0.448326	327.4	268.471
0.83	0.448326	327.4	271.745
0.84	0.448326	327.4	275.019
0.85	0.448326	327.4	278.293
0.86	0.448326	327.4	281.567
0.87	0.448326	327.4	284.841
0.88	0.448326	327.4	288.115
0.89	0.448326	327.4	291.389
0.9	0.448326	327.4	294.663
0.91	0.448326	327.4	297.937
0.92	0.448326	327.4	301.211
0.93	0.448326	327.4	304.485
0.94	0.448326	327.4	307.759
0.95	0.448326	327.4	311.033
0.96	0.448326	327.4	314.307
0.97	0.448326	327.4	317.581
0.98	0.448326	327.4	320.855
0.99	0.448326	327.4	324.129
1	0.448326	327.4	327.403
1.01	0.448326	327.4	330.677
1.02	0.448326	327.4	333.951
1.03	0.448326	327.4	337.225
1.04	0.448326	327.4	340.498
1.05	0.448326	327.4	343.772
1.06	0.448326	327.4	347.046
1.07	0.448326	327.4	350.32
1.08	0.448326	327.4	353.594
1.09	0.448326	327.4	356.868
1.1	0.448326	327.4	360.142
1.11	0.448326	327.4	363.416
1.12	0.448326	327.4	366.69
1.13	0.448326	327.4	369.964
1.14	0.448326	327.4	373.238
1.15	0.448326	327.4	376.512
1.16	0.448326	327.4	379.786
1.17	0.448326	327.4	383.06
1.18	0.448326	327.4	386.334
1.19	0.448326	327.4	389.608
1.2	0.448326	327.4	392.882
1.21	0.448326	327.4	396.156
1.22	0.448326	327.4	399.43
1.23	0.448326	327.4	402.704
1.24	0.448326	327.4	405.978
1.25	0.448326	327.4	409.252
1.26	0.448326	327.4	412.526
1.27	0.448326	327.4	415.8
1.28	0.448326	327.4	419.074
1.29	0.448326	327.4	422.348
1.3	0.448326	327.4	425.622
1.31	0.448326	327.4	428.896
1.32	0.448326	327.4	432.17
1.33	0.448326	327.4	435.444
1.34	0.448326	327.4	438.718
1.35	0.448326	327.4	441.992
1.36	0.448326	327.4	445.266
1.37	0.448326	327.4	448.54
1.38	0.448326	327.4	451.814
1.39	0.448326	327.4	455.088
1.4	0.448326	327.4	458.362
1.41	0.448326	327.4	461.636
1.42	0.448326	327.4	464.91
1.43	0.448326	327.4	468.184
1.44	0.448326	327.4	471.458
1.45	0.448326	327.4	474.732
1.46	0.448326	327.4	478.006
1.47	0.448326	327.4	481.28
1.48	0.448326	327.4	484.554
1.49	0.448326	327.4	487.828
1.5	0.448326	327.4	491.102
1.51	0.448326	327.4	494.376
1.52	0.448326	327.4	497.65
1.53	0.448326	327.4	500.924
1.54	0.448326	327.4	504.198
1.55	0.448326	327.4	507.472
1.56	0.448326	327.4	510.746
1.57	0.448326	327.4	514.02
1.58	0.448326	327.4	517.294
1.59	0.448326	327.4	520.568
1.6	0.448326	327.4	523.842
1.61	0.448326	327.4	527.116
1.62	0.448326	327.4	530.39
1.63	0.448326	327.4	533.664
1.64	0.448326	327.4	536.938
1.65	0.448326	327.4	540.212
1.66	0.448326	327.4	543.486
1.67	0.448326	327.4	546.76
1.68	0.448326	327.4	550.034
1.69	0.448326	327.4	553.308
1.7	0.448326	327.4	556.582
1.71	0.448326	327.4	559.856
1.72	0.448326	327.4	563.13
1.73	0.448326	327.4	566.404
1.74	0.448326	327.4	569.678
1.75	0.448326	327.4	572.952
1.76	0.448326	327.4	576.226
1.77	0.448326	327.4	579.5
1.78	0.448326	327.4	582.774
1.79	0.448326	327.4	586.048
1.8	0.448326	327.4	589.322
1.81	0.448326	327.4	592.596
1.82	0.448326	327.4	595.87
1.83	0.448326	327.4	599.144
1.84	0.448326	327.4	602.418
1.85	0.448326	327.4	605.692
1.86	0.448326	327.4	608.966
1.87	0.448326	327.4	612.24
1.88	0.448326	327.4	615.514
1.89	0.448326	327.4	618.788
1.9	0.448326	327.4	622.062
1.91	0.448326	327.4	625.336
1.92	0.448326	327.4	628.61
1.93	0.448326	327.4	631.884
1.94	0.448326	327.4	635.158
1.95	0.448326	327.4	638.432
1.96	0.448326	327.4	641.706
1.97	0.448326	327.4	644.98
1.98	0.448326	327.4	648.254
1.99	0.448326	327.4	651.528
2	0.448326	327.4	654.802
2.01	0.448326	327.4	658.076
2.02	0.448326	327.4	661.35
2.03	0.448326	327.4	664.624
2.04	0.448326	327.4	667.898
2.05	0.448326	327.4	671.172
2.06	0.448326	327.4	674.446
2.07	0.448326	327.4	677.72
2.08	0.448326	327.4	680.994
2.09	0.448326	327.4	684.268
2.1	0.448326	327.4	687.542
2.11	0.448326	327.4	690.816
2.12	0.448326	327.4	694.09
2.13	0.448326	327.4	697.364
2.14	0.448326	327.4	700.638
2.15	0.448326	327.4	703.912
2.16	0.448326	327.4	707.186
2.17	0.448326	327.4	710.46
2.18	0.448326	327.4	713.734
2.19	0.448326	327.4	717.008
2.2	0.448326	327.4	720.282
2.21	0.448326	327.4	723.556
2.22	0.448326	327.4	726.83
2.23	0.448326	327.4	730.104
2.24	0.448326	327.4	733.378
2.25	0.448326	327.4	736.652
2.26	0.448326	327.4	739.926
2.27	0.448326	327.4	743.2
2.28	0.448326	327.4	746.474
2.29	0.448326	327.4	749.748
2.3	0.448326	327.4	753.022
2.31	0.448326	327.4	756.296
2.32	0.448326	327.4	759.57
2.33	0.448326	327.4	762.844
2.34	0.448326	327.4	766.118
2.35	0.448326	327.4	769.392
2.36	0.448326	327.4	772.666
2.37	0.448326	327.4	775.94
2.38	0.448326	327.4	779.214
2.39	0.448326	327.4	782.488
2.4	0.448326	327.4	785.762
2.41	0.448326	327.4	789.036
2.42	0.448326	327.4	792.31
2.43	0.448326	327.4	795.584
2.44	0.448326	327.4	798.858
2.45	0.448326	327.4	802.132
2.46	0.448326	327.4	805.406
2.47	0.448326	327.4	808.68
2.48	0.448326	327.4	811.954
2.49	0.448326	327.4	815.228
2.5	0.448326	327.4	818.502
2.51	0.448326	327.4	821.776
2.52	0.448326	327.4	825.05
2.53	0.448326	327.4	828.324
2.54	0.448326	327.4	831.598
2.55	0.448326	327.4	834.872
2.56	0.448326	327.4	838.146
2.57	0.448326	327.4	841.42
2.58	0.448326	327.4	844.694
2.59	0.448326	327.4	847.968
2.6	0.448326	327.4	851.242
2.61	0.448326	327.4	854.516
2.62	0.448326	327.4	857.79
2.63	0.448326	327.4	861.064
2.64	0.448326	327.4	864.338
2.65	0.448326	327.4	867.612
2.66	0.448326	327.4	870.886
2.67	0.448326	327.4	874.16
2.68	0.448326	327.4	877.434
2.69	0.448326	327.4	880.708
2.7	0.448326	327.4	883.982
2.71	0.448326	327.4	887.256
2.72	0.448326	327.4	890.53
2.73	0.448326	327.4	893.804
2.74	0.448326	327.4	897.078
2.75	0.448326	327.4	900.352
2.76	0.448326	327.4	903.626
2.77	0.448326	327.4	906.9
2.78	0.448326	327.4	910.174
2.79	0.448326	327.4	913.448
2.8	0.448326	327.4	916.722
2.81	0.448326	327.4	919.996
2.82	0.448326	327.4	923.27
2.83	0.448326	327.4	926.544
2.84	0.448326	327.4	929.818
2.85	0.448326	327.4	933.092
2.86	0.448326	327.4	936.366
2.87	0.448326	327.4	939.64
2.88	0.448326	327.4	942.914
2.89	0.448326	327.4	946.188
2.9	0.448326	327.4	949.462
2.91	0.448326	327.4	952.736
2.92	0.448326	327.4	956.01
2.93	0.448326	327.4	959.284
2.94	0.448326	327.4	962.558
2.95	0.448326	327.4	965.832
2.96	0.448326	327.4	969.106
2.97	0.448326	327.4	972.38
2.98	0.448326	327.4	975.654
2.99	0.448326	327.4	978.928
3	0.448326	327.4	982.202
3.01	0.448326	327.4	985.476
3.02	0.448326	327.4	988.75
3.03	0.448326	327.4	992.024
3.04	0.448326	327.4	995.298
3.05	0.448326	327.4	998.572
3.06	0.448326	327.4	1001.85
3.07	0.448326	327.4	1005.12
3.08	0.448326	327.4	1008.39
3.09	0.448326	327.4	1011.67
3.1	0.448326	327.4	1014.94
3.11	0.448326	327.4	1018.22
3.12	0.448326	327.4	1021.49
3.13	0.448326	327.4	1024.76
3.14	0.448326	327.4	1028.04
3.15	0.448326	327.4	1031.31
3.16	0.448326	327.4	1034.59
3.17	0.448326	327.4	1037.86
3.18	0.448326	327.4	1041.13
3.19	0.448326	327.4	1044.41
3.2	0.448326	327.4	1047.68
3.21	0.448326	327.4	1050.96
3.22	0.448326	327.4	1054.23
3.23	0.448326	327.4	1057.5
3.24	0.448326	327.4	1060.78
3.25	0.448326	327.4	1064.05
3.26	0.448326	327.4	1067.33
3.27	0.448326	327.4	1070.6
3.28	0.448326	327.4	1073.87
3.29	0.448326	327.4	1077.15
3.3	0.448326	327.4	1080.42
3.31	0.448326	327.4	1083.7
3.32	0.448326	327.4	1086.97
3.33	0.448326	327.4	1090.24
3.34	0.448326	327.4	1093.52
3.35	0.448326	327.4	1096.79
3.36	0.448326	327.4	1100.07
3.37	0.448326	327.4	1103.34
3.38	0.448326	327.4	1106.61
3.39	0.448326	327.4	1109.89
3.4	0.448326	327.4	1113.16
3.41	0.448326	327.4	1116.44
3.42	0.448326	327.4	1119.71
3.43	0.448326	327.4	1122.98
3.44	0.448326	327.4	1126.26
3.45	0.448326	327.4	1129.53
3.46	0.448326	327.4	1132.81
3.47	0.448326	327.4	1136.08
3.48	0.448326	327.4	1139.35
3.49	0.448326	327.4	1142.63
3.5	0.448326	327.4	1145.9
3.51	0.448326	327.4	1149.18
3.52	0.448326	327.4	1152.45
3.53	0.448326	327.4	1155.72
3.54	0.448326	327.4	1159
3.55	0.448326	327.4	1162.27
3.56	0.448326	327.4	1165.55
3.57	0.448326	327.4	1168.82
3.58	0.448326	327.4	1172.09
3.59	0.448326	327.4	1175.37
3.6	0.448326	327.4	1178.64
3.61	0.448326	327.4	1181.92
3.62	0.448326	327.4	1185.19
3.63	0.448326	327.4	1188.46
3.64	0.448326	327.4	1191.74
3.65	0.448326	327.4	1195.01
3.66	0.448326	327.4	1198.29
3.67	0.448326	327.4	1201.56
3.68	0.448326	327.4	1204.83
3.69	0.448326	327.4	1208.11
3.7	0.448326	327.4	1211.38
3.71	0.448326	327.4	1214.66
3.72	0.448326	327.4	1217.93
3.73	0.448326	327.4	1221.2
3.74	0.448326	327.4	1224.48
3.75	0.448326	327.4	1227.75
3.76	0.448326	327.4	1231.03
3.77	0.448326	327.4	1234.3
3.78	0.448326	327.4	1237.57
3.79	0.448326	327.4	1240.85
3.8	0.448326	327.4	1244.12
3.81	0.448326	327.4	1247.4
3.82	0.448326	327.4	1250.67
3.83	0.448326	327.4	1253.94
3.84	0.448326	327.4	1257.22
3.85	0.448326	327.4	1260.49
3.86	0.448326	327.4	1263.77
3.87	0.448326	327.4	1267.04
3.88	0.448326	327.4	1270.31
3.89	0.448326	327.4	1273.59
3.9	0.448326	327.4	1276.86
3.91	0.448326	327.4	1280.14
3.92	0.448326	327.4	1283.41
3.93	0.448326	327.4	1286.68
3.94	0.448326	327.4	1289.96
3.95	0.448326	327.4	1293.23
3.96	0.448326	327.4	1296.51
3.97	0.448326	327.4	1299.78
3.98	0.448326	327.4	1303.05
3.99	0.448326	327.4	1306.33
4	0.448326	327.4	1309.6
4.01	0.448326	327.4	1312.88
4.02	0.448326	327.4	1316.15
4.03	0.448326	327.4	1319.42
4.04	0.448326	327.4	1322.7
4.05	0.448326	327.4	1325.97
4.06	0.448326	327.4	1329.25
4.07	0.448326	327.4	1332.52
4.08	0.448326	327.4	1335.79
4.09	0.448326	327.4	1339.07
4.1	0.448326	327.4	1342.34
4.11	0.448326	327.4	1345.62
4.12	0.448326	327.4	1348.89
4.13	0.448326	327.4	1352.16
4.14	0.448326	327.4	1355.44
4.15	0.448326	327.4	1358.71
4.16	0.448326	327.4	1361.99
4.17	0.448326	327.4	1365.26
4.18	0.448326	327.4	1368.53
4.19	0.448326	327.4	1371.81
4.2	0.448326	327.4	1375.08
4.21	0.448326	327.4	1378.36
4.22	0.448326	327.4	1381.63
4.23	0.448326	327.4	1384.9
4.24	0.448326	327.4	1388.18
4.25	0.448326	327.4	1391.45
4.26	0.448326	327.4	1394.73
4.27	0.448326	327.4	1398
4.28	0.448326	327.4	1401.27
4.29	0.448326	327.4	1404.55
4.3	0.448326	327.4	1407.82
4.31	0.448326	327.4	1411.1
4.32	0.448326	327.4	1414.37
4.33	0.448326	327.4	1417.64
4.34	0.448326	327.4	1420.92
4.35	0.448326	327.4	1424.19
4.36	0.448326	327.4	1427.47
4.37	0.448326	327.4	1430.74
4.38	0.448326	327.4	1434.01
4.39	0.448326	327.4	1437.29
4.4	0.448326	327.4	1440.56
4.41	0.448326	327.4	1443.84
4.42	0.448326	327.4	1447.11
4.43	0.448326	327.4	1450.38
4.44	0.448326	327.4	1453.66
4.45	0.448326	327.4	1456.93
4.46	0.448326	327.4	1460.21
4.47	0.448326	327.4	1463.48
4.48	0.448326	327.4	1466.75
4.49	0.448326	327.4	1470.03
4.5	0.448326	327.4	1473.3
4.51	0.448326	327.4	1476.58
4.52	0.448326	327.4	1479.85
4.53	0.448326	327.4	1483.12
4.54	0.448326	327.4	1486.4
4.55	0.448326	327.4	1489.67
4.56	0.448326	327.4	1492.95
4.57	0.448326	327.4	1496.22
4.58	0.448326	327.4	1499.49
4.59	0.448326	327.4	1502.77
4.6	0.448326	327.4	1506.04
4.61	0.448326	327.4	1509.32
4.62	0.448326	327.4	1512.59
4.63	0.448326	327.4	1515.86
4.64	0.448326	327.4	1519.14
4.65	0.448326	327.4	1522.41
4.66	0.448326	327.4	1525.69
4.67	0.448326	327.4	1528.96
4.68	0.448326	327.4	1532.23
4.69	0.448326	327.4	1535.51
4.7	0.448326	327.4	1538.78
4.71	0.448326	327.4	1542.06
4.72	0.448326	327.4	1545.33
4.73	0.448326	327.4	1548.6
4.74	0.448326	327.4	1551.88
4.75	0.448326	327.4	1555.15
4.76	0.448326	327.4	1558.43
4.77	0.448326	327.4	1561.7
4.78	0.448326	327.4	1564.97
4.79	0.448326	327.4	1568.25
4.8	0.448326	327.4	1571.52
4.81	0.448326	327.4	1574.8
4.82	0.448326	327.4	1578.07
4.83	0.448326	327.4	1581.34
4.84	0.448326	327.4	1584.62
4.85	0.448326	327.4	1587.89
4.86	0.448326	327.4	1591.17
4.87	0.448326	327.4	1594.44
4.88	0.448326	327.4	1597.71
4.89	0.448326	327.4	1600.99
4.9	0.448326	327.4	1604.26
4.91	0.448326	327.4	1607.54
4.92	0.448326	327.4	1610.81
4.93	0.448326	327.4	1614.08
4.94	0.448326	327.4	1617.36
4.95	0.448326	327.4	1620.63
4.96	0.448326	327.4	1623.91
4.97	0.448326	327.4	1627.18
4.98	0.448326	327.4	1630.45
4.99	0.448326	327.4	1633.73
5	0.448326	327.4	1637
5.01	0.448326	327.4	1640.28
5.02	0.448326	327.4	1643.55
5.03	0.448326	327.4	1646.82
5.04	0.448326	327.4	1650.1
5.05	0.448326	327.4	1653.37
5.06	0.448326	327.4	1656.65
5.07	0.448326	327.4	1659.92
5.08	0.448326	327.4	1663.19
5.09	0.448326	327.4	1666.47
5.1	0.448326	327.4	1669.74
5.11	0.448326	327.4	1673.02
5.12	0.448326	327.4	1676.29
5.13	0.448326	327.4	1679.56
5.14	0.448326	327.4	1682.84
5.15	0.448326	327.4	1686.11
5.16	0.448326	327.4	1689.39
5.17	0.448326	327.4	1692.66
5.18	0.448326	327.4	1695.93
5.19	0.448326	327.4	1699.21
5.2	0.448326	327.4	1702.48
5.21	0.448326	327.4	1705.76
5.22	0.448326	327.4	1709.03
5.23	0.448326	327.4	1712.3
5.24	0.448326	327.4	1715.58
5.25	0.448326	327.4	1718.85
5.26	0.448326	327.4	1722.13
5.27	0.448326	327.4	1725.4
5.28	0.448326	327.4	1728.67
5.29	0.448326	327.4	1731.95
5.3	0.448326	327.4	1735.22
5.31	0.448326	327.4	1738.5
5.32	0.448326	327.4	1741.77
5.33	0.448326	327.4	1745.04
5.34	0.448326	327.4	1748.32
5.35	0.448326	327.4	1751.59
5.36	0.448326	327.4	1754.87
5.37	0.448326	327.4	1758.14
5.38	0.448326	327.4	1761.41
5.39	0.448326	327.4	1764.69
5.4	0.448326	327.4	1767.96
5.41	0.448326	327.4	1771.24
5.42	0.448326	327.4	1774.51
5.43	0.448326	327.4	1777.78
5.44	0.448326	327.4	1781.06
5.45	0.448326	327.4	1784.33
5.46	0.448326	327.4	1787.61
5.47	0.448326	327.4	1790.88
5.48	0.448326	327.4	1794.15
5.49	0.448326	327.4	1797.43
5.5	0.448326	327.4	1800.7
5.51	0.448326	327.4	1803.98
5.52	0.448326	327.4	1807.25
5.53	0.448326	327.4	1810.52
5.54	0.448326	327.4	1813.8
5.55	0.448326	327.4	1817.07
5.56	0.448326	327.4	1820.35
5.57	0.448326	327.4	1823.62
5.58	0.448326	327.4	1826.89
5.59	0.448326	327.4	1830.17
5.6	0.448326	327.4	1833.44
5.61	0.448326	327.4	1836.72
5.62	0.448326	327.4	1839.99
5.63	0.448326	327.4	1843.26
5.64	0.448326	327.4	1846.54
5.65	0.448326	327.4	1849.81
5.66	0.448326	327.4	1853.09
5.67	0.448326	327.4	1856.36
5.68	0.448326	327.4	1859.63
5.69	0.448326	327.4	1862.91
5.7	0.448326	327.4	1866.18
5.71	0.448326	327.4	1869.46
5.72	0.448326	327.4	1872.73
5.73	0.448326	327.4	1876
5.74	0.448326	327.4	1879.28
5.75	0.448326	327.4	1882.55
5.76	0.448326	327.4	1885.83
5.77	0.448326	327.4	1889.1
5.78	0.448326	327.4	1892.37
5.79	0.448326	327.4	1895.65
5.8	0.448326	327.4	1898.92
5.81	0.448326	327.4	1902.2
5.82	0.448326	327.4	1905.47
5.83	0.448326	327.4	1908.74
5.84	0.448326	327.4	1912.02
5.85	0.448326	327.4	1915.29
5.86	0.448326	327.4	1918.57
5.87	0.448326	327.4	1921.84
5.88	0.448326	327.4	1925.11
5.89	0.448326	327.4	1928.39
5.9	0.448326	327.4	1931.66
5.91	0.448326	327.4	1934.94
5.92	0.448326	327.4	1938.21
5.93	0.448326	327.4	1941.48
5.94	0.448326	327.4	1944.76
5.95	0.448326	327.4	1948.03
5.96	0.448326	327.4	1951.31
5.97	0.448326	327.4	1954.58
5.98	0.448326	327.4	1957.85
5.99	0.448326	327.4	1961.13
6	0.448326	327.4	1964.4
6.01	0.448326	327.4	1967.68
6.02	0.448326	327.4	1970.95
6.03	0.448326	327.4	1974.22
6.04	0.448326	327.4	1977.5
6.05	0.448326	327.4	1980.77
6.06	0.448326	327.4	1984.05
6.07	0.448326	327.4	1987.32
6.08	0.448326	327.4	1990.59
6.09	0.448326	327.4	1993.87
6.1	0.448326	327.4	1997.14
6.11	0.448326	327.4	2000.42
6.12	0.448326	327.4	2003.69
6.13	0.448326	327.4	2006.96
6.14	0.448326	327.4	2010.24
6.15	0.448326	327.4	2013.51
6.16	0.448326	327.4	2016.79
6.17	0.448326	327.4	2020.06
6.18	0.448326	327.4	2023.33
6.19	0.448326	327.4	2026.61
6.2	0.448326	327.4	2029.88
6.21	0.448326	327.4	2033.16
6.22	0.448326	327.4	2036.43
6.23	0.448326	327.4	2039.7
6.24	0.448326	327.4	2042.98
6.25	0.448326	327.4	2046.25
6.26	0.448326	327.4	2049.53
6.27	0.448326	327.4	2052.8
6.28	0.448326	327.4	2056.07
6.29	0.448326	327.4	2059.35
6.3	0.448326	327.4	2062.62
6.31	0.448326	327.4	2065.9
6.32	0.448326	327.4	2069.17
6.33	0.448326	327.4	2072.44
6.34	0.448326	327.4	2075.72
6.35	0.448326	327.4	2078.99
6.36	0.448326	327.4	2082.27
6.37	0.448326	327.4	2085.54
6.38	0.448326	327.4	2088.81
6.39	0.448326	327.4	2092.09
6.4	0.448326	327.4	2095.36
6.41	0.448326	327.4	2098.64
6.42	0.448326	327.4	2101.91
6.43	0.448326	327.4	2105.18
6.44	0.448326	327.4	2108.46
6.45	0.448326	327.4	2111.73
6.46	0.448326	327.4	2115.01
6.47	0.448326	327.4	2118.28
6.48	0.448326	327.4	2121.55
6.49	0.448326	327.4	2124.83
6.5	0.448326	327.4	2128.1
6.51	0.448326	327.4	2131.38
6.52	0.448326	327.4	2134.65
6.53	0.448326	327.4	2137.92
6.54	0.448326	327.4	2141.2
6.55	0.448326	327.4	2144.47
6.56	0.448326	327.4	2147.75
6.57	0.448326	327.4	2151.02
6.58	0.448326	327.4	2154.29
6.59	0.448326	327.4	2157.57
6.6	0.448326	327.4	2160.84
6.61	0.448326	327.4	2164.12
6.62	0.448326	327.4	2167.39
6.63	0.448326	327.4	2170.66
6.64	0.448326	327.4	2173.94
6.65	0.448326	327.4	2177.21
6.66	0.448326	327.4	2180.49
6.67	0.448326	327.4	2183.76
6.68	0.448326	327.4	2187.03
6.69	0.448326	327.4	2190.31
6.7	0.448326	327.4	2193.58
6.71	0.448326	327.4	2196.86
6.72	0.448326	327.4	2200.13
6.73	0.448326	327.4	2203.4
6.74	0.448326	327.4	2206.68
6.75	0.448326	327.4	2209.95
6.76	0.448326	327.4	2213.23
6.77	0.448326	327.4	2216.5
6.78	0.448326	327.4	2219.77
6.79	0.448326	327.4	2223.05
6.8	0.448326	327.4	2226.32
6.81	0.448326	327.4	2229.6
6.82	0.448326	327.4	2232.87
6.83	0.448326	327.4	2236.14
6.84	0.448326	327.4	2239.42
6.85	0.448326	327.4	2242.69
6.86	0.448326	327.4	2245.97
6.87	0.448326	327.4	2249.24
6.88	0.448326	327.4	2252.51
6.89	0.448326	327.4	2255.79
6.9	0.448326	327.4	2259.06
6.91	0.448326	327.4	2262.34
6.92	0.448326	327.4	2265.61
6.93	0.448326	327.4	2268.88
6.94	0.448326	327.4	2272.16
6.95	0.448326	327.4	2275.43
6.96	0.448326	327.4	2278.71
6.97	0.448326	327.4	2281.98
6.98	0.448326	327.4	2285.25
6.99	0.448326	327.4	2288.53
7	0.448326	327.4	2291.8
7.01	0.448326	327.4	2295.08
7.02	0.448326	327.4	2298.35
7.03	0.448326	327.4	2301.62
7.04	0.448326	327.4	2304.9
7.05	0.448326	327.4	2308.17
7.06	0.448326	327.4	2311.45
7.07	0.448326	327.4	2314.72
7.08	0.448326	327.4	2317.99
7.09	0.448326	327.4	2321.27
7.1	0.448326	327.4	2324.54
7.11	0.448326	327.4	2327.82
7.12	0.448326	327.4	2331.09
7.13	0.448326	327.4	2334.36
7.14	0.448326	327.4	2337.64
7.15	0.448326	327.4	2340.91
7.16	0.448326	327.4	2344.19
7.17	0.448326	327.4	2347.46
7.18	0.448326	327.4	2350.73
7.19	0.448326	327.4	2354.01
7.2	0.448326	327.4	2357.28
7.21	0.448326	327.4	2360.56
7.22	0.448326	327.4	2363.83
7.23	0.448326	327.4	2367.1
7.24	0.448326	327.4	2370.38
7.25	0.448326	327.4	2373.65
7.26	0.448326	327.4	2376.93
7.27	0.448326	327.4	2380.2
7.28	0.448326	327.4	2383.47
7.29	0.448326	327.4	2386.75
7.3	0.448326	327.4	2390.02
7.31	0.448326	327.4	2393.3
7.32	0.448326	327.4	2396.57
7.33	0.448326	327.4	2399.84
7.34	0.448326	327.4	2403.12
7.35	0.448326	327.4	2406.39
7.36	0.448326	327.4	2409.67
7.37	0.448326	327.4	2412.94
7.38	0.448326	327.4	2416.21
7.39	0.448326	327.4	2419.49
7.4	0.448326	327.4	2422.76
7.41	0.448326	327.4	2426.04
7.42	0.448326	327.4	2429.31
7.43	0.448326	327.4	2432.58
7.44	0.448326	327.4	2435.86
7.45	0.448326	327.4	2439.13
7.46	0.448326	327.4	2442.41
7.47	0.448326	327.4	2445.68
7.48	0.448326	327.4	2448.95
7.49	0.448326	327.4	2452.23
7.5	0.448326	327.4	2455.5
7.51	0.448326	327.4	2458.78
7.52	0.448326	327.4	2462.05
7.53	0.448326	327.4	2465.32
7.54	0.448326	327.4	2468.6
7.55	0.448326	327.4	2471.87
7.56	0.448326	327.4	2475.15
7.57	0.448326	327.4	2478.42
7.58	0.448326	327.4	2481.69
7.59	0.448326	327.4	2484.97
7.6	0.448326	327.4	2488.24
7.61	0.448326	327.4	2491.52
7.62	0.448326	327.4	2494.79
7.63	0.448326	327.4	2498.06
7.64	0.448326	327.4	2501.34
7.65	0.448326	327.4	2504.61
7.66	0.448326	327.4	2507.89
7.67	0.448326	327.4	2511.16
7.68	0.448326	327.4	2514.43
7.69	0.448326	327.4	2517.71
7.7	0.448326	327.4	2520.98
7.71	0.448326	327.4	2524.26
7.72	0.448326	327.4	2527.53
7.73	0.448326	327.4	2530.8
7.74	0.448326	327.4	2534.08
7.75	0.448326	327.4	2537.35
7.76	0.448326	327.4	2540.63
7.77	0.448326	327.4	2543.9
7.78	0.448326	327.4	2547.17
7.79	0.448326	327.4	2550.45
7.8	0.448326	327.4	2553.72
7.81	0.448326	327.4	2557
7.82	0.448326	327.4	2560.27
7.83	0.448326	327.4	2563.54
7.84	0.448326	327.4	2566.82
7.85	0.448326	327.4	2570.09
7.86	0.448326	327.4	2573.37
7.87	0.448326	327.4	2576.64
7.88	0.448326	327.4	2579.91
7.89	0.448326	327.4	2583.19
7.9	0.448326	327.4	2586.46
7.91	0.448326	327.4	2589.73
7.92	0.448326	327.4	2593.01
7.93	0.448326	327.4	2596.28
7.94	0.448326	327.4	2599.56
7.95	0.448326	327.4	2602.83
7.96	0.448326	327.4	2606.1
7.97	0.448326	327.4	2609.38
7.98	0.448326	327.4	2612.65
7.99	0.448326	327.4	2615.93
8	0.448326	327.4	2619.2
8.01	0.448326	327.4	2622.47
8.02	0.448326	327.4	2625.75
8.03	0.448326	327.4	2629.02
8.04	0.448326	327.4	2632.3
8.05	0.448326	327.4	2635.57
8.06	0.448326	327.4	2638.84
8.07	0.448326	327.4	2642.12
8.08	0.448326	327.4	2645.39
8.09	0.448326	327.4	2648.67
8.1	0.448326	327.4	2651.94
8.11	0.448326	327.4	2655.21
8.12	0.448326	327.4	2658.49
8.13	0.448326	327.4	2661.76
8.14	0.448326	327.4	2665.04
8.15	0.448326	327.4	2668.31
8.16	0.448326	327.4	2671.58
8.17	0.448326	327.4	2674.86
8.18	0.448326	327.4	2678.13
8.19	0.448326	327.4	2681.41
8.2	0.448326	327.4	2684.68
8.21	0.448326	327.4	2687.95
8.22	0.448326	327.4	2691.23
8.23	0.448326	327.4	2694.5
8.24	0.448326	327.4	2697.78
8.25	0.448326	327.4	2701.05
8.26	0.448326	327.4	2704.32
8.27	0.448326	327.4	2707.6
8.28	0.448326	327.4	2710.87
8.29	0.448326	327.4	2714.15
8.3	0.448326	327.4	2717.42
8.31	0.448326	327.4	2720.69
8.32	0.448326	327.4	2723.97
8.33	0.448326	327.4	2727.24
8.34	0.448326	327.4	2730.52
8.35	0.448326	327.4	2733.79
8.36	0.448326	327.4	2737.06
8.37	0.448326	327.4	2740.34
8.38	0.448326	327.4	2743.61
8.39	0.448326	327.4	2746.89
8.4	0.448326	327.4	2750.16
8.41	0.448326	327.4	2753.43
8.42	0.448326	327.4	2756.71
8.43	0.448326	327.4	2759.98
8.44	0.448326	327.4	2763.26
8.45	0.448326	327.4	2766.53
8.46	0.448326	327.4	2769.8
8.47	0.448326	327.4	2773.08
8.48	0.448326	327.4	2776.35
8.49	0.448326	327.4	2779.63
8.5	0.448326	327.4	2782.9
8.51	0.448326	327.4	2786.17
8.52	0.448326	327.4	2789.45
8.53	0.448326	327.4	2792.72
8.54	0.448326	327.4	2796
8.55	0.448326	327.4	2799.27
8.56	0.448326	327.4	2802.54
8.57	0.448326	327.4	2805.82
8.58	0.448326	327.4	2809.09
8.59	0.448326	327.4	2812.37
8.6	0.448326	327.4	2815.64
8.61	0.448326	327.4	2818.91
8.62	0.448326	327.4	2822.19
8.63	0.448326	327.4	2825.46
8.64	0.448326	327.4	2828.74
8.65	0.448326	327.4	2832.01
8.66	0.448326	327.4	2835.28
8.67	0.448326	327.4	2838.56
8.68	0.448326	327.4	2841.83
8.69	0.448326	327.4	2845.11
8.7	0.448326	327.4	2848.38
8.71	0.448326	327.4	2851.65
8.72	0.448326	327.4	2854.93
8.73	0.448326	327.4	2858.2
8.74	0.448326	327.4	2861.48
8.75	0.448326	327.4	2864.75
8.76	0.448326	327.4	2868.02
8.77	0.448326	327.4	2871.3
8.78	0.448326	327.4	2874.57
8.79	0.448326	327.4	2877.85
8.8	0.448326	327.4	2881.12
8.81	0.448326	327.4	2884.39
8.82	0.448326	327.4	2887.67
8.83	0.448326	327.4	2890.94
8.84	0.448326	327.4	2894.22
8.85	0.448326	327.4	2897.49
8.86	0.448326	327.4	2900.76
8.87	0.448326	327.4	2904.04
8.88	0.448326	327.4	2907.31
8.89	0.448326	327.4	2910.59
8.9	0.448326	327.4	2913.86
8.91	0.448326	327.4	2917.13
8.92	0.448326	327.4	2920.41
8.93	0.448326	327.4	2923.68
8.94	0.448326	327.4	2926.96
8.95	0.448326	327.4	2930.23
8.96	0.448326	327.4	2933.5
8.97	0.448326	327.4	2936.78
8.98	0.448326	327.4	2940.05
8.99	0.448326	327.4	2943.33
9	0.448326	327.4	2946.6
9.01	0.448326	327.4	2949.87
9.02	0.448326	327.4	2953.15
9.03	0.448326	327.4	2956.42
9.04	0.448326	327.4	2959.7
9.05	0.448326	327.4	2962.97
9.06	0.448326	327.4	2966.24
9.07	0.448326	327.4	2969.52
9.08	0.448326	327.4	2972.79
9.09	0.448326	327.4	2976.07
9.1	0.448326	327.4	2979.34
9.11	0.448326	327.4	2982.61
9.12	0.448326	327.4	2985.89
9.13	0.448326	327.4	2989.16
9.14	0.448326	327.4	2992.44
9.15	0.448326	327.4	2995.71
9.16	0.448326	327.4	2998.98
9.17	0.448326	327.4	3002.26
9.18	0.448326	327.4	3005.53
9.19	0.448326	327.4	3008.81
9.2	0.448326	327.4	3012.08
9.21	0.448326	327.4	3015.35
9.22	0.448326	327.4	3018.63
9.23	0.448326	327.4	3021.9
9.24	0.448326	327.4	3025.18
9.25	0.448326	327.4	3028.45
9.26	0.448326	327.4	3031.72
9.27	0.448326	327.4	3035
9.28	0.448326	327.4	3038.27
9.29	0.448326	327.4	3041.55
9.3	0.448326	327.4	3044.82
9.31	0.448326	327.4	3048.09
9.32	0.448326	327.4	3051.37
9.33	0.448326	327.4	3054.64
9.34	0.448326	327.4	3057.92
9.35	0.448326	327.4	3061.19
9.36	0.448326	327.4	3064.46
9.37	0.448326	327.4	3067.74
9.38	0.448326	327.4	3071.01
9.39	0.448326	327.4	3074.29
9.4	0.448326	327.4	3077.56
9.41	0.448326	327.4	3080.83
9.42	0.448326	327.4	3084.11
9.43	0.448326	327.4	3087.38
9.44	0.448326	327.4	3090.66
9.45	0.448326	327.4	3093.93
9.46	0.448326	327.4	3097.2
9.47	0.448326	327.4	3100.48
9.48	0.448326	327.4	3103.75
9.49	0.448326	327.4	3107.03
9.5	0.448326	327.4	3110.3
9.51	0.448326	327.4	3113.57
9.52	0.448326	327.4	3116.85
9.53	0.448326	327.4	3120.12
9.54	0.448326	327.4	3123.4
9.55	0.448326	327.4	3126.67
9.56	0.448326	327.4	3129.94
9.57	0.448326	327.4	3133.22
9.58	0.448326	327.4	3136.49
9.59	0.448326	327.4	3139.77
9.6	0.448326	327.4	3143.04
9.61	0.448326	327.4	3146.31
9.62	0.448326	327.4	3149.59
9.63	0.448326	327.4	3152.86
9.64	0.448326	327.4	3156.14
9.65	0.448326	327.4	3159.41
9.66	0.448326	327.4	3162.68
9.67	0.448326	327.4	3165.96
9.68	0.448326	327.4	3169.23
9.69	0.448326	327.4	3172.51
9.7	0.448326	327.4	3175.78
9.71	0.448326	327.4	3179.05
9.72	0.448326	327.4	3182.33
9.73	0.448326	327.4	3185.6
9.74	0.448326	327.4	3188.88
9.75	0.448326	327.4	3192.15
9.76	0.448326	327.4	3195.42
9.77	0.448326	327.4	3198.7
9.78	0.448326	327.4	3201.97
9.79	0.448326	327.4	3205.25
9.8	0.448326	327.4	3208.52
9.81	0.448326	327.4	3211.79
9.82	0.448326	327.4	3215.07
9.83	0.448326	327.4	3218.34
9.84	0.448326	327.4	3221.62
9.85	0.448326	327.4	3224.89
9.86	0.448326	327.4	3228.16
9.87	0.448326	327.4	3231.44
9.88	0.448326	327.4	3234.71
9.89	0.448326	327.4	3237.99
9.9	0.448326	327.4	3241.26
9.91	0.448326	327.4	3244.53
9.92	0.448326	327.4	3247.81
9.93	0.448326	327.4	3251.08
9.94	0.448326	327.4	3254.36
9.95	0.448326	327.4	3257.63
9.96	0.448326	327.4	3260.9
9.97	0.448326	327.4	3264.18
9.98	0.448326	327.4	3267.45
9.99	0.448326	327.4	3270.73
10	0.448326	327.4	3274
