0.0	0.04465329999999999
0.0046301736321896075	0.05839140099305633
0.014630173632189608	0.0880508357762593
0.024630173632189608	0.11769471789874704
0.034630173632189606	0.14732304736051954
0.04463017363218961	0.1769358241615768
0.05463017363218961	0.2065330483019189
0.0646301736321896	0.23611471978154572
0.0746301736321896	0.2656808386004573
0.0846301736321896	0.29523140475865367
0.09463017363218959	0.32476641825613484
0.10463017363218959	0.35428587909290077
0.11463017363218958	0.38378978726895147
0.12463017363218958	0.41327814278428693
0.13463017363218957	0.44275094563890716
0.14463017363218958	0.4722081958328122
0.1546301736321896	0.501649893366002
0.1646301736321896	0.5310760382384766
0.1746301736321896	0.560486630450236
0.18463017363218961	0.5898816700012801
0.19463017363218962	0.619261156891609
0.20463017363218963	0.6486250911212228
0.21463017363218964	0.6779734726901213
0.22463017363218965	0.7073063015983045
0.23463017363218966	0.7366235778457726
0.24463017363218967	0.7659253014325255
0.25463017363218965	0.7952114723585629
0.26463017363218966	0.8244820906238853
0.27463017363218967	0.8537371562284926
0.2846301736321897	0.8829766691723845
0.2946301736321897	0.9122006294555611
0.3046301736321897	0.9414090370780227
0.3146301736321897	0.970601892039769
0.3246301736321897	0.9997791943408
0.3346301736321897	1.028940943981116
0.34463017363218973	1.0580871409607164
0.35463017363218974	1.0872177852796017
0.36463017363218975	1.1163328769377718
0.37463017363218976	1.145432415935227
0.38463017363218976	1.1745164022719665
0.3946301736321898	1.203584835947991
0.4046301736321898	1.2326377169633003
0.4146301736321898	1.2616750453178942
0.4246301736321898	1.290696821011773
0.4346301736321898	1.3197030440449364
0.4446301736321898	1.3486937144173847
0.4546301736321898	1.3776688321291177
0.46463017363218984	1.4066283971801354
0.47463017363218984	1.4355724095704379
0.48463017363218985	1.4645008693000252
0.49463017363218986	1.4934137763688973
0.5046301736321899	1.522311130777054
0.5146301736321899	1.5511929325244957
0.5246301736321899	1.5800591816112222
0.5346301736321899	1.6089098780372333
0.5446301736321899	1.6377450218025293
0.5546301736321899	1.6665646129071099
0.5646301736321899	1.6953686513509754
0.5746301736321899	1.7241571371341258
0.5846301736321899	1.752930070256561
0.59463017363219	1.7816874507182807
0.60463017363219	1.8104292785192853
0.61463017363219	1.8391555536595745
0.62463017363219	1.8678662761391487
0.63463017363219	1.8965614459580076
0.64463017363219	1.9252410631161514
0.65463017363219	1.9539051276135797
0.66463017363219	1.9825536394502932
0.67463017363219	2.011186598626291
0.68463017363219	2.039804005141574
0.69463017363219	2.0684058589961416
0.70463017363219	2.096992160189994
0.7146301736321901	2.125562908723131
0.7246301736321901	2.1541181045955526
0.7346301736321901	2.1826577478072595
0.7446301736321901	2.211181838358251
0.7546301736321901	2.239690376248527
0.7646301736321901	2.268183361478088
0.7746301736321901	2.2966607940469337
0.7846301736321901	2.3251226739550646
0.7946301736321901	2.3535690012024797
0.8046301736321901	2.38199977578918
0.8146301736321901	2.4104149977151645
0.8246301736321902	2.4388146669804343
0.8346301736321902	2.4671987835849887
0.8446301736321902	2.495567347528828
0.8546301736321902	2.523920358811952
0.8646301736321902	2.5522578174343606
0.8746301736321902	2.5805797233960543
0.8846301736321902	2.6088860766970328
0.8946301736321902	2.6371768773372963
0.9046301736321902	2.665452125316844
0.9146301736321902	2.6937118206356767
0.9246301736321902	2.7219559632937944
0.9346301736321903	2.750184553291197
0.9446301736321903	2.7783975906278835
0.9546301736321903	2.8065950753038558
0.9646301736321903	2.8347770073191123
0.9746301736321903	2.8629433866736536
0.9846301736321903	2.89109421336748
0.9946301736321903	2.919229487400591
1.0046301736321903	2.9473492087729865
1.0146301736321903	2.975453377484667
1.0246301736321903	3.0035419935356322
1.0346301736321903	3.0316150569258826
1.0446301736321904	3.0596725676554173
1.0546301736321904	3.087714525724237
1.0646301736321904	3.115740931132341
1.0746301736321904	3.1437517838797304
1.0846301736321904	3.1717470839664044
1.0946301736321904	3.199726831392363
1.1046301736321904	3.2276910261576064
1.1146301736321904	3.255639668262135
1.1246301736321904	3.2835727577059477
1.1346301736321904	3.3114902944890456
1.1446301736321904	3.3393922786114283
1.1546301736321904	3.3672787100730956
1.1646301736321905	3.3951495888740477
1.1746301736321905	3.4230049150142845
1.1846301736321905	3.4508446884938064
1.1946301736321905	3.4786689093126126
1.2046301736321905	3.506477577470704
1.2146301736321905	3.53427069296808
1.2246301736321905	3.562048255804741
1.2346301736321905	3.5898102659806863
1.2446301736321905	3.6175567234959165
1.2546301736321905	3.645287628350432
1.2646301736321905	3.6730029805442315
1.2746301736321906	3.7007027800773162
1.2846301736321906	3.7283870269496857
1.2946301736321906	3.75605572116134
1.3046301736321906	3.783708862712279
1.3146301736321906	3.811346451602503
1.3246301736321906	3.838968487832011
1.3346301736321906	3.8665749714008046
1.3446301736321906	3.8941659023088824
1.3546301736321906	3.9217412805562457
1.3646301736321906	3.949301106142893
1.3746301736321906	3.9768453790688256
1.3846301736321907	4.004374099334043
1.3946301736321907	4.031887266938544
1.4046301736321907	4.05938488188233
1.4146301736321907	4.086866944165402
1.4246301736321907	4.114333453787759
1.4346301736321907	4.141784410749399
1.4446301736321907	4.169219815050325
1.4546301736321907	4.196639666690535
1.4646301736321907	4.22404396567003
1.4746301736321907	4.25143271198881
1.4846301736321907	4.278805905646875
1.4946301736321908	4.306163546644224
1.5046301736321908	4.333505634980859
1.5146301736321908	4.360832170656777
1.5246301736321908	4.388143153671981
1.5346301736321908	4.41543858402647
1.5446301736321908	4.442718461720243
1.5546301736321908	4.469982786753301
1.5646301736321908	4.497231559125644
1.5746301736321908	4.524464778837271
1.5846301736321908	4.551682445888184
1.5946301736321908	4.5788845602783805
1.6046301736321908	4.6060711220078625
1.6146301736321909	4.63324213107663
1.6246301736321909	4.660397587484681
1.6346301736321909	4.687537491232018
1.6446301736321909	4.714661842318638
1.654630173632191	4.741770640744544
1.664630173632191	4.768863886509735
1.674630173632191	4.79594157961421
1.684630173632191	4.8230037200579705
1.694630173632191	4.850050307841015
1.704630173632191	4.877081342963345
1.714630173632191	4.9040968254249595
1.724630173632191	4.931096755225859
1.734630173632191	4.9580811323660425
1.744630173632191	4.985049956845511
1.754630173632191	5.012003228664265
1.764630173632191	5.0389409478223035
1.774630173632191	5.065863114319626
1.784630173632191	5.0927697281562345
1.794630173632191	5.119660789332127
1.804630173632191	5.146536297847304
1.814630173632191	5.173396253701767
1.824630173632191	5.200240656895513
1.834630173632191	5.227069507428546
1.844630173632191	5.253882805300862
1.854630173632191	5.280680550512463
1.864630173632191	5.307462743063349
1.874630173632191	5.33422938295352
1.884630173632191	5.360980470182976
1.894630173632191	5.3877160047517165
1.9046301736321911	5.414435986659741
1.9146301736321911	5.441140415907052
1.9246301736321911	5.467829292493646
1.9346301736321911	5.494502616419526
1.9446301736321912	5.52116038768469
1.9546301736321912	5.547802606289139
1.9646301736321912	5.574429272232873
1.9746301736321912	5.6010403855158915
1.9846301736321912	5.627635946138194
1.9946301736321912	5.654215954099783
2.004630173632191	5.680780409400655
2.0146301736321908	5.707329312040812
2.0246301736321906	5.733862662020255
2.0346301736321903	5.760380459338981
2.04463017363219	5.786882703996992
2.05463017363219	5.813369395994289
2.0646301736321897	5.83984053533087
2.0746301736321895	5.866296122006736
2.0846301736321893	5.892736156021885
2.094630173632189	5.919160637376321
2.104630173632189	5.945569566070041
2.1146301736321886	5.971962942103047
2.1246301736321884	5.998340765475335
2.134630173632188	6.024703036186911
2.144630173632188	6.05104975423777
2.154630173632188	6.077380919627914
2.1646301736321876	6.103696532357342
2.1746301736321874	6.129996592426056
2.184630173632187	6.156281099834055
2.194630173632187	6.182550054581338
2.2046301736321867	6.208803456667905
2.2146301736321865	6.235041306093758
2.2246301736321863	6.261263602858896
2.234630173632186	6.2874703469633175
2.244630173632186	6.3136615384070245
2.2546301736321857	6.339837177190017
2.2646301736321854	6.365997263312293
2.2746301736321852	6.392141796773854
2.284630173632185	6.418270777574699
2.294630173632185	6.444384205714831
2.3046301736321846	6.4704820811942465
2.3146301736321844	6.496564404012947
2.324630173632184	6.5226311741709315
2.334630173632184	6.548682391668202
2.3446301736321837	6.574718056504757
2.3546301736321835	6.600738168680596
2.3646301736321833	6.62674272819572
2.374630173632183	6.652731735050129
2.384630173632183	6.678705189243823
2.3946301736321827	6.704663090776802
2.4046301736321825	6.730605439649064
2.4146301736321822	6.756532235860614
2.424630173632182	6.782443479411446
2.434630173632182	6.808339170301564
2.4446301736321816	6.834219308530966
2.4546301736321814	6.860083894099653
2.464630173632181	6.885932927007626
2.474630173632181	6.911766407254882
2.4846301736321807	6.937584334841423
2.4946301736321805	6.96338670976725
2.5046301736321803	6.989173532032361
2.51463017363218	7.014944801636758
2.52463017363218	7.040700518580437
2.5346301736321797	7.066440682863403
2.5446301736321795	7.092165294485654
2.5546301736321793	7.117874353447188
2.564630173632179	7.143567859748008
2.574630173632179	7.1692458133881125
2.5846301736321786	7.194908214367502
2.5946301736321784	7.220555062686176
2.604630173632178	7.246186358344135
2.614630173632178	7.271802101341379
2.6246301736321778	7.2974022916779075
2.6346301736321776	7.32298692935372
2.6446301736321773	7.348556014368818
2.654630173632177	7.374109546723201
2.664630173632177	7.399647526416869
2.6746301736321767	7.425169953449821
2.6846301736321765	7.450676827822058
2.6946301736321763	7.47616814953358
2.704630173632176	7.501643918584387
2.714630173632176	7.527104134974477
2.7246301736321756	7.552548798703853
2.7346301736321754	7.577977909772515
2.744630173632175	7.603391468180461
2.754630173632175	7.628789473927691
2.764630173632175	7.654171927014206
2.7746301736321746	7.679538827440006
2.7846301736321744	7.704890175205091
2.794630173632174	7.730225970309461
2.804630173632174	7.7555462127531145
2.8146301736321737	7.780850902536054
2.8246301736321735	7.8061400396582785
2.8346301736321733	7.8314136241197865
2.844630173632173	7.85667165592058
2.854630173632173	7.881914135060659
2.8646301736321726	7.907141061540021
2.8746301736321724	7.932352435358669
2.8846301736321722	7.957548256516602
2.894630173632172	7.982728525013819
2.904630173632172	8.007893240850322
2.9146301736321716	8.033042404026109
2.9246301736321714	8.058176014541178
2.934630173632171	8.083294072395535
2.944630173632171	8.108396577589177
2.9546301736321707	8.133483530122103
2.9646301736321705	8.158554929994313
2.9746301736321703	8.183610777205809
2.98463017363217	8.20865107175659
2.99463017363217	8.233675813646656
3.0046301736321697	8.258685002876005
3.0146301736321695	8.28367863944464
3.0246301736321692	8.30865672335256
3.034630173632169	8.333619254599762
3.044630173632169	8.358566233186252
3.0546301736321686	8.383497659112026
3.0646301736321684	8.408413532377084
3.074630173632168	8.433313852981428
3.084630173632168	8.458198620925055
3.0946301736321677	8.483067836207969
3.1046301736321675	8.507921498830166
3.1146301736321673	8.532759608791649
3.124630173632167	8.557582166092415
3.134630173632167	8.582389170732467
3.1446301736321667	8.607180622711804
3.1546301736321665	8.631956522030425
3.1646301736321663	8.656716868688331
3.174630173632166	8.681461662685523
3.184630173632166	8.706190904021998
3.1946301736321656	8.73090459269776
3.2046301736321654	8.755602728712804
3.214630173632165	8.780285312067134
3.224630173632165	8.80495234276075
3.2346301736321648	8.829603820793649
3.2446301736321645	8.854239746165833
3.2546301736321643	8.878860118877302
3.264630173632164	8.903464938928057
3.274630173632164	8.928054206318096
3.2846301736321637	8.95262792104742
3.2946301736321635	8.977186083116028
3.3046301736321633	9.00172869252392
3.314630173632163	9.0262557492711
3.324630173632163	9.050767253357561
3.3346301736321626	9.075263204783308
3.3446301736321624	9.09974360354834
3.354630173632162	9.124208449652658
3.364630173632162	9.14865774309626
3.374630173632162	9.173091483879146
3.3846301736321616	9.197509672001317
3.3946301736321614	9.221912307462773
3.404630173632161	9.246299390263514
3.414630173632161	9.270670920403541
3.4246301736321607	9.29502689788285
3.4346301736321605	9.319367322701446
3.4446301736321603	9.343692194859326
3.45463017363216	9.36800151435649
3.46463017363216	9.39229528119294
3.4746301736321596	9.416573495368674
3.4846301736321594	9.440836156883693
3.494630173632159	9.465083265737997
3.504630173632159	9.489314821931586
3.514630173632159	9.513530825464459
3.5246301736321586	9.537731276336617
3.5346301736321584	9.56191617454806
3.544630173632158	9.586085520098788
3.554630173632158	9.6102393129888
3.5646301736321577	9.634377553218098
3.5746301736321575	9.65850024078668
3.5846301736321573	9.682607375694547
3.594630173632157	9.706698957941697
3.604630173632157	9.730774987528134
3.6146301736321567	9.754835464453855
3.6246301736321564	9.77888038871886
3.6346301736321562	9.802909760323152
3.644630173632156	9.826923579266726
3.654630173632156	9.850921845549587
3.6646301736321556	9.874904559171732
3.6746301736321554	9.898871720133162
3.684630173632155	9.922823328433877
3.694630173632155	9.946759384073877
3.7046301736321547	9.97067988705316
3.7146301736321545	9.994584837371729
3.7246301736321543	10.018474235029583
3.734630173632154	10.042348080026722
3.744630173632154	10.066206372363144
3.7546301736321537	10.090049112038852
3.7646301736321535	10.113876299053844
3.7746301736321533	10.137687933408122
3.784630173632153	10.161484015101685
3.794630173632153	10.185264544134531
3.8046301736321526	10.209029520506663
3.8146301736321524	10.232778944218081
3.824630173632152	10.256512815268781
3.834630173632152	10.280231133658768
3.8446301736321518	10.303933899388038
3.8546301736321515	10.327621112456594
3.8646301736321513	10.351292772864435
3.874630173632151	10.374948880611562
3.884630173632151	10.398589435697973
3.8946301736321507	10.422214438123667
3.9046301736321505	10.445823887888647
3.9146301736321503	10.469417784992912
3.92463017363215	10.49299612943646
3.93463017363215	10.516558921219293
3.9446301736321496	10.540106160341411
3.9546301736321494	10.563637846802816
3.964630173632149	10.587153980603505
3.974630173632149	10.610654561743479
3.9846301736321488	10.634139590222736
3.9946301736321486	10.657609066041278
4.004630173632148	10.681062989199106
4.014630173632148	10.704501359696216
4.024630173632148	10.727924177532612
4.034630173632148	10.751331442708295
4.0446301736321475	10.774723155223262
4.054630173632147	10.798099315077515
4.064630173632147	10.82145992227105
4.074630173632147	10.844804976803871
4.084630173632147	10.868134478675977
4.094630173632146	10.891448427887365
4.104630173632146	10.914746824438039
4.114630173632146	10.938029668328001
4.124630173632146	10.961296959557245
4.134630173632146	10.984548698125776
4.144630173632145	11.00778488403359
4.154630173632145	11.031005517280688
4.164630173632145	11.054210597867073
4.174630173632145	11.07740012579274
4.1846301736321445	11.100574101057692
4.194630173632144	11.123732523661932
4.204630173632144	11.146875393605455
4.214630173632144	11.170002710888262
4.224630173632144	11.193114475510356
4.2346301736321434	11.216210687471733
4.244630173632143	11.239291346772394
4.254630173632143	11.26235645341234
4.264630173632143	11.28540600739157
4.274630173632143	11.308440008710088
4.284630173632142	11.331458457367889
4.294630173632142	11.354461353364975
4.304630173632142	11.377448696701347
4.314630173632142	11.400420487377001
4.3246301736321415	11.423376725391941
4.334630173632141	11.446317410746165
4.344630173632141	11.469242543439675
4.354630173632141	11.49215212347247
4.364630173632141	11.51504615084455
4.3746301736321405	11.537924625555915
4.38463017363214	11.560787547606562
4.39463017363214	11.583634916996497
4.40463017363214	11.606466733725714
4.41463017363214	11.629282997794217
4.424630173632139	11.652083709202003
4.434630173632139	11.674868867949078
4.444630173632139	11.697638474035436
4.454630173632139	11.720392527461078
4.4646301736321385	11.743131028226005
4.474630173632138	11.765853976330217
4.484630173632138	11.788561371773714
4.494630173632138	11.811253214556494
4.504630173632138	11.833929504678558
4.5146301736321375	11.85659024213991
4.524630173632137	11.879235426940546
4.534630173632137	11.901865059080468
4.544630173632137	11.924479138559674
4.554630173632137	11.947077665378163
4.564630173632136	11.969660639535936
4.574630173632136	11.992228061032996
4.584630173632136	12.01477992986934
4.594630173632136	12.03731624604497
4.604630173632136	12.059837009559883
4.614630173632135	12.082342220414082
4.624630173632135	12.104831878607566
4.634630173632135	12.127305984140335
4.644630173632135	12.149764537012388
4.6546301736321345	12.172207537223724
4.664630173632134	12.194634984774346
4.674630173632134	12.217046879664254
4.684630173632134	12.239443221893447
4.694630173632134	12.261824011461924
4.704630173632133	12.284189248369685
4.714630173632133	12.306538932616732
4.724630173632133	12.328873064203062
4.734630173632133	12.351191643128677
4.744630173632133	12.373494669393578
4.754630173632132	12.395782142997763
4.764630173632132	12.418054063941234
4.774630173632132	12.44031043222399
4.784630173632132	12.46255124784603
4.7946301736321315	12.484776510807354
4.804630173632131	12.506986221107963
4.814630173632131	12.529180378747856
4.824630173632131	12.551358983727035
4.834630173632131	12.5735220360455
4.84463017363213	12.595669535703248
4.85463017363213	12.617801482700282
4.86463017363213	12.6399178770366
4.87463017363213	12.662018718712202
4.88463017363213	12.68410400772709
4.894630173632129	12.706173744081262
4.904630173632129	12.728227927774718
4.914630173632129	12.75026655880746
4.924630173632129	12.772289637179489
4.9346301736321285	12.7942971628908
4.944630173632128	12.816289135941396
4.954630173632128	12.838265556331276
4.964630173632128	12.860226424060443
4.974630173632128	12.882171739128891
4.9846301736321275	12.904101501536626
4.994630173632127	12.926015711283647
5.004630173632127	12.947914368369952
5.014630173632127	12.969797472795543
5.024630173632127	12.991665024560417
5.034630173632126	13.013517023664576
5.044630173632126	13.03535347010802
5.054630173632126	13.057174363890748
5.064630173632126	13.07897970501276
5.0746301736321255	13.10076949347406
5.084630173632125	13.122543729274643
5.094630173632125	13.144302412414511
5.104630173632125	13.166045542893665
5.114630173632125	13.187773120712102
5.1246301736321245	13.209485145869824
5.134630173632124	13.23118161836683
5.144630173632124	13.25286253820312
5.154630173632124	13.274527905378697
5.164630173632124	13.29617771989356
5.174630173632123	13.317811981747706
5.184630173632123	13.339430690941137
5.194630173632123	13.361033847473852
5.204630173632123	13.382621451345852
5.214630173632123	13.404193502557137
5.224630173632122	13.425750001107705
5.234630173632122	13.447290946997562
5.244630173632122	13.4688163402267
5.254630173632122	13.490326180795126
5.2646301736321215	13.511820468702835
5.274630173632121	13.533299203949829
5.284630173632121	13.554762386536106
5.294630173632121	13.576210016461669
5.304630173632121	13.597642093726517
5.31463017363212	13.61905861833065
5.32463017363212	13.640459590274068
5.33463017363212	13.661845009556771
5.34463017363212	13.68321487617876
5.35463017363212	13.704569190140031
5.364630173632119	13.725907951440586
5.374630173632119	13.747231160080428
5.384630173632119	13.768538816059554
5.394630173632119	13.789830919377964
5.4046301736321185	13.811107470035662
5.414630173632118	13.832368468032643
5.424630173632118	13.853613913368909
5.434630173632118	13.874843806044458
5.444630173632118	13.896058146059293
5.454630173632117	13.91725693341341
5.464630173632117	13.938440168106816
5.474630173632117	13.959607850139506
5.484630173632117	13.98075997951148
5.494630173632117	14.00189655622274
5.504630173632116	14.023017580273283
5.514630173632116	14.044123051663112
5.524630173632116	14.065212970392224
5.534630173632116	14.086287336460622
5.5446301736321155	14.107346149868302
5.554630173632115	14.128389410615272
5.564630173632115	14.149417118701525
5.574630173632115	14.170429274127061
5.584630173632115	14.191425876891884
5.5946301736321145	14.212406926995989
5.604630173632114	14.23337242443938
5.614630173632114	14.254322369222056
5.624630173632114	14.275256761344016
5.634630173632114	14.296175600805263
5.644630173632113	14.317078887605794
5.654630173632113	14.33796662174561
5.664630173632113	14.35883880322471
5.674630173632113	14.379695432043095
5.6846301736321125	14.400536508200764
5.694630173632112	14.421362031697717
5.704630173632112	14.442172002533955
5.714630173632112	14.46296642070948
5.724630173632112	14.48374528622429
5.7346301736321115	14.504508599078383
5.744630173632111	14.525256359271761
5.754630173632111	14.545988566804423
5.764630173632111	14.566705221676372
5.774630173632111	14.587406323887603
5.78463017363211	14.60809187343812
5.79463017363211	14.628761870327923
5.80463017363211	14.64941631455701
5.81463017363211	14.670055206125381
5.8246301736321096	14.69067854503304
5.834630173632109	14.711286331279979
5.844630173632109	14.731878564866205
5.854630173632109	14.752455245791715
5.864630173632109	14.773016374056509
5.8746301736321085	14.79356194966059
5.884630173632108	14.814091972603956
5.894630173632108	14.834606442886606
5.904630173632108	14.855105360508542
5.914630173632108	14.875588725469761
5.924630173632107	14.896056537770264
5.934630173632107	14.916508797410053
5.944630173632107	14.936945504389126
5.954630173632107	14.957366658707485
5.964630173632107	14.977772260365128
5.974630173632106	14.998162309362057
5.984630173632106	15.01853680569827
5.994630173632106	15.038895749373767
6.004630173632106	15.059239140388549
6.0146301736321055	15.079566978742616
6.024630173632105	15.099879264435966
6.034630173632105	15.120175997468603
6.044630173632105	15.140457177840526
6.054630173632105	15.160722805551734
6.064630173632104	15.180972880602225
6.074630173632104	15.201207402991999
6.084630173632104	15.22142637272106
6.094630173632104	15.241629789789405
6.104630173632104	15.261817654197033
6.114630173632103	15.28198996594395
6.124630173632103	15.30214672503015
6.134630173632103	15.322287931455634
6.144630173632103	15.342413585220404
6.1546301736321025	15.362523686324458
6.164630173632102	15.382618234767795
6.174630173632102	15.402697230550418
6.184630173632102	15.422760673672325
6.194630173632102	15.44280856413352
6.2046301736321015	15.462840901933998
6.214630173632101	15.48285768707376
6.224630173632101	15.502858919552809
6.234630173632101	15.52284459937114
6.244630173632101	15.542814726528757
6.2546301736321	15.562769301025659
6.2646301736321	15.582708322861844
6.2746301736321	15.602631792037316
6.2846301736321	15.622539708552074
6.2946301736320995	15.642432072406114
6.304630173632099	15.66230888359944
6.314630173632099	15.68217014213205
6.324630173632099	15.702015848003944
6.334630173632099	15.721846001215123
6.3446301736320985	15.741660601765588
6.354630173632098	15.761459649655338
6.364630173632098	15.781243144884373
6.374630173632098	15.801011087452693
6.384630173632098	15.820763477360297
6.394630173632097	15.840500314607185
6.404630173632097	15.860221599193357
6.414630173632097	15.879927331118814
6.424630173632097	15.899617510383557
6.4346301736320966	15.919292136987586
6.444630173632096	15.938951210930899
6.454630173632096	15.958594732213497
6.464630173632096	15.978222700835378
6.474630173632096	15.997835116796544
6.4846301736320955	16.017431980096998
6.494630173632095	16.03701329073673
6.504630173632095	16.05657904871575
6.514630173632095	16.076129254034058
6.524630173632095	16.095663906691648
6.534630173632094	16.115183006688525
6.544630173632094	16.134686554024686
6.554630173632094	16.15417454870013
6.564630173632094	16.17364699071486
6.574630173632094	16.193103880068875
6.584630173632093	16.212545216762173
6.594630173632093	16.231971000794758
6.604630173632093	16.251381232166626
6.614630173632093	16.27077591087778
6.6246301736320925	16.29015503692822
6.634630173632092	16.30951861031794
6.644630173632092	16.32886663104695
6.654630173632092	16.34819909911524
6.664630173632092	16.367516014522817
6.674630173632091	16.386817377269683
6.684630173632091	16.40610318735583
6.694630173632091	16.42537344478126
6.704630173632091	16.444628149545977
6.714630173632091	16.46386730164998
6.72463017363209	16.483090901093266
6.73463017363209	16.502298947875836
6.74463017363209	16.52149144199769
6.75463017363209	16.54066838345883
6.7646301736320895	16.559829772259256
6.774630173632089	16.578975608398967
6.784630173632089	16.598105891877964
6.794630173632089	16.61722062269624
6.804630173632089	16.636319800853805
6.8146301736320885	16.655403426350652
6.824630173632088	16.674471499186787
6.834630173632088	16.693524019362208
6.844630173632088	16.71256098687691
6.854630173632088	16.7315824017309
6.864630173632087	16.750588263924172
6.874630173632087	16.76957857345673
6.884630173632087	16.788553330328572
6.894630173632087	16.807512534539697
6.9046301736320865	16.82645618609011
6.914630173632086	16.845384284979808
6.924630173632086	16.86429683120879
6.934630173632086	16.883193824777056
6.944630173632086	16.90207526568461
6.9546301736320855	16.920941153931444
6.964630173632085	16.939791489517564
6.974630173632085	16.95862627244297
6.984630173632085	16.977445502707656
6.994630173632085	16.996249180311633
7.004630173632084	17.015037305254893
7.014630173632084	17.03380987753744
7.024630173632084	17.05256689715927
7.034630173632084	17.071308364120384
7.0446301736320835	17.09003427842078
7.054630173632083	17.108744640060465
7.064630173632083	17.127439449039432
7.074630173632083	17.146118705357686
7.084630173632083	17.164782409015224
7.0946301736320825	17.18343056001205
7.104630173632082	17.202063158348157
7.114630173632082	17.220680204023548
7.124630173632082	17.239281697038226
7.134630173632082	17.257867637392184
7.144630173632081	17.276438025085433
7.154630173632081	17.294992860117965
7.164630173632081	17.31353214248978
7.174630173632081	17.332055872200883
7.184630173632081	17.35056404925127
7.19463017363208	17.369056673640937
7.20463017363208	17.387533745369893
7.21463017363208	17.405995264438133
7.22463017363208	17.424441230845655
7.2346301736320795	17.44287164459247
7.244630173632079	17.46128650567856
7.254630173632079	17.47968581410394
7.264630173632079	17.498069569868605
7.274630173632079	17.516437772972555
7.284630173632078	17.53479042341579
7.294630173632078	17.553127521198306
7.304630173632078	17.571449066320106
7.314630173632078	17.589755058781197
7.324630173632078	17.60804549858157
7.334630173632077	17.62632038572123
7.344630173632077	17.64457972020017
7.354630173632077	17.662823502018398
7.364630173632077	17.68105173117591
7.3746301736320765	17.699264407672704
7.384630173632076	17.717461531508786
7.394630173632076	17.73564310268415
7.404630173632076	17.753809121198803
7.414630173632076	17.771959587052738
7.4246301736320754	17.79009450024596
7.434630173632075	17.808213860778462
7.444630173632075	17.826317668650255
7.454630173632075	17.844405923861327
7.464630173632075	17.862478626411686
7.474630173632074	17.880535776301333
7.484630173632074	17.898577373530262
7.494630173632074	17.916603418098475
7.504630173632074	17.934613910005975
7.5146301736320735	17.95260884925276
7.524630173632073	17.970588235838825
7.534630173632073	17.988552069764175
7.544630173632073	18.006500351028812
7.554630173632073	18.024433079632736
7.5646301736320725	18.042350255575943
7.574630173632072	18.060251878858438
7.584630173632072	18.078137949480215
7.594630173632072	18.096008467441276
7.604630173632072	18.11386343274162
7.614630173632071	18.131702845381252
7.624630173632071	18.149526705360167
7.634630173632071	18.167335012678368
7.644630173632071	18.185127767335853
7.6546301736320705	18.202904969332625
7.66463017363207	18.22066661866868
7.67463017363207	18.23841271534402
7.68463017363207	18.256143259358645
7.69463017363207	18.273858250712554
7.7046301736320695	18.291557689405746
7.714630173632069	18.309241575438225
7.724630173632069	18.326909908809988
7.734630173632069	18.344562689521037
7.744630173632069	18.36219991757137
7.754630173632068	18.37982159296099
7.764630173632068	18.39742771568989
7.774630173632068	18.415018285758077
7.784630173632068	18.43259330316555
7.794630173632068	18.450152767912307
7.804630173632067	18.46769667999835
7.814630173632067	18.48522503942368
7.824630173632067	18.50273784618829
7.834630173632067	18.520235100292183
7.8446301736320665	18.537716801735364
7.854630173632066	18.55518295051783
7.864630173632066	18.57263354663958
7.874630173632066	18.590068590100614
7.884630173632066	18.607488080900936
7.894630173632065	18.62489201904054
7.904630173632065	18.642280404519433
7.914630173632065	18.659653237337604
7.924630173632065	18.677010517495063
7.934630173632065	18.69435224499181
7.944630173632064	18.711678419827834
7.954630173632064	18.72898904200315
7.964630173632064	18.74628411151775
7.974630173632064	18.76356362837163
7.9846301736320635	18.7808275925648
7.994630173632063	18.79807600409725
8.004630173632064	18.81530886296899
8.014630173632064	18.832526169180014
8.024630173632064	18.849727922730317
8.034630173632063	18.86691412361991
8.044630173632063	18.884084771848787
8.054630173632063	18.90123986741695
8.064630173632063	18.918379410324395
8.074630173632062	18.935503400571125
8.084630173632062	18.952611838157143
8.094630173632062	18.96970472308244
8.104630173632062	18.986782055347025
8.114630173632062	19.003843834950896
8.124630173632061	19.02089006189405
8.134630173632061	19.037920736176492
8.144630173632061	19.054935857798217
8.15463017363206	19.071935426759225
8.16463017363206	19.088919443059517
8.17463017363206	19.105887906699095
8.18463017363206	19.122840817677957
8.19463017363206	19.139778175996106
8.20463017363206	19.15669998165354
8.21463017363206	19.173606234650258
8.22463017363206	19.19049693498626
8.234630173632059	19.207372082661546
8.244630173632059	19.22423167767612
8.254630173632059	19.241075720029976
8.264630173632058	19.257904209723115
8.274630173632058	19.274717146755542
8.284630173632058	19.291514531127255
8.294630173632058	19.30829636283825
8.304630173632058	19.325062641888533
8.314630173632057	19.341813368278096
8.324630173632057	19.358548542006947
8.334630173632057	19.37526816307508
8.344630173632057	19.391972231482498
8.354630173632057	19.408660747229206
8.364630173632056	19.425333710315194
8.374630173632056	19.441991120740468
8.384630173632056	19.458632978505026
8.394630173632056	19.47525928360887
8.404630173632055	19.491870036052
8.414630173632055	19.50846523583441
8.424630173632055	19.52504488295611
8.434630173632055	19.54160897741709
8.444630173632055	19.55815751921736
8.454630173632054	19.574690508356912
8.464630173632054	19.591207944835748
8.474630173632054	19.60770982865387
8.484630173632054	19.624196159811277
8.494630173632054	19.640666938307966
8.504630173632053	19.657122164143942
8.514630173632053	19.673561837319205
8.524630173632053	19.689985957833752
8.534630173632053	19.706394525687582
8.544630173632052	19.722787540880695
8.554630173632052	19.739165003413095
8.564630173632052	19.75552691328478
8.574630173632052	19.77187327049575
8.584630173632052	19.788204075046004
8.594630173632051	19.804519326935544
8.604630173632051	19.82081902616437
8.614630173632051	19.837103172732476
8.62463017363205	19.85337176663987
8.63463017363205	19.86962480788655
8.64463017363205	19.88586229647251
8.65463017363205	19.90208423239776
8.66463017363205	19.91829061566229
8.67463017363205	19.93448144626611
8.68463017363205	19.95065672420921
8.69463017363205	19.966816449491596
8.704630173632049	19.982960622113268
8.714630173632049	19.999089242074223
8.724630173632049	20.015202309374466
8.734630173632048	20.031299824013992
8.744630173632048	20.0473817859928
8.754630173632048	20.063448195310897
8.764630173632048	20.079499051968277
8.774630173632048	20.095534355964944
8.784630173632047	20.111554107300893
8.794630173632047	20.127558305976127
8.804630173632047	20.143546951990647
8.814630173632047	20.15952004534445
8.824630173632046	20.175477586037537
8.834630173632046	20.19141957406991
8.844630173632046	20.207346009441572
8.854630173632046	20.223256892152513
8.864630173632046	20.239152222202744
8.874630173632045	20.255031999592255
8.884630173632045	20.270896224321053
8.894630173632045	20.286744896389134
8.904630173632045	20.3025780157965
8.914630173632045	20.318395582543154
8.924630173632044	20.33419759662909
8.934630173632044	20.34998405805431
8.944630173632044	20.36575496681882
8.954630173632044	20.38151032292261
8.964630173632044	20.397250126365684
8.974630173632043	20.412974377148043
8.984630173632043	20.42868307526969
8.994630173632043	20.444376220730618
9.004630173632043	20.460053813530834
9.014630173632042	20.475715853670334
9.024630173632042	20.49136234114912
9.034630173632042	20.506993275967186
9.044630173632042	20.52260865812454
9.054630173632042	20.53820848762118
9.064630173632041	20.553792764457103
9.074630173632041	20.56936148863231
9.084630173632041	20.584914660146804
9.09463017363204	20.60045227900058
9.10463017363204	20.615974345193646
9.11463017363204	20.631480858725993
9.12463017363204	20.646971819597624
9.13463017363204	20.662447227808542
9.14463017363204	20.67790708335874
9.15463017363204	20.693351386248228
9.16463017363204	20.708780136477
9.174630173632039	20.724193334045054
9.184630173632039	20.739590978952396
9.194630173632039	20.75497307119902
9.204630173632038	20.77033961078493
9.214630173632038	20.785690597710126
9.224630173632038	20.801026031974605
9.234630173632038	20.816345913578367
9.244630173632038	20.831650242521416
9.254630173632037	20.84693901880375
9.264630173632037	20.862212242425365
9.274630173632037	20.87746991338627
9.284630173632037	20.89271203168646
9.294630173632036	20.907938597325934
9.304630173632036	20.923149610304694
9.314630173632036	20.938345070622738
9.324630173632036	20.953524978280065
9.334630173632036	20.96868933327668
9.344630173632035	20.983838135612576
9.354630173632035	20.99897138528776
9.364630173632035	21.014089082302224
9.374630173632035	21.029191226655975
9.384630173632035	21.04427781834901
9.394630173632034	21.05934885738133
9.404630173632034	21.074404343752935
9.414630173632034	21.089444277463823
9.424630173632034	21.104468658513998
9.434630173632033	21.11947748690346
9.444630173632033	21.134470762632205
9.454630173632033	21.149448485700237
9.464630173632033	21.164410656107552
9.474630173632033	21.17935727385415
9.484630173632032	21.194288338940037
9.494630173632032	21.209203851365206
9.504630173632032	21.22410381112966
9.514630173632032	21.2389882182334
9.524630173632032	21.25385707267642
9.534630173632031	21.268710374458728
9.544630173632031	21.28354812358032
9.554630173632031	21.298370320041197
9.56463017363203	21.313176963841357
9.57463017363203	21.3279680549808
9.58463017363203	21.34274359345953
9.59463017363203	21.357503579277548
9.60463017363203	21.372248012434852
9.61463017363203	21.38697689293144
9.62463017363203	21.401690220767314
9.63463017363203	21.41638799594247
9.644630173632029	21.43107021845691
9.654630173632029	21.445736888310638
9.664630173632029	21.460388005503646
9.674630173632028	21.47502357003594
9.684630173632028	21.48964358190752
9.694630173632028	21.504248041118384
9.704630173632028	21.518836947668532
9.714630173632028	21.533410301557964
9.724630173632027	21.54796810278668
9.734630173632027	21.562510351354682
9.744630173632027	21.577037047261967
9.754630173632027	21.591548190508544
9.764630173632026	21.606043781094403
9.774630173632026	21.620523819019546
9.784630173632026	21.634988304283976
9.794630173632026	21.64943723688769
9.804630173632026	21.663870616830685
9.814630173632025	21.67828844411297
9.824630173632025	21.692690718734536
9.834630173632025	21.707077440695386
9.844630173632025	21.72144860999552
9.854630173632025	21.73580422663494
9.864630173632024	21.750144290613644
9.874630173632024	21.764468801931635
9.884630173632024	21.77877776058891
9.894630173632024	21.793071166585467
9.904630173632023	21.807349019921308
9.914630173632023	21.82161132059644
9.924630173632023	21.835858068610854
9.934630173632023	21.850089263964556
9.944630173632023	21.86430490665754
9.954630173632022	21.87850499668981
9.964630173632022	21.892689534061365
9.974630173632022	21.906858518772204
9.984630173632022	21.921011950822326
9.994630173632022	21.93514983021173
10.004630173632021	21.949272156940424
10.014630173632021	21.9633789310084
10.024630173632021	21.977470152415663
10.03463017363202	21.991545821162205
10.04463017363202	22.005605937248035
10.05463017363202	22.01965050067315
10.06463017363202	22.03367951143755
10.07463017363202	22.047692969541238
10.08463017363202	22.061690874984208
10.09463017363202	22.075673227766465
10.10463017363202	22.08964002788801
10.114630173632019	22.103591275348833
10.124630173632019	22.117526970148944
10.134630173632019	22.13144711228834
10.144630173632018	22.14535170176702
10.154630173632018	22.15924073858498
10.164630173632018	22.17311422274223
10.174630173632018	22.186972154238763
10.184630173632018	22.20081453307458
10.194630173632017	22.214641359249683
10.204630173632017	22.228452632764068
10.214630173632017	22.24224835361774
10.224630173632017	22.256028521810695
10.234630173632016	22.269793137342937
10.244630173632016	22.283542200214466
10.254630173632016	22.29727571042528
10.264630173632016	22.310993667975378
10.274630173632016	22.32469607286476
10.284630173632015	22.338382925093427
10.294630173632015	22.352054224661376
10.304630173632015	22.365709971568613
10.314630173632015	22.379350165815133
10.324630173632015	22.39297480740094
10.334630173632014	22.406583896326026
10.344630173632014	22.4201774325904
10.354630173632014	22.43375541619406
10.364630173632014	22.447317847137
10.374630173632013	22.460864725419228
10.384630173632013	22.474396051040742
10.394630173632013	22.48791182400154
10.404630173632013	22.501412044301627
10.414630173632013	22.514896711940995
10.424630173632012	22.52836582691965
10.434630173632012	22.541819389237588
10.444630173632012	22.555257398894813
10.454630173632012	22.568679855891318
10.464630173632012	22.58208676022711
10.474630173632011	22.59547811190219
10.484630173632011	22.608853910916547
10.494630173632011	22.622214157270193
10.50463017363201	22.635558850963125
10.51463017363201	22.648887991995338
10.52463017363201	22.662201580366837
10.53463017363201	22.675499616077623
10.54463017363201	22.68878209912769
10.55463017363201	22.702049029517045
10.56463017363201	22.71530040724569
10.57463017363201	22.728536232313616
10.584630173632009	22.741756504720826
10.594630173632009	22.75496122446732
10.604630173632009	22.7681503915531
10.614630173632008	22.781324005978163
10.624630173632008	22.79448206774251
10.634630173632008	22.807624576846145
10.644630173632008	22.820751533289062
10.654630173632007	22.833862937071263
10.664630173632007	22.84695878819275
10.674630173632007	22.860039086653522
10.684630173632007	22.873103832453577
10.694630173632007	22.886153025592918
10.704630173632006	22.89918666607154
10.714630173632006	22.912204753889455
10.724630173632006	22.925207289046654
10.734630173632006	22.938194271543136
10.744630173632006	22.9511657013789
10.754630173632005	22.964121578553954
10.764630173632005	22.97706190306829
10.774630173632005	22.98998667492191
10.784630173632005	23.002895894114815
10.794630173632004	23.015789560647004
10.804630173632004	23.028667674518477
10.814630173632004	23.041530235729237
10.824630173632004	23.05437724427928
10.834630173632004	23.067208700168607
10.844630173632003	23.080024603397217
10.854630173632003	23.092824953965113
10.864630173632003	23.105609751872294
10.874630173632003	23.118378997118764
10.884630173632003	23.13113268970452
10.894630173632002	23.143870829629556
10.904630173632002	23.15659341689388
10.914630173632002	23.169300451497488
10.924630173632002	23.181991933440383
10.934630173632002	23.194667862722557
10.944630173632001	23.20732823934402
10.954630173632001	23.219973063304764
10.964630173632	23.232602334604795
10.974630173632	23.24521605324411
10.984630173632	23.25781421922271
10.994630173632	23.27039683254059
11.004630173632	23.28296389319776
11.014630173632	23.295515401194212
11.024630173632	23.30805135652995
11.034630173632	23.320571759204977
11.044630173632	23.333076609219287
11.054630173631999	23.345565906572883
11.064630173631999	23.358039651265763
11.074630173631999	23.370497843297926
11.084630173631998	23.382940482669376
11.094630173631998	23.39536756938011
11.104630173631998	23.407779103430126
11.114630173631998	23.42017508481943
11.124630173631997	23.432555513548014
11.134630173631997	23.444920389615888
11.144630173631997	23.45726971302304
11.154630173631997	23.469603483769482
11.164630173631997	23.481921701855207
11.174630173631996	23.494224367280214
11.184630173631996	23.50651148004451
11.194630173631996	23.51878304014809
11.204630173631996	23.53103904759096
11.214630173631996	23.54327950237311
11.224630173631995	23.555504404494545
11.234630173631995	23.567713753955267
11.244630173631995	23.579907550755273
11.254630173631995	23.59208579489456
11.264630173631994	23.604248486373137
11.274630173631994	23.616395625190993
11.284630173631994	23.62852721134814
11.294630173631994	23.640643244844565
11.304630173631994	23.652743725680278
11.314630173631993	23.664828653855274
11.324630173631993	23.676898029369553
11.334630173631993	23.68895185222312
11.344630173631993	23.70099012241597
11.354630173631993	23.71301283994811
11.364630173631992	23.725020004819534
11.374630173631992	23.73701161703024
11.384630173631992	23.74898767658023
11.394630173631992	23.76094818346951
11.404630173631991	23.772893137698073
11.414630173631991	23.784822539265917
11.424630173631991	23.79673638817305
11.43463017363199	23.808634684419463
11.44463017363199	23.82051742800516
11.45463017363199	23.832384618930146
11.46463017363199	23.844236257194414
11.47463017363199	23.85607234279797
11.48463017363199	23.867892875740804
11.49463017363199	23.879697856022926
11.50463017363199	23.891487283644334
11.51463017363199	23.90326115860503
11.524630173631989	23.91501948090501
11.534630173631989	23.92676225054427
11.544630173631989	23.93848946752282
11.554630173631988	23.950201131840654
11.564630173631988	23.961897243497774
11.574630173631988	23.973577802494177
11.584630173631988	23.985242808829863
11.594630173631987	23.996892262504833
11.604630173631987	24.00852616351909
11.614630173631987	24.02014451187263
11.624630173631987	24.031747307565453
11.634630173631987	24.043334550597564
11.644630173631986	24.054906240968958
11.654630173631986	24.066462378679635
11.664630173631986	24.0780029637296
11.674630173631986	24.08952799611885
11.684630173631986	24.101037475847388
11.694630173631985	24.11253140291521
11.704630173631985	24.124009777322314
11.714630173631985	24.135472599068702
11.724630173631985	24.146919868154377
11.734630173631984	24.158351584579336
11.744630173631984	24.169767748343578
11.754630173631984	24.181168359447106
11.764630173631984	24.19255341788992
11.774630173631984	24.203922923672017
11.784630173631983	24.215276876793396
11.794630173631983	24.226615277254062
11.804630173631983	24.23793812505401
11.814630173631983	24.249245420193247
11.824630173631983	24.260537162671767
11.834630173631982	24.271813352489573
11.844630173631982	24.283073989646667
11.854630173631982	24.294319074143043
11.864630173631982	24.305548605978707
11.874630173631981	24.316762585153654
11.884630173631981	24.327961011667885
11.894630173631981	24.3391438855214
11.90463017363198	24.3503112067142
11.91463017363198	24.361462975246283
11.92463017363198	24.37259919111765
11.93463017363198	24.383719854328305
11.94463017363198	24.394824964878243
11.95463017363198	24.405914522767464
11.96463017363198	24.416988527995972
11.97463017363198	24.42804698056376
11.98463017363198	24.43908988047084
11.994630173631979	24.4501172277172
12.004630173631979	24.461129022302853
12.014630173631978	24.472125264227785
12.024630173631978	24.483105953492004
12.034630173631978	24.494071090095506
12.044630173631978	24.505020674038292
12.054630173631978	24.515954705320365
12.064630173631977	24.52687318394172
12.074630173631977	24.53777610990236
12.084630173631977	24.548663483202287
12.094630173631977	24.559535303841496
12.104630173631977	24.57039157181999
12.114630173631976	24.581232287137766
12.124630173631976	24.59205744979483
12.134630173631976	24.602867059791176
12.144630173631976	24.61366111712681
12.154630173631976	24.62443962180173
12.164630173631975	24.635202573815935
12.174630173631975	24.645949973169426
12.184630173631975	24.6566818198622
12.194630173631975	24.66739811389426
12.204630173631974	24.678098855265603
12.214630173631974	24.68878404397623
12.224630173631974	24.699453680026142
12.234630173631974	24.71010776341534
12.244630173631974	24.720746294143822
12.254630173631973	24.731369272211587
12.264630173631973	24.74197669761864
12.274630173631973	24.752568570364975
12.284630173631973	24.763144890450594
12.294630173631973	24.773705657875496
12.304630173631972	24.784250872639685
12.314630173631972	24.79478053474316
12.324630173631972	24.805294644185924
12.334630173631972	24.81579320096797
12.344630173631971	24.8262762050893
12.354630173631971	24.836743656549917
12.364630173631971	24.847195555349817
12.37463017363197	24.857631901489
12.38463017363197	24.86805269496747
12.39463017363197	24.878457935785224
12.40463017363197	24.88884762394226
12.41463017363197	24.899221759438582
12.42463017363197	24.90958034227419
12.43463017363197	24.91992337244908
12.44463017363197	24.930250849963258
12.45463017363197	24.94056277481672
12.464630173631969	24.950859147009464
12.474630173631969	24.961139966541495
12.484630173631968	24.971405233412813
12.494630173631968	24.98165494762342
12.504630173631968	24.991889109173304
12.514630173631968	25.002107718062476
12.524630173631968	25.01231077429093
12.534630173631967	25.022498277858674
12.544630173631967	25.0326702287657
12.554630173631967	25.04282662701201
12.564630173631967	25.052967472597604
12.574630173631967	25.06309276552248
12.584630173631966	25.073202505786643
12.594630173631966	25.083296693390093
12.604630173631966	25.093375328332826
12.614630173631966	25.103438410614842
12.624630173631965	25.113485940236142
12.634630173631965	25.123517917196732
12.644630173631965	25.133534341496606
12.654630173631965	25.143535213135767
12.664630173631965	25.15352053211421
12.674630173631964	25.163490298431938
12.684630173631964	25.173444512088953
12.694630173631964	25.183383173085247
12.704630173631964	25.19330628142083
12.714630173631964	25.203213837095696
12.724630173631963	25.213105840109847
12.734630173631963	25.222982290463282
12.744630173631963	25.232843188156
12.754630173631963	25.242688533188005
12.764630173631963	25.252518325559294
12.774630173631962	25.262332565269865
12.784630173631962	25.272131252319724
12.794630173631962	25.28191438670887
12.804630173631962	25.291681968437302
12.814630173631961	25.30143399750502
12.824630173631961	25.311170473912018
12.834630173631961	25.320891397658304
12.84463017363196	25.33059676874387
12.85463017363196	25.340286587168727
12.86463017363196	25.349960852932863
12.87463017363196	25.359619566036287
12.88463017363196	25.369262726478993
12.89463017363196	25.378890334260984
12.90463017363196	25.38850238938226
12.91463017363196	25.39809889184282
12.924630173631959	25.407679841642665
12.934630173631959	25.417245238781796
12.944630173631959	25.42679508326021
12.954630173631958	25.43632937507791
12.964630173631958	25.4458481142349
12.974630173631958	25.45535130073117
12.984630173631958	25.46483893456673
12.994630173631958	25.47431101574157
13.004630173631957	25.483767544255695
13.014630173631957	25.493208520109103
13.024630173631957	25.5026339433018
13.034630173631957	25.512043813833778
13.044630173631957	25.52143813170504
13.054630173631956	25.53081689691559
13.064630173631956	25.54018010946542
13.074630173631956	25.549527769354537
13.084630173631956	25.55885987658294
13.094630173631955	25.568176431150626
13.104630173631955	25.577477433057595
13.114630173631955	25.586762882303855
13.124630173631955	25.5960327788894
13.134630173631955	25.60528712281423
13.144630173631954	25.614525914078342
13.154630173631954	25.62374915268174
13.164630173631954	25.63295683862442
13.174630173631954	25.642148971906387
13.184630173631954	25.651325552527638
13.194630173631953	25.660486580488172
13.204630173631953	25.669632055787993
13.214630173631953	25.678761978427097
13.224630173631953	25.687876348405485
13.234630173631952	25.69697516572316
13.244630173631952	25.706058430380118
13.254630173631952	25.71512614237636
13.264630173631952	25.724178301711884
13.274630173631952	25.733214908386703
13.284630173631951	25.7422359624008
13.294630173631951	25.751241463754187
13.304630173631951	25.760231412446856
13.31463017363195	25.76920580847881
13.32463017363195	25.778164651850048
13.33463017363195	25.78710794256057
13.34463017363195	25.796035680610377
13.35463017363195	25.80494786599947
13.36463017363195	25.813844498727846
13.37463017363195	25.822725578795506
13.38463017363195	25.831591106202453
13.394630173631949	25.840441080948683
13.404630173631949	25.849275503034196
13.414630173631949	25.858094372458993
13.424630173631948	25.866897689223077
13.434630173631948	25.87568545332645
13.444630173631948	25.884457664769105
13.454630173631948	25.893214323551046
13.464630173631948	25.901955429672274
13.474630173631947	25.91068098313278
13.484630173631947	25.919390983932576
13.494630173631947	25.928085432071658
13.504630173631947	25.93676432755002
13.514630173631947	25.945427670367668
13.524630173631946	25.954075460524603
13.534630173631946	25.962707698020818
13.544630173631946	25.97132438285632
13.554630173631946	25.979925515031105
13.564630173631945	25.988511094545178
13.574630173631945	25.99708112139853
13.584630173631945	26.005635595591173
13.594630173631945	26.0141745171231
13.604630173631945	26.02269788599431
13.614630173631944	26.03120570220481
13.624630173631944	26.03969796575459
13.634630173631944	26.048174676643658
13.644630173631944	26.05663583487201
13.654630173631944	26.065081440439645
13.664630173631943	26.073511493346565
13.674630173631943	26.08192599359277
13.684630173631943	26.09032494117826
13.694630173631943	26.098708336103034
13.704630173631942	26.10707617836709
13.714630173631942	26.115428467970432
13.724630173631942	26.12376520491306
13.734630173631942	26.13208638919497
13.744630173631942	26.14039202081617
13.754630173631941	26.148682099776654
13.764630173631941	26.156956626076422
13.774630173631941	26.165215599715477
13.78463017363194	26.173459020693816
13.79463017363194	26.181686889011438
13.80463017363194	26.189899204668347
13.81463017363194	26.198095967664536
13.82463017363194	26.206277178000015
13.83463017363194	26.214442835674774
13.84463017363194	26.22259294068882
13.85463017363194	26.23072749304215
13.864630173631939	26.238846492734766
13.874630173631939	26.24694993976666
13.884630173631939	26.255037834137845
13.894630173631938	26.263110175848315
13.904630173631938	26.271166964898068
13.914630173631938	26.27920820128711
13.924630173631938	26.287233885015432
13.934630173631938	26.295244016083043
13.944630173631937	26.30323859448994
13.954630173631937	26.311217620236118
13.964630173631937	26.319181093321582
13.974630173631937	26.32712901374633
13.984630173631937	26.335061381510364
13.994630173631936	26.342978196613682
14.004630173631936	26.350879459056284
14.014630173631936	26.35876516883817
14.024630173631936	26.36663532595934
14.034630173631935	26.374489930419795
14.044630173631935	26.382328982219533
14.054630173631935	26.39015248135856
14.064630173631935	26.397960427836868
14.074630173631935	26.405752821654467
14.084630173631934	26.41352966281135
14.094630173631934	26.421290951307515
14.104630173631934	26.429036687142965
14.114630173631934	26.4367668703177
14.124630173631934	26.44448150083172
14.134630173631933	26.452180578685027
14.144630173631933	26.459864103877617
14.154630173631933	26.46753207640949
14.164630173631933	26.475184496280647
14.174630173631932	26.48282136349109
14.184630173631932	26.490442678040818
14.194630173631932	26.49804843992983
14.204630173631932	26.505638649158126
14.214630173631932	26.513213305725706
14.224630173631931	26.52077240963257
14.234630173631931	26.528315960878725
14.244630173631931	26.535843959464163
14.25463017363193	26.543356405388888
14.26463017363193	26.550853298652896
14.27463017363193	26.558334639256188
14.28463017363193	26.565800427198763
14.29463017363193	26.573250662480625
14.30463017363193	26.58068534510177
14.31463017363193	26.588104475062202
14.32463017363193	26.595508052361915
14.334630173631929	26.602896077000914
14.344630173631929	26.6102685489792
14.354630173631929	26.617625468296765
14.364630173631928	26.624966834953618
14.374630173631928	26.632292648949754
14.384630173631928	26.639602910285177
14.394630173631928	26.646897618959887
14.404630173631928	26.654176774973884
14.414630173631927	26.661440378327164
14.424630173631927	26.668688429019728
14.434630173631927	26.675920927051575
14.444630173631927	26.68313787242271
14.454630173631926	26.690339265133126
14.464630173631926	26.697525105182827
14.474630173631926	26.704695392571814
14.484630173631926	26.711850127300085
14.494630173631926	26.71898930936764
14.504630173631925	26.72611293877448
14.514630173631925	26.733221015520606
14.524630173631925	26.740313539606014
14.534630173631925	26.74739051103071
14.544630173631925	26.754451929794687
14.554630173631924	26.761497795897952
14.564630173631924	26.768528109340505
14.574630173631924	26.77554287012234
14.584630173631924	26.78254207824346
14.594630173631923	26.789525733703865
14.604630173631923	26.796493836503554
14.614630173631923	26.80344638664253
14.624630173631923	26.810383384120787
14.634630173631923	26.81730482893833
14.644630173631922	26.824210721095156
14.654630173631922	26.83110106059127
14.664630173631922	26.837975847426666
14.674630173631922	26.844835081601346
14.684630173631922	26.851678763115313
14.694630173631921	26.858506891968563
14.704630173631921	26.865319468161097
14.714630173631921	26.87211649169292
14.72463017363192	26.87889796256403
14.73463017363192	26.88566388077442
14.74463017363192	26.892414246324098
14.75463017363192	26.89914905921306
14.76463017363192	26.905868319441304
14.77463017363192	26.912572027008835
14.78463017363192	26.91926018191565
14.79463017363192	26.92593278416175
14.804630173631919	26.932589833747134
14.814630173631919	26.939231330671802
14.824630173631919	26.945857274935754
14.834630173631918	26.95246766653899
14.844630173631918	26.959062505481512
14.854630173631918	26.965641791763318
14.864630173631918	26.97220552538441
14.874630173631918	26.97875370634479
14.884630173631917	26.985286334644453
14.894630173631917	26.991803410283403
14.904630173631917	26.998304933261636
14.914630173631917	27.004790903579153
14.924630173631916	27.011261321235956
14.934630173631916	27.017716186232043
14.944630173631916	27.024155498567414
14.954630173631916	27.03057925824207
14.964630173631916	27.036987465256008
14.974630173631915	27.043380119609235
14.984630173631915	27.049757221301743
14.994630173631915	27.056118770333537
15.004630173631915	27.062464766704615
15.014630173631915	27.06879521041498
15.024630173631914	27.075110101464624
15.034630173631914	27.081409439853562
15.044630173631914	27.08769322558178
15.054630173631914	27.093961458649286
15.064630173631913	27.100214139056078
15.074630173631913	27.10645126680215
15.084630173631913	27.11267284188751
15.094630173631913	27.11887886431215
15.104630173631913	27.12506933407608
15.114630173631912	27.131244251179293
15.124630173631912	27.13740361562179
15.134630173631912	27.14354742740357
15.144630173631912	27.149675686524635
15.154630173631912	27.155788392984984
15.164630173631911	27.16188554678462
15.174630173631911	27.167967147923537
15.184630173631911	27.174033196401744
15.19463017363191	27.180083692219235
15.20463017363191	27.186118635376012
15.21463017363191	27.192138025872072
15.22463017363191	27.19814186370742
15.23463017363191	27.20413014888205
15.24463017363191	27.210102881395965
15.25463017363191	27.216060061249166
15.26463017363191	27.222001688441647
15.274630173631909	27.22792776297342
15.284630173631909	27.23383828484447
15.294630173631909	27.23973325405481
15.304630173631908	27.24561267060443
15.314630173631908	27.251476534493335
15.324630173631908	27.257324845721527
15.334630173631908	27.263157604289002
15.344630173631908	27.26897481019576
15.354630173631907	27.27477646344181
15.364630173631907	27.280562564027147
15.374630173631907	27.286333111951762
15.384630173631907	27.292088107215665
15.394630173631906	27.29782754981885
15.404630173631906	27.303551439761325
15.414630173631906	27.30925977704308
15.424630173631906	27.31495256166412
15.434630173631906	27.320629793624445
15.444630173631905	27.326291472924055
15.454630173631905	27.33193759956295
15.464630173631905	27.337568173541126
15.474630173631905	27.34318319485859
15.484630173631905	27.348782663515337
15.494630173631904	27.354366579511368
15.504630173631904	27.359934942846685
15.514630173631904	27.36548775352129
15.524630173631904	27.37102501153518
15.534630173631903	27.376546716888356
15.544630173631903	27.382052869580814
15.554630173631903	27.387543469612556
15.564630173631903	27.393018516983584
15.574630173631903	27.398478011693896
15.584630173631902	27.403921953743495
15.594630173631902	27.409350343132374
15.604630173631902	27.41476317986054
15.614630173631902	27.420160463927992
15.624630173631902	27.425542195334728
15.634630173631901	27.430908374080747
15.644630173631901	27.43625900016605
15.654630173631901	27.441594073590636
15.6646301736319	27.44691359435451
15.6746301736319	27.452217562457673
15.6846301736319	27.45750597790012
15.6946301736319	27.46277884068185
15.7046301736319	27.468036150802863
15.7146301736319	27.473277908263164
15.7246301736319	27.478504113062748
15.7346301736319	27.48371476520162
15.744630173631899	27.48890986467977
15.754630173631899	27.494089411497207
15.764630173631899	27.49925340565393
15.774630173631898	27.504401847149936
15.784630173631898	27.509534735985227
15.794630173631898	27.514652072159805
15.804630173631898	27.519753855673663
15.814630173631897	27.524840086526808
15.824630173631897	27.529910764719236
15.834630173631897	27.534965890250955
15.844630173631897	27.540005463121958
15.854630173631897	27.545029483332247
15.864630173631896	27.550037950881816
15.874630173631896	27.555030865770675
15.884630173631896	27.560008227998814
15.894630173631896	27.56497003756624
15.904630173631896	27.56991629447295
15.914630173631895	27.574846998718943
15.924630173631895	27.579762150304223
15.934630173631895	27.584661749228786
15.944630173631895	27.589545795492633
15.954630173631895	27.594414289095763
15.964630173631894	27.59926723003818
15.974630173631894	27.60410461831988
15.984630173631894	27.608926453940867
15.994630173631894	27.61373273690114
16.004630173631895	27.6185234672007
16.014630173631897	27.623298644839544
16.0246301736319	27.62805826981767
16.0346301736319	27.632802342135086
16.0446301736319	27.63753086179178
16.054630173631903	27.642243828787763
16.064630173631905	27.64694124312303
16.074630173631906	27.65162310479758
16.084630173631908	27.656289413811415
16.09463017363191	27.660940170164533
16.10463017363191	27.66557537385694
16.114630173631912	27.670195024888628
16.124630173631914	27.674799123259604
16.134630173631916	27.679387668969866
16.144630173631917	27.683960662019413
16.15463017363192	27.688518102408246
16.16463017363192	27.69305999013636
16.174630173631922	27.69758632520376
16.184630173631923	27.702097107610445
16.194630173631925	27.706592337356412
16.204630173631926	27.711072014441665
16.214630173631928	27.715536138866206
16.22463017363193	27.719984710630026
16.23463017363193	27.724417729733133
16.244630173631933	27.728835196175524
16.254630173631934	27.7332371099572
16.264630173631936	27.737623471078162
16.274630173631937	27.741994279538407
16.28463017363194	27.746349535337934
16.29463017363194	27.750689238476753
16.304630173631942	27.755013388954858
16.314630173631944	27.759321986772242
16.324630173631945	27.763615031928914
16.334630173631947	27.767892524424873
16.34463017363195	27.77215446426011
16.35463017363195	27.776400851434637
16.36463017363195	27.78063168594845
16.374630173631953	27.784846967801542
16.384630173631955	27.78904669699392
16.394630173631956	27.793230873525584
16.404630173631958	27.797399497396533
16.41463017363196	27.801552568606766
16.42463017363196	27.805690087156282
16.434630173631962	27.809812053045082
16.444630173631964	27.81391846627317
16.454630173631966	27.818009326840542
16.464630173631967	27.822084634747203
16.47463017363197	27.826144389993146
16.48463017363197	27.830188592578374
16.494630173631972	27.834217242502888
16.504630173631973	27.838230339766685
16.514630173631975	27.842227884369766
16.524630173631977	27.846209876312134
16.534630173631978	27.850176315593785
16.54463017363198	27.85412720221472
16.55463017363198	27.858062536174938
16.564630173631983	27.861982317474443
16.574630173631984	27.86588654611323
16.584630173631986	27.869775222091306
16.594630173631987	27.87364834540866
16.60463017363199	27.877505916065303
16.61463017363199	27.881347934061235
16.624630173631992	27.88517439939645
16.634630173631994	27.88898531207095
16.644630173631995	27.892780672084736
16.654630173631997	27.896560479437806
16.664630173632	27.90032473413016
16.674630173632	27.9040734361618
16.684630173632	27.907806585532718
16.694630173632003	27.91152418224293
16.704630173632005	27.91522622629242
16.714630173632006	27.918912717681195
16.724630173632008	27.922583656409255
16.73463017363201	27.9262390424766
16.74463017363201	27.92987887588323
16.754630173632012	27.933503156629143
16.764630173632014	27.93711188471434
16.774630173632016	27.940705060138825
16.784630173632017	27.944282682902596
16.79463017363202	27.947844753005654
16.80463017363202	27.951391270447996
16.814630173632022	27.95492223522962
16.824630173632023	27.95843764735053
16.834630173632025	27.961937506810724
16.844630173632027	27.965421813610202
16.854630173632028	27.968890567748968
16.86463017363203	27.972343769227017
16.87463017363203	27.97578141804435
16.884630173632033	27.979203514200965
16.894630173632034	27.982610057696867
16.904630173632036	27.986001048532053
16.914630173632037	27.989376486706522
16.92463017363204	27.99273637222028
16.93463017363204	27.996080705073318
16.944630173632042	27.999409485265645
16.954630173632044	28.002722712797258
16.964630173632045	28.006020387668155
16.974630173632047	28.00930250987834
16.98463017363205	28.012569079427806
16.99463017363205	28.015820096316556
17.00463017363205	28.01905556054459
17.014630173632053	28.02227547211191
17.024630173632055	28.025479831018515
17.034630173632056	28.028668637264403
17.044630173632058	28.031841890849577
17.05463017363206	28.034999591774035
17.06463017363206	28.038141740037776
17.074630173632062	28.041268335640805
17.084630173632064	28.044379378583116
17.094630173632066	28.04747486886471
17.104630173632067	28.050554806485597
17.11463017363207	28.053619191445765
17.12463017363207	28.05666802374522
17.134630173632072	28.059701303383957
17.144630173632073	28.062719030361983
17.154630173632075	28.06572120467929
17.164630173632077	28.06870782633588
17.174630173632078	28.071678895331758
17.18463017363208	28.074634411666917
17.19463017363208	28.077574375341364
17.204630173632083	28.080498786355093
17.214630173632084	28.083407644708107
17.224630173632086	28.086300950400407
17.234630173632087	28.089178703431987
17.24463017363209	28.092040903802857
17.25463017363209	28.094887551513008
17.264630173632092	28.097718646562445
17.274630173632094	28.100534188951173
17.284630173632095	28.10333417867918
17.294630173632097	28.106118615746475
17.3046301736321	28.108887500153056
17.3146301736321	28.111640831898917
17.3246301736321	28.11437861098407
17.334630173632103	28.1171008374085
17.344630173632105	28.119807511172215
17.354630173632106	28.122498632275217
17.364630173632108	28.125174200717506
17.37463017363211	28.127834216499075
17.38463017363211	28.13047867961993
17.394630173632113	28.13310759008007
17.404630173632114	28.135720947879495
17.414630173632116	28.138318753018204
17.424630173632117	28.140901005496197
17.43463017363212	28.14346770531348
17.44463017363212	28.146018852470046
17.454630173632122	28.148554446965896
17.464630173632123	28.151074488801033
17.474630173632125	28.153578977975453
17.484630173632127	28.156067914489157
17.494630173632128	28.158541298342147
17.50463017363213	28.16099912953442
17.51463017363213	28.163441408065978
17.524630173632133	28.16586813393682
17.534630173632134	28.168279307146946
17.544630173632136	28.170674927696357
17.554630173632138	28.173054995585055
17.56463017363214	28.175419510813036
17.57463017363214	28.1777684733803
17.584630173632142	28.18010188328685
17.594630173632144	28.182419740532684
17.604630173632145	28.184722045117805
17.614630173632147	28.187008797042214
17.62463017363215	28.189279996305906
17.63463017363215	28.19153564290888
17.64463017363215	28.193775736851144
17.654630173632153	28.19600027813269
17.664630173632155	28.19820926675352
17.674630173632156	28.200402702713635
17.684630173632158	28.20258058601303
17.69463017363216	28.204742916651718
17.70463017363216	28.206889694629684
17.714630173632163	28.209020919946937
17.724630173632164	28.211136592603474
17.734630173632166	28.213236712599294
17.744630173632167	28.2153212799344
17.75463017363217	28.21739029460879
17.76463017363217	28.21944375662247
17.774630173632172	28.221481665975436
17.784630173632173	28.223504022667683
17.794630173632175	28.225510826699217
17.804630173632177	28.227502078070035
17.814630173632178	28.229477776780136
17.82463017363218	28.23143792282952
17.83463017363218	28.233382516218192
17.844630173632183	28.235311556946147
17.854630173632184	28.23722504501339
17.864630173632186	28.23912298041991
17.874630173632188	28.241005363165723
17.88463017363219	28.242872193250815
17.89463017363219	28.244723470675194
17.904630173632192	28.246559195438856
17.914630173632194	28.2483793675418
17.924630173632195	28.250183986984037
17.934630173632197	28.251973053765557
17.9446301736322	28.253746567886363
17.9546301736322	28.255504529346453
17.9646301736322	28.257246938145826
17.974630173632203	28.258973794284483
17.984630173632205	28.260685097762426
17.994630173632206	28.262380848579653
18.004630173632208	28.264061046736167
18.01463017363221	28.26572569223196
18.02463017363221	28.26737478506704
18.034630173632213	28.26900832524141
18.044630173632214	28.27062631275506
18.054630173632216	28.272228747607993
18.064630173632217	28.27381562980021
18.07463017363222	28.275386959331712
18.08463017363222	28.2769427362025
18.094630173632222	28.27848296041258
18.104630173632223	28.28000763196194
18.114630173632225	28.281516750850585
18.124630173632227	28.283010317078514
18.134630173632228	28.28448833064573
18.14463017363223	28.285950791552228
18.15463017363223	28.287397699798014
18.164630173632233	28.28882905538308
18.174630173632234	28.29024485830743
18.184630173632236	28.29164510857107
18.194630173632238	28.293029806173994
18.20463017363224	28.294398951116197
18.21463017363224	28.29575254339769
18.224630173632242	28.297090583018463
18.234630173632244	28.298413069978523
18.244630173632245	28.29972000427787
18.254630173632247	28.3010113859165
18.26463017363225	28.30228721489442
18.27463017363225	28.30354749121162
18.28463017363225	28.304792214868108
18.294630173632253	28.30602138586388
18.304630173632255	28.307235004198933
18.314630173632256	28.308433069873274
18.324630173632258	28.3096155828869
18.33463017363226	28.310782543239807
18.34463017363226	28.311933950932
18.354630173632263	28.31306980596348
18.364630173632264	28.31419010833424
18.374630173632266	28.31529485804429
18.384630173632267	28.31638405509362
18.39463017363227	28.317457699482237
18.40463017363227	28.318515791210135
18.414630173632272	28.31955833027732
18.424630173632274	28.320585316683797
18.434630173632275	28.321596750429553
18.444630173632277	28.322592631514595
18.454630173632278	28.323572959938925
18.46463017363228	28.32453773570254
18.47463017363228	28.325486958805435
18.484630173632283	28.326420629247615
18.494630173632284	28.327338747029078
18.504630173632286	28.328241312149828
18.514630173632288	28.329128324609865
18.52463017363229	28.329999784409182
18.53463017363229	28.330855691547786
18.544630173632292	28.331696046025673
18.554630173632294	28.332520847842847
18.564630173632295	28.333330096999305
18.574630173632297	28.334123793495046
18.5846301736323	28.33490193733007
18.5946301736323	28.33566452850438
18.6046301736323	28.336411567017976
18.614630173632303	28.337143052870854
18.624630173632305	28.337858986063022
18.634630173632306	28.338559366594477
18.644630173632308	28.339244194465213
18.65463017363231	28.339913469675235
18.66463017363231	28.34056719222454
18.674630173632313	28.341205362113133
18.684630173632314	28.34182797934101
18.694630173632316	28.342435043908168
18.704630173632317	28.34302655581461
18.71463017363232	28.34360251506034
18.72463017363232	28.344162921645353
18.734630173632322	28.344707775569645
18.744630173632324	28.345237076833225
18.754630173632325	28.345750825436088
18.764630173632327	28.346249021378235
18.774630173632328	28.346731664659664
18.78463017363233	28.34719875528038
18.79463017363233	28.34765029324038
18.804630173632333	28.348086278539665
18.814630173632334	28.348506711178228
18.824630173632336	28.348911591156078
18.834630173632338	28.349300918473208
18.84463017363234	28.34967469312962
18.85463017363234	28.350032915125315
18.864630173632342	28.350375584460288
18.874630173632344	28.35070270113454
18.884630173632345	28.351014265148066
18.894630173632347	28.351310276500875
18.90463017363235	28.351590735192953
18.91463017363235	28.351855641224304
18.92463017363235	28.35210499459492
18.934630173632353	28.352338795304792
18.944630173632355	28.35255704335391
18.954630173632356	28.352759738742265
18.964630173632358	28.352946881469823
18.97463017363236	28.353118471536554
18.98463017363236	28.353274508942395
18.994630173632363	28.35341499368725
19.004630173632364	28.35353992577093
19.014630173632366	28.3536493051931
19.024630173632367	28.35374313195307
19.03463017363237	28.35382140604941
19.04463017363237	28.353884127479006
19.054630173632372	28.353931296236247
19.064630173632374	28.353962912221427
19.074630173632375	28.353980160485584
19.084630173632377	28.353982615651713
19.09463017363238	28.353982615651713
19.10463017363238	28.353982615651713
19.11463017363238	28.353982615651713
19.124630173632383	28.353982615651713
19.134630173632384	28.353982615651713
19.144630173632386	28.353982615651713
19.154630173632388	28.353982615651713
19.16463017363239	28.353982615651713
19.17463017363239	28.353982615651713
19.184630173632392	28.353982615651713
19.194630173632394	28.353982615651713
19.204630173632395	28.353982615651713
19.214630173632397	28.353982615651713
19.2246301736324	28.353982615651713
19.2346301736324	28.353982615651713
19.2446301736324	28.353982615651713
19.254630173632403	28.353982615651713
19.264630173632405	28.353982615651713
19.274630173632406	28.353982615651713
19.284630173632408	28.353982615651713
19.29463017363241	28.353982615651713
19.30463017363241	28.353982615651713
19.314630173632413	28.353982615651713
19.324630173632414	28.353982615651713
19.334630173632416	28.353982615651713
19.344630173632417	28.353982615651713
19.35463017363242	28.353982615651713
19.36463017363242	28.353982615651713
19.374630173632422	28.353982615651713
19.384630173632424	28.353982615651713
19.394630173632425	28.353982615651713
19.404630173632427	28.353982615651713
19.41463017363243	28.353982615651713
19.42463017363243	28.353982615651713
19.43463017363243	28.353982615651713
19.444630173632433	28.353982615651713
19.454630173632435	28.353982615651713
19.464630173632436	28.353982615651713
19.474630173632438	28.353982615651713
19.48463017363244	28.353982615651713
19.49463017363244	28.353982615651713
19.504630173632442	28.353982615651713
19.514630173632444	28.353982615651713
19.524630173632445	28.353982615651713
19.534630173632447	28.353982615651713
19.54463017363245	28.353982615651713
19.55463017363245	28.353982615651713
19.56463017363245	28.353982615651713
19.574630173632453	28.353982615651713
19.584630173632455	28.353982615651713
19.594630173632456	28.353982615651713
19.604630173632458	28.353982615651713
19.61463017363246	28.353982615651713
19.62463017363246	28.353982615651713
19.634630173632463	28.353982615651713
19.644630173632464	28.353982615651713
19.654630173632466	28.353982615651713
19.664630173632467	28.353982615651713
19.67463017363247	28.353982615651713
19.68463017363247	28.353982615651713
19.694630173632472	28.353982615651713
19.704630173632474	28.353982615651713
19.714630173632475	28.353982615651713
19.724630173632477	28.353982615651713
19.73463017363248	28.353982615651713
19.74463017363248	28.353982615651713
19.75463017363248	28.353982615651713
19.764630173632483	28.353982615651713
19.774630173632485	28.353982615651713
19.784630173632486	28.353982615651713
19.794630173632488	28.353982615651713
19.80463017363249	28.353982615651713
19.81463017363249	28.353982615651713
19.824630173632492	28.353982615651713
19.834630173632494	28.353982615651713
19.844630173632495	28.353982615651713
19.854630173632497	28.353982615651713
19.8646301736325	28.353982615651713
19.8746301736325	28.353982615651713
19.8846301736325	28.353982615651713
19.894630173632503	28.353982615651713
19.904630173632505	28.353982615651713
19.914630173632506	28.353982615651713
19.924630173632508	28.353982615651713
19.93463017363251	28.353982615651713
19.94463017363251	28.353982615651713
19.954630173632513	28.353982615651713
19.964630173632514	28.353982615651713
19.974630173632516	28.353982615651713
19.984630173632517	28.353982615651713
19.99463017363252	28.353982615651713
20.0	28.353982615651713
