SupplyPort 1	Port pressure 31
Elapsed	Pressure	Rate
0	0.272556	0.0163542	55.5544
0.01	0.345434	0.0163542	55.5544
0.02	0.418313	0.0163542	55.5544
0.03	0.491192	0.0163542	55.5544
0.04	0.56407	0.0163542	55.5544
0.05	0.636949	0.0163542	55.5544
0.06	0.709827	0.0163542	55.5544
0.07	0.782706	0.0163542	55.5544
0.08	0.855585	0.0163542	55.5544
0.09	0.928463	0.0163542	55.5544
0.1	1.00134	0.0163542	55.5544
0.11	1.07422	0.0163542	55.5544
0.12	1.1471	0.0163542	55.5544
0.13	1.21998	0.0163542	55.5544
0.14	1.29286	0.0163542	55.5544
0.15	1.36573	0.0163542	55.5544
0.16	1.43861	0.0163542	55.5544
0.17	1.51149	0.0163542	55.5544
0.18	1.58437	0.0163542	55.5544
0.19	1.65725	0.0163542	55.5544
0.2	1.73013	0.0163542	55.5544
0.21	1.80301	0.0163542	55.5544
0.22	1.87589	0.0163542	55.5544
0.23	1.94876	0.0163542	55.5544
0.24	2.02164	0.0163542	55.5544
0.25	2.09452	0.0163542	55.5544
0.26	2.1674	0.0163542	55.5544
0.27	2.24028	0.0163542	55.5544
0.28	2.31316	0.0163542	55.5544
0.29	2.38604	0.0163542	55.5544
0.3	2.45891	0.0163542	55.5544
0.31	2.53179	0.0163542	55.5544
0.32	2.60467	0.0163542	55.5544
0.33	2.67755	0.0163542	55.5544
0.34	2.75043	0.0163542	55.5544
0.35	2.82331	0.0163542	55.5544
0.36	2.89619	0.0163542	55.5544
0.37	2.96906	0.0163542	55.5544
0.38	3.04194	0.0163542	55.5544
0.39	3.11482	0.0163542	55.5544
0.4	3.1877	0.0163542	55.5544
0.41	3.26058	0.0163542	55.5544
0.42	3.33346	0.0163542	55.5544
0.43	3.40634	0.0163542	55.5544
0.44	3.47921	0.0163542	55.5544
0.45	3.55209	0.0163542	55.5544
0.46	3.62497	0.0163542	55.5544
0.47	3.69785	0.0163542	55.5544
0.48	3.77073	0.0163542	55.5544
0.49	3.84361	0.0163542	55.5544
0.5	3.91649	0.0163542	55.5544
0.51	3.98936	0.0163542	55.5544
0.52	4.06224	0.0163542	55.5544
0.53	4.13512	0.0163542	55.5544
0.54	4.208	0.0163542	55.5544
0.55	4.28088	0.0163542	55.5544
0.56	4.35376	0.0163542	55.5544
0.57	4.42664	0.0163542	55.5544
0.58	4.49951	0.0163542	55.5544
0.59	4.57239	0.0163542	55.5544
0.6	4.64527	0.0163542	55.5544
0.61	4.71815	0.0163542	55.5544
0.62	4.79103	0.0163542	55.5544
0.63	4.86391	0.0163542	55.5544
0.64	4.93679	0.0163542	55.5544
0.65	5.00966	0.0163542	55.5544
0.66	5.08254	0.0163542	55.5544
0.67	5.15542	0.0163542	55.5544
0.68	5.2283	0.0163542	55.5544
0.69	5.30118	0.0163542	55.5544
0.7	5.37406	0.0163542	55.5544
0.71	5.44694	0.0163542	55.5544
0.72	5.51982	0.0163542	55.5544
0.73	5.59269	0.0163542	55.5544
0.74	5.66557	0.0163542	55.5544
0.75	5.73845	0.0163542	55.5544
0.76	5.81133	0.0163542	55.5544
0.77	5.88421	0.0163542	55.5544
0.78	5.95709	0.0163542	55.5544
0.79	6.02997	0.0163542	55.5544
0.8	6.10284	0.0163542	55.5544
0.81	6.17572	0.0163542	55.5544
0.82	6.2486	0.0163542	55.5544
0.83	6.32148	0.0163542	55.5544
0.84	6.39436	0.0163542	55.5544
0.85	6.46724	0.0163542	55.5544
0.86	6.54012	0.0163542	55.5544
0.87	6.61299	0.0163542	55.5544
0.88	6.68587	0.0163542	55.5544
0.89	6.75875	0.0163542	55.5544
0.9	6.83163	0.0163542	55.5544
0.91	6.90451	0.0163542	55.5544
0.92	6.97739	0.0163542	55.5544
0.93	7.05027	0.0163542	55.5544
0.94	7.12314	0.0163542	55.5544
0.95	7.19602	0.0163542	55.5544
0.96	7.2689	0.0163542	55.5544
0.97	7.34178	0.0163542	55.5544
0.98	7.41466	0.0163542	55.5544
0.99	7.48754	0.0163542	55.5544
1	7.56042	0.0163542	55.5544
1.01	7.63329	0.0163542	55.5544
1.02	7.70617	0.0163542	55.5544
1.03	7.77905	0.0163542	55.5544
1.04	7.85193	0.0163542	55.5544
1.05	7.92481	0.0163542	55.5544
1.06	7.99769	0.0163542	55.5544
1.07	8.07057	0.0163542	55.5544
1.08	8.14344	0.0163542	55.5544
1.09	8.21632	0.0163542	55.5544
1.1	8.2892	0.0163542	55.5544
1.11	8.36208	0.0163542	55.5544
1.12	8.43496	0.0163542	55.5544
1.13	8.50784	0.0163542	55.5544
1.14	8.58072	0.0163542	55.5544
1.15	8.6536	0.0163542	55.5544
1.16	8.72647	0.0163542	55.5544
1.17	8.79935	0.0163542	55.5544
1.18	8.87223	0.0163542	55.5544
1.19	8.94511	0.0163542	55.5544
1.2	9.01799	0.0163542	55.5544
1.21	9.09087	0.0163542	55.5544
1.22	9.16375	0.0163542	55.5544
1.23	9.23662	0.0163542	55.5544
1.24	9.3095	0.0163542	55.5544
1.25	9.38238	0.0163542	55.5544
1.26	9.45526	0.0163542	55.5544
1.27	9.52814	0.0163542	55.5544
1.28	9.60102	0.0163542	55.5544
1.29	9.6739	0.0163542	55.5544
1.3	9.74677	0.0163542	55.5544
1.31	9.81965	0.0163542	55.5544
1.32	9.89253	0.0163542	55.5544
1.33	9.96541	0.0163542	55.5544
1.34	10.0383	0.0163542	55.5544
1.35	10.1112	0.0163542	55.5544
1.36	10.184	0.0163542	55.5544
1.37	10.2569	0.0163542	55.5544
1.38	10.3298	0.0163542	55.5544
1.39	10.4027	0.0163542	55.5544
1.4	10.4756	0.0163542	55.5544
1.41	10.5484	0.0163542	55.5544
1.42	10.6213	0.0163542	55.5544
1.43	10.6942	0.0163542	55.5544
1.44	10.7671	0.0163542	55.5544
1.45	10.84	0.0163542	55.5544
1.46	10.9128	0.0163542	55.5544
1.47	10.9857	0.0163542	55.5544
1.48	11.0586	0.0163542	55.5544
1.49	11.1315	0.0163542	55.5544
1.5	11.2043	0.0163542	55.5544
1.51	11.2772	0.0163542	55.5544
1.52	11.3501	0.0163542	55.5544
1.53	11.423	0.0163542	55.5544
1.54	11.4959	0.0163542	55.5544
1.55	11.5687	0.0163542	55.5544
1.56	11.6416	0.0163542	55.5544
1.57	11.7145	0.0163542	55.5544
1.58	11.7874	0.0163542	55.5544
1.59	11.8603	0.0163542	55.5544
1.6	11.9331	0.0163542	55.5544
1.61	12.006	0.0163542	55.5544
1.62	12.0789	0.0163542	55.5544
1.63	12.1518	0.0163542	55.5544
1.64	12.2246	0.0163542	55.5544
1.65	12.2975	0.0163542	55.5544
1.66	12.3704	0.0163542	55.5544
1.67	12.4433	0.0163542	55.5544
1.68	12.5162	0.0163542	55.5544
1.69	12.589	0.0163542	55.5544
1.7	12.6619	0.0163542	55.5544
1.71	12.7348	0.0163542	55.5544
1.72	12.8077	0.0163542	55.5544
1.73	12.8806	0.0163542	55.5544
1.74	12.9534	0.0163542	55.5544
1.75	13.0263	0.0163542	55.5544
1.76	13.0992	0.0163542	55.5544
1.77	13.1721	0.0163542	55.5544
1.78	13.2449	0.0163542	55.5544
1.79	13.3178	0.0163542	55.5544
1.8	13.3907	0.0163542	55.5544
1.81	13.4636	0.0163542	55.5544
1.82	13.5365	0.0163542	55.5544
1.83	13.6093	0.0163542	55.5544
1.84	13.6822	0.0163542	55.5544
1.85	13.7551	0.0163542	55.5544
1.86	13.828	0.0163542	55.5544
1.87	13.9009	0.0163542	55.5544
1.88	13.9737	0.0163542	55.5544
1.89	14.0466	0.0163542	55.5544
1.9	14.1195	0.0163542	55.5544
1.91	14.1924	0.0163542	55.5544
1.92	14.2652	0.0163542	55.5544
1.93	14.3381	0.0163542	55.5544
1.94	14.411	0.0163542	55.5544
1.95	14.4839	0.0163542	55.5544
1.96	14.5568	0.0163542	55.5544
1.97	14.6296	0.0163542	55.5544
1.98	14.7025	0.0163542	55.5544
1.99	14.7754	0.0163542	55.5544
2	14.8483	0.0163542	55.5544
2.01	14.9212	0.0163542	55.5544
2.02	14.994	0.0163542	55.5544
2.03	15.0669	0.0163542	55.5544
2.04	15.1398	0.0163542	55.5544
2.05	15.2127	0.0163542	55.5544
2.06	15.2855	0.0163542	55.5544
2.07	15.3584	0.0163542	55.5544
2.08	15.4313	0.0163542	55.5544
2.09	15.5042	0.0163542	55.5544
2.1	15.5771	0.0163542	55.5544
2.11	15.6499	0.0163542	55.5544
2.12	15.7228	0.0163542	55.5544
2.13	15.7957	0.0163542	55.5544
2.14	15.8686	0.0163542	55.5544
2.15	15.9415	0.0163542	55.5544
2.16	16.0143	0.0163542	55.5544
2.17	16.0872	0.0163542	55.5544
2.18	16.1601	0.0163542	55.5544
2.19	16.233	0.0163542	55.5544
2.2	16.3058	0.0163542	55.5544
2.21	16.3787	0.0163542	55.5544
2.22	16.4623	0.0187603	55.5544
2.23	16.5457	0.0187059	55.5544
2.24	16.6288	0.0186509	55.5544
2.25	16.7117	0.0185954	55.5544
2.26	16.7943	0.0185393	55.5544
2.27	16.8766	0.0184826	55.5544
2.28	16.9588	0.0184254	55.5544
2.29	17.0406	0.0183677	55.5544
2.3	17.1222	0.0183094	55.5544
2.31	17.2035	0.0182507	55.5544
2.32	17.2846	0.0181915	55.5544
2.33	17.3654	0.0181318	55.5544
2.34	17.4459	0.0180716	55.5544
2.35	17.5262	0.0180109	55.5544
2.36	17.6062	0.0179498	55.5544
2.37	17.6859	0.0178883	55.5544
2.38	17.7653	0.0178263	55.5544
2.39	17.8445	0.0177639	55.5544
2.4	17.9234	0.0177011	55.5544
2.41	18.002	0.017638	55.5544
2.42	18.0803	0.0175744	55.5544
2.43	18.1583	0.0175104	55.5544
2.44	18.2361	0.0174461	55.5544
2.45	18.3135	0.0173815	55.5544
2.46	18.3907	0.0173165	55.5544
2.47	18.4676	0.0172511	55.5544
2.48	18.5441	0.0171854	55.5544
2.49	18.6204	0.0171194	55.5544
2.5	18.6964	0.0170531	55.5544
2.51	18.7721	0.0169866	55.5544
2.52	18.8475	0.0169197	55.5544
2.53	18.9226	0.0168525	55.5544
2.54	18.9974	0.0167851	55.5544
2.55	19.0719	0.0167174	55.5544
2.56	19.1461	0.0166495	55.5544
2.57	19.22	0.0165813	55.5544
2.58	19.2936	0.0165129	55.5544
2.59	19.3669	0.0164443	55.5544
2.6	19.4398	0.0163754	55.5544
2.61	19.5125	0.0163064	55.5544
2.62	19.5849	0.0162372	55.5544
2.63	19.6569	0.0161677	55.5544
2.64	19.7287	0.0160981	55.5544
2.65	19.8001	0.0160283	55.5544
2.66	19.8712	0.0159584	55.5544
2.67	19.942	0.0158883	55.5544
2.68	20.0125	0.0158181	55.5544
2.69	20.0827	0.0157477	55.5544
2.7	20.1525	0.0156772	55.5544
2.71	20.2221	0.0156066	55.5544
2.72	20.2913	0.0155358	55.5544
2.73	20.3602	0.015465	55.5544
2.74	20.4288	0.015394	55.5544
2.75	20.4971	0.015323	55.5544
2.76	20.5651	0.0152518	55.5544
2.77	20.6327	0.0151806	55.5544
2.78	20.7	0.0151094	55.5544
2.79	20.7671	0.015038	55.5544
2.8	20.8338	0.0149666	55.5544
2.81	20.9001	0.0148952	55.5544
2.82	20.9662	0.0148237	55.5544
2.83	21.0319	0.0147522	55.5544
2.84	21.0974	0.0146806	55.5544
2.85	21.1625	0.0146091	55.5544
2.86	21.2272	0.0145375	55.5544
2.87	21.2917	0.0144659	55.5544
2.88	21.3558	0.0143943	55.5544
2.89	21.4197	0.0143227	55.5544
2.9	21.4832	0.0142511	55.5544
2.91	21.5464	0.0141795	55.5544
2.92	21.6092	0.014108	55.5544
2.93	21.6718	0.0140365	55.5544
2.94	21.734	0.013965	55.5544
2.95	21.7959	0.0138935	55.5544
2.96	21.8575	0.0138221	55.5544
2.97	21.9188	0.0137508	55.5544
2.98	21.9798	0.0136795	55.5544
2.99	22.0404	0.0136082	55.5544
3	22.1007	0.013537	55.5544
3.01	22.1607	0.0134659	55.5544
3.02	22.2204	0.0133949	55.5544
3.03	22.2798	0.013324	55.5544
3.04	22.3389	0.0132531	55.5544
3.05	22.3976	0.0131823	55.5544
3.06	22.456	0.0131116	55.5544
3.07	22.5142	0.0130411	55.5544
3.08	22.572	0.0129706	55.5544
3.09	22.6294	0.0129002	55.5544
3.1	22.6866	0.01283	55.5544
3.11	22.7435	0.0127598	55.5544
3.12	22.8	0.0126898	55.5544
3.13	22.8563	0.0126199	55.5544
3.14	22.9122	0.0125502	55.5544
3.15	22.9678	0.0124806	55.5544
3.16	23.0231	0.0124111	55.5544
3.17	23.0781	0.0123417	55.5544
3.18	23.1328	0.0122725	55.5544
3.19	23.1872	0.0122035	55.5544
3.2	23.2413	0.0121346	55.5544
3.21	23.295	0.0120659	55.5544
3.22	23.3485	0.0119973	55.5544
3.23	23.4016	0.0119289	55.5544
3.24	23.4545	0.0118606	55.5544
3.25	23.5071	0.0117925	55.5544
3.26	23.5593	0.0117246	55.5544
3.27	23.6112	0.0116569	55.5544
3.28	23.6629	0.0115894	55.5544
3.29	23.7142	0.011522	55.5544
3.3	23.7653	0.0114548	55.5544
3.31	23.816	0.0113878	55.5544
3.32	23.8665	0.011321	55.5544
3.33	23.9166	0.0112544	55.5544
3.34	23.9665	0.011188	55.5544
3.35	24.016	0.0111218	55.5544
3.36	24.0653	0.0110558	55.5544
3.37	24.1143	0.01099	55.5544
3.38	24.163	0.0109244	55.5544
3.39	24.2114	0.010859	55.5544
3.4	24.2595	0.0107939	55.5544
3.41	24.3073	0.0107289	55.5544
3.42	24.3548	0.0106642	55.5544
3.43	24.402	0.0105996	55.5544
3.44	24.449	0.0105353	55.5544
3.45	24.4956	0.0104712	55.5544
3.46	24.542	0.0104074	55.5544
3.47	24.5881	0.0103438	55.5544
3.48	24.6339	0.0102804	55.5544
3.49	24.6795	0.0102172	55.5544
3.5	24.7247	0.0101542	55.5544
3.51	24.7697	0.0100915	55.5544
3.52	24.8144	0.0100291	55.5544
3.53	24.8588	0.00996682	55.5544
3.54	24.9029	0.00990482	55.5544
3.55	24.9468	0.00984307	55.5544
3.56	24.9904	0.00978155	55.5544
3.57	25.0337	0.00972027	55.5544
3.58	25.0767	0.00965924	55.5544
3.59	25.1195	0.00959845	55.5544
3.6	25.162	0.00953792	55.5544
3.61	25.2043	0.00947762	55.5544
3.62	25.2462	0.00941758	55.5544
3.63	25.2879	0.00935779	55.5544
3.64	25.3294	0.00929824	55.5544
3.65	25.3705	0.00923895	55.5544
3.66	25.4114	0.00917992	55.5544
3.67	25.4521	0.00912113	55.5544
3.68	25.4925	0.0090626	55.5544
3.69	25.5326	0.00900433	55.5544
3.7	25.5725	0.00894631	55.5544
3.71	25.6121	0.00888856	55.5544
3.72	25.6514	0.00883105	55.5544
3.73	25.6905	0.00877381	55.5544
3.74	25.7294	0.00871683	55.5544
3.75	25.768	0.00866011	55.5544
3.76	25.8063	0.00860364	55.5544
3.77	25.8444	0.00854744	55.5544
3.78	25.8822	0.0084915	55.5544
3.79	25.9198	0.00843583	55.5544
3.8	25.9572	0.00838041	55.5544
3.81	25.9943	0.00832526	55.5544
3.82	26.0311	0.00827037	55.5544
3.83	26.0677	0.00821575	55.5544
3.84	26.1041	0.00816139	55.5544
3.85	26.1402	0.00810729	55.5544
3.86	26.1761	0.00805346	55.5544
3.87	26.2118	0.0079999	55.5544
3.88	26.2472	0.0079466	55.5544
3.89	26.2824	0.00789356	55.5544
3.9	26.3173	0.00784079	55.5544
3.91	26.352	0.00778828	55.5544
3.92	26.3865	0.00773604	55.5544
3.93	26.4207	0.00768407	55.5544
3.94	26.4547	0.00763236	55.5544
3.95	26.4885	0.00758092	55.5544
3.96	26.5221	0.00752974	55.5544
3.97	26.5554	0.00747883	55.5544
3.98	26.5885	0.00742818	55.5544
3.99	26.6214	0.0073778	55.5544
4	26.654	0.00732768	55.5544
4.01	26.6865	0.00727783	55.5544
4.02	26.7187	0.00722825	55.5544
4.03	26.7507	0.00717892	55.5544
4.04	26.7824	0.00712987	55.5544
4.05	26.814	0.00708107	55.5544
4.06	26.8453	0.00703254	55.5544
4.07	26.8765	0.00698427	55.5544
4.08	26.9074	0.00693627	55.5544
4.09	26.9381	0.00688853	55.5544
4.1	26.9685	0.00684105	55.5544
4.11	26.9988	0.00679384	55.5544
4.12	27.0289	0.00674688	55.5544
4.13	27.0587	0.00670019	55.5544
4.14	27.0884	0.00665376	55.5544
4.15	27.1178	0.00660758	55.5544
4.16	27.1471	0.00656167	55.5544
4.17	27.1761	0.00651602	55.5544
4.18	27.205	0.00647062	55.5544
4.19	27.2336	0.00642549	55.5544
4.2	27.262	0.00638061	55.5544
4.21	27.2903	0.00633599	55.5544
4.22	27.3183	0.00629163	55.5544
4.23	27.3461	0.00624752	55.5544
4.24	27.3738	0.00620367	55.5544
4.25	27.4012	0.00616007	55.5544
4.26	27.4285	0.00611672	55.5544
4.27	27.4556	0.00607363	55.5544
4.28	27.4824	0.0060308	55.5544
4.29	27.5091	0.00598821	55.5544
4.3	27.5356	0.00594588	55.5544
4.31	27.5619	0.0059038	55.5544
4.32	27.588	0.00586197	55.5544
4.33	27.614	0.00582038	55.5544
4.34	27.6397	0.00577905	55.5544
4.35	27.6653	0.00573796	55.5544
4.36	27.6907	0.00569713	55.5544
4.37	27.7159	0.00565653	55.5544
4.38	27.7409	0.00561619	55.5544
4.39	27.7658	0.00557609	55.5544
4.4	27.7904	0.00553623	55.5544
4.41	27.8149	0.00549661	55.5544
4.42	27.8393	0.00545724	55.5544
4.43	27.8634	0.00541811	55.5544
4.44	27.8874	0.00537922	55.5544
4.45	27.9112	0.00534057	55.5544
4.46	27.9348	0.00530216	55.5544
4.47	27.9583	0.00526399	55.5544
4.48	27.9815	0.00522606	55.5544
4.49	28.0047	0.00518836	55.5544
4.5	28.0276	0.0051509	55.5544
4.51	28.0504	0.00511367	55.5544
4.52	28.073	0.00507667	55.5544
4.53	28.0955	0.00503991	55.5544
4.54	28.1178	0.00500338	55.5544
4.55	28.1399	0.00496708	55.5544
4.56	28.1619	0.00493102	55.5544
4.57	28.1837	0.00489518	55.5544
4.58	28.2054	0.00485957	55.5544
4.59	28.2269	0.00482418	55.5544
4.6	28.2482	0.00478903	55.5544
4.61	28.2694	0.0047541	55.5544
4.62	28.2904	0.00471939	55.5544
4.63	28.3113	0.00468491	55.5544
4.64	28.332	0.00465064	55.5544
4.65	28.3526	0.00461661	55.5544
4.66	28.373	0.00458279	55.5544
4.67	28.3933	0.00454919	55.5544
4.68	28.4134	0.00451581	55.5544
4.69	28.4334	0.00448265	55.5544
4.7	28.4532	0.0044497	55.5544
4.71	28.4729	0.00441697	55.5544
4.72	28.4924	0.00438446	55.5544
4.73	28.5118	0.00435216	55.5544
4.74	28.5311	0.00432007	55.5544
4.75	28.5502	0.00428819	55.5544
4.76	28.5692	0.00425652	55.5544
4.77	28.588	0.00422507	55.5544
4.78	28.6067	0.00419382	55.5544
4.79	28.6252	0.00416278	55.5544
4.8	28.6436	0.00413195	55.5544
4.81	28.6619	0.00410132	55.5544
4.82	28.6801	0.0040709	55.5544
4.83	28.6981	0.00404068	55.5544
4.84	28.7159	0.00401067	55.5544
4.85	28.7337	0.00398085	55.5544
4.86	28.7513	0.00395124	55.5544
4.87	28.7688	0.00392182	55.5544
4.88	28.7861	0.00389261	55.5544
4.89	28.8033	0.00386359	55.5544
4.9	28.8204	0.00383477	55.5544
4.91	28.8374	0.00380614	55.5544
4.92	28.8542	0.00377771	55.5544
4.93	28.8709	0.00374948	55.5544
4.94	28.8875	0.00372143	55.5544
4.95	28.904	0.00369358	55.5544
4.96	28.9203	0.00366592	55.5544
4.97	28.9365	0.00363844	55.5544
4.98	28.9526	0.00361116	55.5544
4.99	28.9686	0.00358406	55.5544
5	28.9844	0.00355715	55.5544
5.01	29.0002	0.00353043	55.5544
5.02	29.0158	0.00350389	55.5544
5.03	29.0313	0.00347753	55.5544
5.04	29.0467	0.00345135	55.5544
5.05	29.0619	0.00342536	55.5544
5.06	29.0771	0.00339955	55.5544
5.07	29.0921	0.00337391	55.5544
5.08	29.107	0.00334846	55.5544
5.09	29.1218	0.00332318	55.5544
5.1	29.1365	0.00329808	55.5544
5.11	29.1511	0.00327315	55.5544
5.12	29.1656	0.0032484	55.5544
5.13	29.18	0.00322382	55.5544
5.14	29.1942	0.00319942	55.5544
5.15	29.2084	0.00317518	55.5544
5.16	29.2224	0.00315112	55.5544
5.17	29.2363	0.00312722	55.5544
5.18	29.2502	0.0031035	55.5544
5.19	29.2639	0.00307994	55.5544
5.2	29.2775	0.00305655	55.5544
5.21	29.291	0.00303332	55.5544
5.22	29.3045	0.00301026	55.5544
5.23	29.3178	0.00298736	55.5544
5.24	29.331	0.00296462	55.5544
5.25	29.3441	0.00294205	55.5544
5.26	29.3571	0.00291964	55.5544
5.27	29.37	0.00289738	55.5544
5.28	29.3828	0.00287529	55.5544
5.29	29.3955	0.00285335	55.5544
5.3	29.4082	0.00283157	55.5544
5.31	29.4207	0.00280994	55.5544
5.32	29.4331	0.00278847	55.5544
5.33	29.4454	0.00276716	55.5544
5.34	29.4577	0.00274599	55.5544
5.35	29.4698	0.00272498	55.5544
5.36	29.4819	0.00270412	55.5544
5.37	29.4938	0.00268341	55.5544
5.38	29.5057	0.00266285	55.5544
5.39	29.5175	0.00264244	55.5544
5.4	29.5291	0.00262218	55.5544
5.41	29.5407	0.00260206	55.5544
5.42	29.5523	0.00258209	55.5544
5.43	29.5637	0.00256226	55.5544
5.44	29.575	0.00254257	55.5544
5.45	29.5862	0.00252303	55.5544
5.46	29.5974	0.00250363	55.5544
5.47	29.6085	0.00248438	55.5544
5.48	29.6195	0.00246526	55.5544
5.49	29.6304	0.00244628	55.5544
5.5	29.6412	0.00242744	55.5544
5.51	29.6519	0.00240874	55.5544
5.52	29.6626	0.00239017	55.5544
5.53	29.6731	0.00237174	55.5544
5.54	29.6836	0.00235345	55.5544
5.55	29.694	0.00233528	55.5544
5.56	29.7044	0.00231726	55.5544
5.57	29.7146	0.00229936	55.5544
5.58	29.7248	0.0022816	55.5544
5.59	29.7349	0.00226396	55.5544
5.6	29.7449	0.00224646	55.5544
5.61	29.7548	0.00222908	55.5544
5.62	29.7647	0.00221183	55.5544
5.63	29.7744	0.00219471	55.5544
5.64	29.7841	0.00217772	55.5544
5.65	29.7938	0.00216085	55.5544
5.66	29.8033	0.00214411	55.5544
5.67	29.8128	0.00212749	55.5544
5.68	29.8222	0.00211099	55.5544
5.69	29.8315	0.00209462	55.5544
5.7	29.8408	0.00207836	55.5544
5.71	29.85	0.00206223	55.5544
5.72	29.8591	0.00204622	55.5544
5.73	29.8682	0.00203032	55.5544
5.74	29.8771	0.00201455	55.5544
5.75	29.886	0.00199889	55.5544
5.76	29.8949	0.00198335	55.5544
5.77	29.9037	0.00196792	55.5544
5.78	29.9124	0.00195261	55.5544
5.79	29.921	0.00193741	55.5544
5.8	29.9296	0.00192233	55.5544
5.81	29.9381	0.00190736	55.5544
5.82	29.9465	0.0018925	55.5544
5.83	29.9549	0.00187775	55.5544
5.84	29.9632	0.00186312	55.5544
5.85	29.9714	0.00184859	55.5544
5.86	29.9796	0.00183417	55.5544
5.87	29.9877	0.00181986	55.5544
5.88	29.9957	0.00180566	55.5544
5.89	30.0037	0.00179156	55.5544
5.9	30.0116	0.00177757	55.5544
5.91	30.0195	0.00176369	55.5544
5.92	30.0273	0.00174991	55.5544
5.93	30.035	0.00173623	55.5544
5.94	30.0427	0.00172266	55.5544
5.95	30.0503	0.00170918	55.5544
5.96	30.0579	0.00169582	55.5544
5.97	30.0654	0.00168255	55.5544
5.98	30.0728	0.00166938	55.5544
5.99	30.0802	0.00165631	55.5544
6	30.0875	0.00164334	55.5544
6.01	30.0948	0.00163047	55.5544
6.02	30.102	0.00161769	55.5544
6.03	30.1091	0.00160501	55.5544
6.04	30.1162	0.00159243	55.5544
6.05	30.1233	0.00157995	55.5544
6.06	30.1303	0.00156755	55.5544
6.07	30.1372	0.00155526	55.5544
6.08	30.1441	0.00154305	55.5544
6.09	30.1509	0.00153094	55.5544
6.1	30.1577	0.00151892	55.5544
6.11	30.1644	0.00150699	55.5544
6.12	30.171	0.00149516	55.5544
6.13	30.1777	0.00148341	55.5544
6.14	30.1842	0.00147175	55.5544
6.15	30.1907	0.00146018	55.5544
6.16	30.1972	0.0014487	55.5544
6.17	30.2036	0.00143731	55.5544
6.18	30.2099	0.001426	55.5544
6.19	30.2162	0.00141478	55.5544
6.2	30.2225	0.00140365	55.5544
6.21	30.2287	0.0013926	55.5544
6.22	30.2349	0.00138164	55.5544
6.23	30.241	0.00137076	55.5544
6.24	30.247	0.00135996	55.5544
6.25	30.253	0.00134925	55.5544
6.26	30.259	0.00133861	55.5544
6.27	30.2649	0.00132806	55.5544
6.28	30.2708	0.00131759	55.5544
6.29	30.2766	0.0013072	55.5544
6.3	30.2824	0.00129689	55.5544
6.31	30.2881	0.00128666	55.5544
6.32	30.2938	0.00127651	55.5544
6.33	30.2995	0.00126644	55.5544
6.34	30.3051	0.00125644	55.5544
6.35	30.3106	0.00124652	55.5544
6.36	30.3161	0.00123668	55.5544
6.37	30.3216	0.00122691	55.5544
6.38	30.327	0.00121722	55.5544
6.39	30.3324	0.0012076	55.5544
6.4	30.3377	0.00119806	55.5544
6.41	30.343	0.00118859	55.5544
6.42	30.3483	0.00117919	55.5544
6.43	30.3535	0.00116987	55.5544
6.44	30.3587	0.00116062	55.5544
6.45	30.3638	0.00115144	55.5544
6.46	30.3689	0.00114233	55.5544
6.47	30.374	0.00113329	55.5544
6.48	30.379	0.00112432	55.5544
6.49	30.3839	0.00111542	55.5544
6.5	30.3889	0.00110659	55.5544
6.51	30.3938	0.00109782	55.5544
6.52	30.3986	0.00108913	55.5544
6.53	30.4034	0.0010805	55.5544
6.54	30.4082	0.00107194	55.5544
6.55	30.4129	0.00106345	55.5544
6.56	30.4176	0.00105502	55.5544
6.57	30.4223	0.00104666	55.5544
6.58	30.4269	0.00103836	55.5544
6.59	30.4315	0.00103012	55.5544
6.6	30.4361	0.00102196	55.5544
6.61	30.4406	0.00101385	55.5544
6.62	30.4451	0.00100581	55.5544
6.63	30.4495	0.000997825	55.5544
6.64	30.4539	0.000989907	55.5544
6.65	30.4583	0.00098205	55.5544
6.66	30.4627	0.000974254	55.5544
6.67	30.467	0.000966519	55.5544
6.68	30.4712	0.000958844	55.5544
6.69	30.4755	0.000951229	55.5544
6.7	30.4797	0.000943673	55.5544
6.71	30.4838	0.000936176	55.5544
6.72	30.488	0.000928738	55.5544
6.73	30.4921	0.000921357	55.5544
6.74	30.4962	0.000914035	55.5544
6.75	30.5002	0.000906769	55.5544
6.76	30.5042	0.00089956	55.5544
6.77	30.5082	0.000892407	55.5544
6.78	30.5121	0.000885311	55.5544
6.79	30.5161	0.000878269	55.5544
6.8	30.5199	0.000871283	55.5544
6.81	30.5238	0.000864351	55.5544
6.82	30.5276	0.000857474	55.5544
6.83	30.5314	0.00085065	55.5544
6.84	30.5352	0.00084388	55.5544
6.85	30.5389	0.000837163	55.5544
6.86	30.5426	0.000830498	55.5544
6.87	30.5463	0.000823886	55.5544
6.88	30.5499	0.000817325	55.5544
6.89	30.5535	0.000810815	55.5544
6.9	30.5571	0.000804357	55.5544
6.91	30.5607	0.00079795	55.5544
6.92	30.5642	0.000791592	55.5544
6.93	30.5677	0.000785285	55.5544
6.94	30.5712	0.000779027	55.5544
6.95	30.5746	0.000772818	55.5544
6.96	30.578	0.000766657	55.5544
6.97	30.5814	0.000760545	55.5544
6.98	30.5848	0.000754482	55.5544
6.99	30.5881	0.000748465	55.5544
7	30.5914	0.000742496	55.5544
7.01	30.5947	0.000736574	55.5544
7.02	30.598	0.000730699	55.5544
7.03	30.6012	0.00072487	55.5544
7.04	30.6044	0.000719086	55.5544
7.05	30.6076	0.000713348	55.5544
7.06	30.6107	0.000707655	55.5544
7.07	30.6138	0.000702007	55.5544
7.08	30.6169	0.000696404	55.5544
7.09	30.62	0.000690844	55.5544
7.1	30.6231	0.000685329	55.5544
7.11	30.6261	0.000679857	55.5544
7.12	30.6291	0.000674427	55.5544
7.13	30.6321	0.000669041	55.5544
7.14	30.6351	0.000663697	55.5544
7.15	30.638	0.000658396	55.5544
7.16	30.6409	0.000653136	55.5544
7.17	30.6438	0.000647917	55.5544
7.18	30.6467	0.00064274	55.5544
7.19	30.6495	0.000637604	55.5544
7.2	30.6523	0.000632508	55.5544
7.21	30.6551	0.000627452	55.5544
7.22	30.6579	0.000622436	55.5544
7.23	30.6606	0.00061746	55.5544
7.24	30.6634	0.000612523	55.5544
7.25	30.6661	0.000607626	55.5544
7.26	30.6688	0.000602767	55.5544
7.27	30.6714	0.000597946	55.5544
7.28	30.6741	0.000593163	55.5544
7.29	30.6767	0.000588418	55.5544
7.3	30.6793	0.000583711	55.5544
7.31	30.6819	0.000579041	55.5544
7.32	30.6844	0.000574408	55.5544
7.33	30.687	0.000569812	55.5544
7.34	30.6895	0.000565252	55.5544
7.35	30.692	0.000560728	55.5544
7.36	30.6945	0.000556239	55.5544
7.37	30.6969	0.000551787	55.5544
7.38	30.6994	0.000547369	55.5544
7.39	30.7018	0.000542987	55.5544
7.4	30.7042	0.000538639	55.5544
7.41	30.7066	0.000534326	55.5544
7.42	30.7089	0.000530047	55.5544
7.43	30.7113	0.000525802	55.5544
7.44	30.7136	0.000521591	55.5544
7.45	30.7159	0.000517413	55.5544
7.46	30.7182	0.000513268	55.5544
7.47	30.7205	0.000509156	55.5544
7.48	30.7227	0.000505076	55.5544
7.49	30.7249	0.000501029	55.5544
7.5	30.7272	0.000497014	55.5544
7.51	30.7293	0.000493031	55.5544
7.52	30.7315	0.00048908	55.5544
7.53	30.7337	0.000485159	55.5544
7.54	30.7358	0.00048127	55.5544
7.55	30.738	0.000477412	55.5544
7.56	30.7401	0.000473585	55.5544
7.57	30.7422	0.000469788	55.5544
7.58	30.7442	0.000466021	55.5544
7.59	30.7463	0.000462284	55.5544
7.6	30.7483	0.000458577	55.5544
7.61	30.7504	0.000454899	55.5544
7.62	30.7524	0.00045125	55.5544
7.63	30.7544	0.000447631	55.5544
7.64	30.7564	0.00044404	55.5544
7.65	30.7583	0.000440478	55.5544
7.66	30.7603	0.000436944	55.5544
7.67	30.7622	0.000433438	55.5544
7.68	30.7641	0.000429961	55.5544
7.69	30.766	0.00042651	55.5544
7.7	30.7679	0.000423088	55.5544
7.71	30.7698	0.000419692	55.5544
7.72	30.7716	0.000416324	55.5544
7.73	30.7735	0.000412982	55.5544
7.74	30.7753	0.000409667	55.5544
7.75	30.7771	0.000406378	55.5544
7.76	30.7789	0.000403116	55.5544
7.77	30.7807	0.00039988	55.5544
7.78	30.7825	0.000396669	55.5544
7.79	30.7842	0.000393484	55.5544
7.8	30.7859	0.000390324	55.5544
7.81	30.7877	0.00038719	55.5544
7.82	30.7894	0.00038408	55.5544
7.83	30.7911	0.000380995	55.5544
7.84	30.7928	0.000377935	55.5544
7.85	30.7944	0.000374899	55.5544
7.86	30.7961	0.000371888	55.5544
7.87	30.7977	0.0003689	55.5544
7.88	30.7994	0.000365937	55.5544
7.89	30.801	0.000362997	55.5544
7.9	30.8026	0.00036008	55.5544
7.91	30.8042	0.000357187	55.5544
7.92	30.8058	0.000354317	55.5544
7.93	30.8073	0.000351469	55.5544
7.94	30.8089	0.000348645	55.5544
7.95	30.8104	0.000345843	55.5544
7.96	30.8119	0.000343063	55.5544
7.97	30.8135	0.000340305	55.5544
7.98	30.815	0.00033757	55.5544
7.99	30.8165	0.000334856	55.5544
8	30.8179	0.000332164	55.5544
8.01	30.8194	0.000329494	55.5544
8.02	30.8209	0.000326845	55.5544
8.03	30.8223	0.000324217	55.5544
8.04	30.8237	0.00032161	55.5544
8.05	30.8252	0.000319024	55.5544
8.06	30.8266	0.000316458	55.5544
8.07	30.828	0.000313914	55.5544
8.08	30.8294	0.000311389	55.5544
8.09	30.8307	0.000308885	55.5544
8.1	30.8321	0.0003064	55.5544
8.11	30.8335	0.000303936	55.5544
8.12	30.8348	0.000301491	55.5544
8.13	30.8361	0.000299066	55.5544
8.14	30.8375	0.00029666	55.5544
8.15	30.8388	0.000294273	55.5544
8.16	30.8401	0.000291906	55.5544
8.17	30.8414	0.000289557	55.5544
8.18	30.8426	0.000287227	55.5544
8.19	30.8439	0.000284916	55.5544
8.2	30.8452	0.000282623	55.5544
8.21	30.8464	0.000280349	55.5544
8.22	30.8477	0.000278093	55.5544
8.23	30.8489	0.000275855	55.5544
8.24	30.8501	0.000273635	55.5544
8.25	30.8513	0.000271432	55.5544
8.26	30.8525	0.000269248	55.5544
8.27	30.8537	0.000267081	55.5544
8.28	30.8549	0.000264931	55.5544
8.29	30.8561	0.000262798	55.5544
8.3	30.8572	0.000260682	55.5544
8.31	30.8584	0.000258584	55.5544
8.32	30.8595	0.000256502	55.5544
8.33	30.8606	0.000254437	55.5544
8.34	30.8618	0.000252388	55.5544
8.35	30.8629	0.000250356	55.5544
8.36	30.864	0.00024834	55.5544
8.37	30.8651	0.00024634	55.5544
8.38	30.8662	0.000244357	55.5544
8.39	30.8673	0.000242389	55.5544
8.4	30.8683	0.000240437	55.5544
8.41	30.8694	0.000238501	55.5544
8.42	30.8705	0.00023658	55.5544
8.43	30.8715	0.000234674	55.5544
8.44	30.8725	0.000232784	55.5544
8.45	30.8736	0.000230909	55.5544
8.46	30.8746	0.000229049	55.5544
8.47	30.8756	0.000227204	55.5544
8.48	30.8766	0.000225374	55.5544
8.49	30.8776	0.000223558	55.5544
8.5	30.8786	0.000221757	55.5544
8.51	30.8796	0.00021997	55.5544
8.52	30.8805	0.000218198	55.5544
8.53	30.8815	0.00021644	55.5544
8.54	30.8825	0.000214696	55.5544
8.55	30.8834	0.000212966	55.5544
8.56	30.8843	0.00021125	55.5544
8.57	30.8853	0.000209548	55.5544
8.58	30.8862	0.000207859	55.5544
8.59	30.8871	0.000206184	55.5544
8.6	30.888	0.000204523	55.5544
8.61	30.8889	0.000202874	55.5544
8.62	30.8898	0.000201239	55.5544
8.63	30.8907	0.000199618	55.5544
8.64	30.8916	0.000198009	55.5544
8.65	30.8925	0.000196413	55.5544
8.66	30.8934	0.00019483	55.5544
8.67	30.8942	0.000193259	55.5544
8.68	30.8951	0.000191701	55.5544
8.69	30.8959	0.000190156	55.5544
8.7	30.8968	0.000188623	55.5544
8.71	30.8976	0.000187102	55.5544
8.72	30.8984	0.000185594	55.5544
8.73	30.8992	0.000184098	55.5544
8.74	30.9001	0.000182614	55.5544
8.75	30.9009	0.000181141	55.5544
8.76	30.9017	0.000179681	55.5544
8.77	30.9025	0.000178232	55.5544
8.78	30.9032	0.000176795	55.5544
8.79	30.904	0.000175369	55.5544
8.8	30.9048	0.000173955	55.5544
8.81	30.9056	0.000172552	55.5544
8.82	30.9063	0.000171161	55.5544
8.83	30.9071	0.000169781	55.5544
8.84	30.9078	0.000168412	55.5544
8.85	30.9086	0.000167053	55.5544
8.86	30.9093	0.000165706	55.5544
8.87	30.9101	0.00016437	55.5544
8.88	30.9108	0.000163044	55.5544
8.89	30.9115	0.000161729	55.5544
8.9	30.9122	0.000160424	55.5544
8.91	30.9129	0.000159131	55.5544
8.92	30.9136	0.000157847	55.5544
8.93	30.9143	0.000156574	55.5544
8.94	30.915	0.000155311	55.5544
8.95	30.9157	0.000154058	55.5544
8.96	30.9164	0.000152815	55.5544
8.97	30.9171	0.000151582	55.5544
8.98	30.9177	0.00015036	55.5544
8.99	30.9184	0.000149146	55.5544
9	30.9191	0.000147943	55.5544
9.01	30.9197	0.00014675	55.5544
9.02	30.9204	0.000145566	55.5544
9.03	30.921	0.000144391	55.5544
9.04	30.9216	0.000143226	55.5544
9.05	30.9223	0.000142071	55.5544
9.06	30.9229	0.000140924	55.5544
9.07	30.9235	0.000139787	55.5544
9.08	30.9241	0.000138659	55.5544
9.09	30.9248	0.00013754	55.5544
9.1	30.9254	0.000136431	55.5544
9.11	30.926	0.00013533	55.5544
9.12	30.9266	0.000134238	55.5544
9.13	30.9272	0.000133154	55.5544
9.14	30.9277	0.00013208	55.5544
9.15	30.9283	0.000131014	55.5544
9.16	30.9289	0.000129956	55.5544
9.17	30.9295	0.000128908	55.5544
9.18	30.9301	0.000127867	55.5544
9.19	30.9306	0.000126835	55.5544
9.2	30.9312	0.000125812	55.5544
9.21	30.9317	0.000124796	55.5544
9.22	30.9323	0.000123789	55.5544
9.23	30.9328	0.00012279	55.5544
9.24	30.9334	0.000121799	55.5544
9.25	30.9339	0.000120815	55.5544
9.26	30.9344	0.00011984	55.5544
9.27	30.935	0.000118873	55.5544
9.28	30.9355	0.000117913	55.5544
9.29	30.936	0.000116961	55.5544
9.3	30.9365	0.000116017	55.5544
9.31	30.9371	0.000115081	55.5544
9.32	30.9376	0.000114152	55.5544
9.33	30.9381	0.00011323	55.5544
9.34	30.9386	0.000112316	55.5544
9.35	30.9391	0.000111409	55.5544
9.36	30.9396	0.00011051	55.5544
9.37	30.94	0.000109618	55.5544
9.38	30.9405	0.000108733	55.5544
9.39	30.941	0.000107855	55.5544
9.4	30.9415	0.000106984	55.5544
9.41	30.942	0.00010612	55.5544
9.42	30.9424	0.000105263	55.5544
9.43	30.9429	0.000104413	55.5544
9.44	30.9434	0.00010357	55.5544
9.45	30.9438	0.000102734	55.5544
9.46	30.9443	0.000101904	55.5544
9.47	30.9447	0.000101082	55.5544
9.48	30.9452	0.000100265	55.5544
9.49	30.9456	9.94557e-05	55.5544
9.5	30.946	9.86526e-05	55.5544
9.51	30.9465	9.78559e-05	55.5544
9.52	30.9469	9.70657e-05	55.5544
9.53	30.9473	9.62818e-05	55.5544
9.54	30.9478	9.55043e-05	55.5544
9.55	30.9482	9.4733e-05	55.5544
9.56	30.9486	9.3968e-05	55.5544
9.57	30.949	9.32091e-05	55.5544
9.58	30.9494	9.24563e-05	55.5544
9.59	30.9499	9.17096e-05	55.5544
9.6	30.9503	9.09689e-05	55.5544
9.61	30.9507	9.02342e-05	55.5544
9.62	30.9511	8.95054e-05	55.5544
9.63	30.9515	8.87825e-05	55.5544
9.64	30.9518	8.80654e-05	55.5544
9.65	30.9522	8.73541e-05	55.5544
9.66	30.9526	8.66486e-05	55.5544
9.67	30.953	8.59487e-05	55.5544
9.68	30.9534	8.52545e-05	55.5544
9.69	30.9538	8.45658e-05	55.5544
9.7	30.9541	8.38827e-05	55.5544
9.71	30.9545	8.32052e-05	55.5544
9.72	30.9549	8.25331e-05	55.5544
9.73	30.9552	8.18664e-05	55.5544
9.74	30.9556	8.12051e-05	55.5544
9.75	30.956	8.05491e-05	55.5544
9.76	30.9563	7.98984e-05	55.5544
9.77	30.9567	7.9253e-05	55.5544
9.78	30.957	7.86128e-05	55.5544
9.79	30.9574	7.79777e-05	55.5544
9.8	30.9577	7.73478e-05	55.5544
9.81	30.9581	7.67229e-05	55.5544
9.82	30.9584	7.61031e-05	55.5544
9.83	30.9587	7.54883e-05	55.5544
9.84	30.9591	7.48784e-05	55.5544
9.85	30.9594	7.42735e-05	55.5544
9.86	30.9597	7.36734e-05	55.5544
9.87	30.96	7.30782e-05	55.5544
9.88	30.9604	7.24878e-05	55.5544
9.89	30.9607	7.19021e-05	55.5544
9.9	30.961	7.13212e-05	55.5544
9.91	30.9613	7.07449e-05	55.5544
9.92	30.9616	7.01734e-05	55.5544
9.93	30.9619	6.96064e-05	55.5544
9.94	30.9623	6.9044e-05	55.5544
9.95	30.9626	6.84861e-05	55.5544
9.96	30.9629	6.79327e-05	55.5544
9.97	30.9632	6.73839e-05	55.5544
9.98	30.9635	6.68394e-05	55.5544
9.99	30.9638	6.62993e-05	55.5544
10	30.964	6.57636e-05	55.5544
10.01	30.9643	6.52322e-05	55.5544
10.02	30.9646	6.47051e-05	55.5544
10.03	30.9649	6.41822e-05	55.5544
10.04	30.9652	6.36636e-05	55.5544
10.05	30.9655	6.31492e-05	55.5544
10.06	30.9658	6.26389e-05	55.5544
10.07	30.966	6.21327e-05	55.5544
10.08	30.9663	6.16306e-05	55.5544
10.09	30.9666	6.11326e-05	55.5544
10.1	30.9669	6.06386e-05	55.5544
10.11	30.9671	6.01485e-05	55.5544
10.12	30.9674	5.96625e-05	55.5544
10.13	30.9676	5.91803e-05	55.5544
10.14	30.9679	5.87021e-05	55.5544
10.15	30.9682	5.82277e-05	55.5544
10.16	30.9684	5.77571e-05	55.5544
10.17	30.9687	5.72903e-05	55.5544
10.18	30.9689	5.68273e-05	55.5544
10.19	30.9692	5.63681e-05	55.5544
10.2	30.9694	5.59125e-05	55.5544
10.21	30.9697	5.54606e-05	55.5544
10.22	30.9699	5.50124e-05	55.5544
10.23	30.9702	5.45678e-05	55.5544
10.24	30.9704	5.41268e-05	55.5544
10.25	30.9707	5.36893e-05	55.5544
10.26	30.9709	5.32554e-05	55.5544
10.27	30.9711	5.2825e-05	55.5544
10.28	30.9714	5.2398e-05	55.5544
10.29	30.9716	5.19745e-05	55.5544
10.3	30.9718	5.15544e-05	55.5544
10.31	30.972	5.11377e-05	55.5544
10.32	30.9723	5.07244e-05	55.5544
10.33	30.9725	5.03144e-05	55.5544
10.34	30.9727	4.99078e-05	55.5544
10.35	30.9729	4.95044e-05	55.5544
10.36	30.9732	4.91042e-05	55.5544
10.37	30.9734	4.87073e-05	55.5544
10.38	30.9736	4.83136e-05	55.5544
10.39	30.9738	4.79231e-05	55.5544
10.4	30.974	4.75357e-05	55.5544
10.41	30.9742	4.71515e-05	55.5544
10.42	30.9744	4.67704e-05	55.5544
10.43	30.9746	4.63923e-05	55.5544
10.44	30.9748	4.60173e-05	55.5544
10.45	30.9751	4.56453e-05	55.5544
10.46	30.9753	4.52764e-05	55.5544
10.47	30.9755	4.49104e-05	55.5544
10.48	30.9757	4.45473e-05	55.5544
10.49	30.9758	4.41872e-05	55.5544
10.5	30.976	4.383e-05	55.5544
10.51	30.9762	4.34757e-05	55.5544
10.52	30.9764	4.31243e-05	55.5544
10.53	30.9766	4.27757e-05	55.5544
10.54	30.9768	4.24299e-05	55.5544
10.55	30.977	4.20869e-05	55.5544
10.56	30.9772	4.17467e-05	55.5544
10.57	30.9774	4.14092e-05	55.5544
10.58	30.9775	4.10744e-05	55.5544
10.59	30.9777	4.07424e-05	55.5544
10.6	30.9779	4.0413e-05	55.5544
10.61	30.9781	4.00863e-05	55.5544
10.62	30.9783	3.97622e-05	55.5544
10.63	30.9784	3.94408e-05	55.5544
10.64	30.9786	3.91219e-05	55.5544
10.65	30.9788	3.88056e-05	55.5544
10.66	30.979	3.84919e-05	55.5544
10.67	30.9791	3.81807e-05	55.5544
10.68	30.9793	3.78721e-05	55.5544
10.69	30.9795	3.75659e-05	55.5544
10.7	30.9796	3.72622e-05	55.5544
10.71	30.9798	3.69609e-05	55.5544
10.72	30.98	3.66621e-05	55.5544
10.73	30.9801	3.63657e-05	55.5544
10.74	30.9803	3.60717e-05	55.5544
10.75	30.9804	3.57801e-05	55.5544
10.76	30.9806	3.54908e-05	55.5544
10.77	30.9808	3.52038e-05	55.5544
10.78	30.9809	3.49192e-05	55.5544
10.79	30.9811	3.46369e-05	55.5544
10.8	30.9812	3.43568e-05	55.5544
10.81	30.9814	3.40791e-05	55.5544
10.82	30.9815	3.38035e-05	55.5544
10.83	30.9817	3.35302e-05	55.5544
10.84	30.9818	3.32591e-05	55.5544
10.85	30.982	3.29902e-05	55.5544
10.86	30.9821	3.27235e-05	55.5544
10.87	30.9823	3.24589e-05	55.5544
10.88	30.9824	3.21964e-05	55.5544
10.89	30.9825	3.19361e-05	55.5544
10.9	30.9827	3.16779e-05	55.5544
10.91	30.9828	3.14218e-05	55.5544
10.92	30.983	3.11677e-05	55.5544
10.93	30.9831	3.09157e-05	55.5544
10.94	30.9832	3.06657e-05	55.5544
10.95	30.9834	3.04178e-05	55.5544
10.96	30.9835	3.01718e-05	55.5544
10.97	30.9836	2.99279e-05	55.5544
10.98	30.9838	2.96859e-05	55.5544
10.99	30.9839	2.94458e-05	55.5544
11	30.984	2.92077e-05	55.5544
11.01	30.9842	2.89716e-05	55.5544
11.02	30.9843	2.87373e-05	55.5544
11.03	30.9844	2.85049e-05	55.5544
11.04	30.9845	2.82744e-05	55.5544
11.05	30.9847	2.80458e-05	55.5544
11.06	30.9848	2.7819e-05	55.5544
11.07	30.9849	2.75941e-05	55.5544
11.08	30.985	2.73709e-05	55.5544
11.09	30.9852	2.71496e-05	55.5544
11.1	30.9853	2.69301e-05	55.5544
11.11	30.9854	2.67123e-05	55.5544
11.12	30.9855	2.64963e-05	55.5544
11.13	30.9856	2.62821e-05	55.5544
11.14	30.9858	2.60695e-05	55.5544
11.15	30.9859	2.58587e-05	55.5544
11.16	30.986	2.56496e-05	55.5544
11.17	30.9861	2.54422e-05	55.5544
11.18	30.9862	2.52365e-05	55.5544
11.19	30.9863	2.50324e-05	55.5544
11.2	30.9864	2.483e-05	55.5544
11.21	30.9865	2.46292e-05	55.5544
11.22	30.9866	2.443e-05	55.5544
11.23	30.9868	2.42324e-05	55.5544
11.24	30.9869	2.40365e-05	55.5544
11.25	30.987	2.38421e-05	55.5544
11.26	30.9871	2.36493e-05	55.5544
11.27	30.9872	2.34581e-05	55.5544
11.28	30.9873	2.32684e-05	55.5544
11.29	30.9874	2.30802e-05	55.5544
11.3	30.9875	2.28935e-05	55.5544
11.31	30.9876	2.27084e-05	55.5544
11.32	30.9877	2.25248e-05	55.5544
11.33	30.9878	2.23426e-05	55.5544
11.34	30.9879	2.21619e-05	55.5544
11.35	30.988	2.19827e-05	55.5544
11.36	30.9881	2.18049e-05	55.5544
11.37	30.9882	2.16286e-05	55.5544
11.38	30.9883	2.14537e-05	55.5544
11.39	30.9884	2.12802e-05	55.5544
11.4	30.9885	2.11081e-05	55.5544
11.41	30.9886	2.09374e-05	55.5544
11.42	30.9887	2.07681e-05	55.5544
11.43	30.9887	2.06001e-05	55.5544
11.44	30.9888	2.04335e-05	55.5544
11.45	30.9889	2.02683e-05	55.5544
11.46	30.989	2.01043e-05	55.5544
11.47	30.9891	1.99417e-05	55.5544
11.48	30.9892	1.97805e-05	55.5544
11.49	30.9893	1.96205e-05	55.5544
11.5	30.9894	1.94618e-05	55.5544
11.51	30.9895	1.93044e-05	55.5544
11.52	30.9895	1.91483e-05	55.5544
11.53	30.9896	1.89934e-05	55.5544
11.54	30.9897	1.88398e-05	55.5544
11.55	30.9898	1.86875e-05	55.5544
11.56	30.9899	1.85363e-05	55.5544
11.57	30.99	1.83864e-05	55.5544
11.58	30.99	1.82377e-05	55.5544
