SupplyPort 1	Port pressure 30
Elapsed	Pressure	Rate
0	0.338752	0.0158146	107.243
0.01	0.375315	0.0158146	107.243
0.02	0.411877	0.0158146	107.243
0.03	0.44844	0.0158146	107.243
0.04	0.485002	0.0158146	107.243
0.05	0.521565	0.0158146	107.243
0.06	0.558128	0.0158146	107.243
0.07	0.59469	0.0158146	107.243
0.08	0.631253	0.0158146	107.243
0.09	0.667815	0.0158146	107.243
0.1	0.704378	0.0158146	107.243
0.11	0.74094	0.0158146	107.243
0.12	0.777503	0.0158146	107.243
0.13	0.814066	0.0158146	107.243
0.14	0.850628	0.0158146	107.243
0.15	0.887191	0.0158146	107.243
0.16	0.923753	0.0158146	107.243
0.17	0.960316	0.0158146	107.243
0.18	0.996878	0.0158146	107.243
0.19	1.03344	0.0158146	107.243
0.2	1.07	0.0158146	107.243
0.21	1.10657	0.0158146	107.243
0.22	1.14313	0.0158146	107.243
0.23	1.17969	0.0158146	107.243
0.24	1.21625	0.0158146	107.243
0.25	1.25282	0.0158146	107.243
0.26	1.28938	0.0158146	107.243
0.27	1.32594	0.0158146	107.243
0.28	1.3625	0.0158146	107.243
0.29	1.39907	0.0158146	107.243
0.3	1.43563	0.0158146	107.243
0.31	1.47219	0.0158146	107.243
0.32	1.50875	0.0158146	107.243
0.33	1.54532	0.0158146	107.243
0.34	1.58188	0.0158146	107.243
0.35	1.61844	0.0158146	107.243
0.36	1.655	0.0158146	107.243
0.37	1.69157	0.0158146	107.243
0.38	1.72813	0.0158146	107.243
0.39	1.76469	0.0158146	107.243
0.4	1.80125	0.0158146	107.243
0.41	1.83782	0.0158146	107.243
0.42	1.87438	0.0158146	107.243
0.43	1.91094	0.0158146	107.243
0.44	1.94751	0.0158146	107.243
0.45	1.98407	0.0158146	107.243
0.46	2.02063	0.0158146	107.243
0.47	2.05719	0.0158146	107.243
0.48	2.09376	0.0158146	107.243
0.49	2.13032	0.0158146	107.243
0.5	2.16688	0.0158146	107.243
0.51	2.20344	0.0158146	107.243
0.52	2.24001	0.0158146	107.243
0.53	2.27657	0.0158146	107.243
0.54	2.31313	0.0158146	107.243
0.55	2.34969	0.0158146	107.243
0.56	2.38626	0.0158146	107.243
0.57	2.42282	0.0158146	107.243
0.58	2.45938	0.0158146	107.243
0.59	2.49594	0.0158146	107.243
0.6	2.53251	0.0158146	107.243
0.61	2.56907	0.0158146	107.243
0.62	2.60563	0.0158146	107.243
0.63	2.64219	0.0158146	107.243
0.64	2.67876	0.0158146	107.243
0.65	2.71532	0.0158146	107.243
0.66	2.75188	0.0158146	107.243
0.67	2.78844	0.0158146	107.243
0.68	2.82501	0.0158146	107.243
0.69	2.86157	0.0158146	107.243
0.7	2.89813	0.0158146	107.243
0.71	2.93469	0.0158146	107.243
0.72	2.97126	0.0158146	107.243
0.73	3.00782	0.0158146	107.243
0.74	3.04438	0.0158146	107.243
0.75	3.08094	0.0158146	107.243
0.76	3.11751	0.0158146	107.243
0.77	3.15407	0.0158146	107.243
0.78	3.19063	0.0158146	107.243
0.79	3.22719	0.0158146	107.243
0.8	3.26376	0.0158146	107.243
0.81	3.30032	0.0158146	107.243
0.82	3.33688	0.0158146	107.243
0.83	3.37345	0.0158146	107.243
0.84	3.41001	0.0158146	107.243
0.85	3.44657	0.0158146	107.243
0.86	3.48313	0.0158146	107.243
0.87	3.5197	0.0158146	107.243
0.88	3.55626	0.0158146	107.243
0.89	3.59282	0.0158146	107.243
0.9	3.62938	0.0158146	107.243
0.91	3.66595	0.0158146	107.243
0.92	3.70251	0.0158146	107.243
0.93	3.73907	0.0158146	107.243
0.94	3.77563	0.0158146	107.243
0.95	3.8122	0.0158146	107.243
0.96	3.84876	0.0158146	107.243
0.97	3.88532	0.0158146	107.243
0.98	3.92188	0.0158146	107.243
0.99	3.95845	0.0158146	107.243
1	3.99501	0.0158146	107.243
1.01	4.03157	0.0158146	107.243
1.02	4.06813	0.0158146	107.243
1.03	4.1047	0.0158146	107.243
1.04	4.14126	0.0158146	107.243
1.05	4.17782	0.0158146	107.243
1.06	4.21438	0.0158146	107.243
1.07	4.25095	0.0158146	107.243
1.08	4.28751	0.0158146	107.243
1.09	4.32407	0.0158146	107.243
1.1	4.36063	0.0158146	107.243
1.11	4.3972	0.0158146	107.243
1.12	4.43376	0.0158146	107.243
1.13	4.47032	0.0158146	107.243
1.14	4.50688	0.0158146	107.243
1.15	4.54345	0.0158146	107.243
1.16	4.58001	0.0158146	107.243
1.17	4.61657	0.0158146	107.243
1.18	4.65314	0.0158146	107.243
1.19	4.6897	0.0158146	107.243
1.2	4.72626	0.0158146	107.243
1.21	4.76282	0.0158146	107.243
1.22	4.79939	0.0158146	107.243
1.23	4.83595	0.0158146	107.243
1.24	4.87251	0.0158146	107.243
1.25	4.90907	0.0158146	107.243
1.26	4.94564	0.0158146	107.243
1.27	4.9822	0.0158146	107.243
1.28	5.01876	0.0158146	107.243
1.29	5.05532	0.0158146	107.243
1.3	5.09189	0.0158146	107.243
1.31	5.12845	0.0158146	107.243
1.32	5.16501	0.0158146	107.243
1.33	5.20157	0.0158146	107.243
1.34	5.23814	0.0158146	107.243
1.35	5.2747	0.0158146	107.243
1.36	5.31126	0.0158146	107.243
1.37	5.34782	0.0158146	107.243
1.38	5.38439	0.0158146	107.243
1.39	5.42095	0.0158146	107.243
1.4	5.45751	0.0158146	107.243
1.41	5.49407	0.0158146	107.243
1.42	5.53064	0.0158146	107.243
1.43	5.5672	0.0158146	107.243
1.44	5.60376	0.0158146	107.243
1.45	5.64032	0.0158146	107.243
1.46	5.67689	0.0158146	107.243
1.47	5.71345	0.0158146	107.243
1.48	5.75001	0.0158146	107.243
1.49	5.78657	0.0158146	107.243
1.5	5.82314	0.0158146	107.243
1.51	5.8597	0.0158146	107.243
1.52	5.89626	0.0158146	107.243
1.53	5.93282	0.0158146	107.243
1.54	5.96939	0.0158146	107.243
1.55	6.00595	0.0158146	107.243
1.56	6.04251	0.0158146	107.243
1.57	6.07908	0.0158146	107.243
1.58	6.11564	0.0158146	107.243
1.59	6.1522	0.0158146	107.243
1.6	6.18876	0.0158146	107.243
1.61	6.22533	0.0158146	107.243
1.62	6.26189	0.0158146	107.243
1.63	6.29845	0.0158146	107.243
1.64	6.33501	0.0158146	107.243
1.65	6.37158	0.0158146	107.243
1.66	6.40814	0.0158146	107.243
1.67	6.4447	0.0158146	107.243
1.68	6.48126	0.0158146	107.243
1.69	6.51783	0.0158146	107.243
1.7	6.55439	0.0158146	107.243
1.71	6.59095	0.0158146	107.243
1.72	6.62751	0.0158146	107.243
1.73	6.66408	0.0158146	107.243
1.74	6.70064	0.0158146	107.243
1.75	6.7372	0.0158146	107.243
1.76	6.77376	0.0158146	107.243
1.77	6.81033	0.0158146	107.243
1.78	6.84689	0.0158146	107.243
1.79	6.88345	0.0158146	107.243
1.8	6.92001	0.0158146	107.243
1.81	6.95658	0.0158146	107.243
1.82	6.99314	0.0158146	107.243
1.83	7.0297	0.0158146	107.243
1.84	7.06626	0.0158146	107.243
1.85	7.10283	0.0158146	107.243
1.86	7.13939	0.0158146	107.243
1.87	7.17595	0.0158146	107.243
1.88	7.21251	0.0158146	107.243
1.89	7.24908	0.0158146	107.243
1.9	7.28564	0.0158146	107.243
1.91	7.3222	0.0158146	107.243
1.92	7.35877	0.0158146	107.243
1.93	7.39533	0.0158146	107.243
1.94	7.43189	0.0158146	107.243
1.95	7.46845	0.0158146	107.243
1.96	7.50502	0.0158146	107.243
1.97	7.54158	0.0158146	107.243
1.98	7.57814	0.0158146	107.243
1.99	7.6147	0.0158146	107.243
2	7.65127	0.0158146	107.243
2.01	7.68783	0.0158146	107.243
2.02	7.72439	0.0158146	107.243
2.03	7.76095	0.0158146	107.243
2.04	7.79752	0.0158146	107.243
2.05	7.83408	0.0158146	107.243
2.06	7.87064	0.0158146	107.243
2.07	7.9072	0.0158146	107.243
2.08	7.94377	0.0158146	107.243
2.09	7.98033	0.0158146	107.243
2.1	8.01689	0.0158146	107.243
2.11	8.05345	0.0158146	107.243
2.12	8.09002	0.0158146	107.243
2.13	8.12658	0.0158146	107.243
2.14	8.16314	0.0158146	107.243
2.15	8.1997	0.0158146	107.243
2.16	8.23627	0.0158146	107.243
2.17	8.27283	0.0158146	107.243
2.18	8.30939	0.0158146	107.243
2.19	8.34595	0.0158146	107.243
2.2	8.38252	0.0158146	107.243
2.21	8.41908	0.0158146	107.243
2.22	8.45564	0.0158146	107.243
2.23	8.4922	0.0158146	107.243
2.24	8.52877	0.0158146	107.243
2.25	8.56533	0.0158146	107.243
2.26	8.60189	0.0158146	107.243
2.27	8.63845	0.0158146	107.243
2.28	8.67502	0.0158146	107.243
2.29	8.71158	0.0158146	107.243
2.3	8.74814	0.0158146	107.243
2.31	8.78471	0.0158146	107.243
2.32	8.82127	0.0158146	107.243
2.33	8.85783	0.0158146	107.243
2.34	8.89439	0.0158146	107.243
2.35	8.93096	0.0158146	107.243
2.36	8.96752	0.0158146	107.243
2.37	9.00408	0.0158146	107.243
2.38	9.04064	0.0158146	107.243
2.39	9.07721	0.0158146	107.243
2.4	9.11377	0.0158146	107.243
2.41	9.15033	0.0158146	107.243
2.42	9.18689	0.0158146	107.243
2.43	9.22346	0.0158146	107.243
2.44	9.26002	0.0158146	107.243
2.45	9.29658	0.0158146	107.243
2.46	9.33314	0.0158146	107.243
2.47	9.36971	0.0158146	107.243
2.48	9.40627	0.0158146	107.243
2.49	9.44283	0.0158146	107.243
2.5	9.47939	0.0158146	107.243
2.51	9.51596	0.0158146	107.243
2.52	9.55252	0.0158146	107.243
2.53	9.58908	0.0158146	107.243
2.54	9.62564	0.0158146	107.243
2.55	9.66221	0.0158146	107.243
2.56	9.69877	0.0158146	107.243
2.57	9.73533	0.0158146	107.243
2.58	9.77189	0.0158146	107.243
2.59	9.80846	0.0158146	107.243
2.6	9.84502	0.0158146	107.243
2.61	9.88158	0.0158146	107.243
2.62	9.91814	0.0158146	107.243
2.63	9.95471	0.0158146	107.243
2.64	9.99127	0.0158146	107.243
2.65	10.0278	0.0158146	107.243
2.66	10.0644	0.0158146	107.243
2.67	10.101	0.0158146	107.243
2.68	10.1375	0.0158146	107.243
2.69	10.1741	0.0158146	107.243
2.7	10.2106	0.0158146	107.243
2.71	10.2472	0.0158146	107.243
2.72	10.2838	0.0158146	107.243
2.73	10.3203	0.0158146	107.243
2.74	10.3569	0.0158146	107.243
2.75	10.3935	0.0158146	107.243
2.76	10.43	0.0158146	107.243
2.77	10.4666	0.0158146	107.243
2.78	10.5031	0.0158146	107.243
2.79	10.5397	0.0158146	107.243
2.8	10.5763	0.0158146	107.243
2.81	10.6128	0.0158146	107.243
2.82	10.6494	0.0158146	107.243
2.83	10.686	0.0158146	107.243
2.84	10.7225	0.0158146	107.243
2.85	10.7591	0.0158146	107.243
2.86	10.7956	0.0158146	107.243
2.87	10.8322	0.0158146	107.243
2.88	10.8688	0.0158146	107.243
2.89	10.9053	0.0158146	107.243
2.9	10.9419	0.0158146	107.243
2.91	10.9785	0.0158146	107.243
2.92	11.015	0.0158146	107.243
2.93	11.0516	0.0158146	107.243
2.94	11.0881	0.0158146	107.243
2.95	11.1247	0.0158146	107.243
2.96	11.1613	0.0158146	107.243
2.97	11.1978	0.0158146	107.243
2.98	11.2344	0.0158146	107.243
2.99	11.271	0.0158146	107.243
3	11.3075	0.0158146	107.243
3.01	11.3441	0.0158146	107.243
3.02	11.3806	0.0158146	107.243
3.03	11.4172	0.0158146	107.243
3.04	11.4538	0.0158146	107.243
3.05	11.4903	0.0158146	107.243
3.06	11.5269	0.0158146	107.243
3.07	11.5635	0.0158146	107.243
3.08	11.6	0.0158146	107.243
3.09	11.6366	0.0158146	107.243
3.1	11.6731	0.0158146	107.243
3.11	11.7097	0.0158146	107.243
3.12	11.7463	0.0158146	107.243
3.13	11.7828	0.0158146	107.243
3.14	11.8194	0.0158146	107.243
3.15	11.856	0.0158146	107.243
3.16	11.8925	0.0158146	107.243
3.17	11.9291	0.0158146	107.243
3.18	11.9656	0.0158146	107.243
3.19	12.0022	0.0158146	107.243
3.2	12.0388	0.0158146	107.243
3.21	12.0753	0.0158146	107.243
3.22	12.1119	0.0158146	107.243
3.23	12.1485	0.0158146	107.243
3.24	12.185	0.0158146	107.243
3.25	12.2216	0.0158146	107.243
3.26	12.2581	0.0158146	107.243
3.27	12.2947	0.0158146	107.243
3.28	12.3313	0.0158146	107.243
3.29	12.3678	0.0158146	107.243
3.3	12.4044	0.0158146	107.243
3.31	12.441	0.0158146	107.243
3.32	12.4775	0.0158146	107.243
3.33	12.5141	0.0158146	107.243
3.34	12.5506	0.0158146	107.243
3.35	12.5872	0.0158146	107.243
3.36	12.6238	0.0158146	107.243
3.37	12.6603	0.0158146	107.243
3.38	12.6969	0.0158146	107.243
3.39	12.7335	0.0158146	107.243
3.4	12.77	0.0158146	107.243
3.41	12.8066	0.0158146	107.243
3.42	12.8432	0.0158146	107.243
3.43	12.8797	0.0158146	107.243
3.44	12.9163	0.0158146	107.243
3.45	12.9528	0.0158146	107.243
3.46	12.9894	0.0158146	107.243
3.47	13.026	0.0158146	107.243
3.48	13.0625	0.0158146	107.243
3.49	13.0991	0.0158146	107.243
3.5	13.1357	0.0158146	107.243
3.51	13.1722	0.0158146	107.243
3.52	13.2088	0.0158146	107.243
3.53	13.2453	0.0158146	107.243
3.54	13.2819	0.0158146	107.243
3.55	13.3185	0.0158146	107.243
3.56	13.355	0.0158146	107.243
3.57	13.3916	0.0158146	107.243
3.58	13.4282	0.0158146	107.243
3.59	13.4647	0.0158146	107.243
3.6	13.5013	0.0158146	107.243
3.61	13.5378	0.0158146	107.243
3.62	13.5744	0.0158146	107.243
3.63	13.611	0.0158146	107.243
3.64	13.6475	0.0158146	107.243
3.65	13.6841	0.0158146	107.243
3.66	13.7207	0.0158146	107.243
3.67	13.7572	0.0158146	107.243
3.68	13.7938	0.0158146	107.243
3.69	13.8303	0.0158146	107.243
3.7	13.8669	0.0158146	107.243
3.71	13.9035	0.0158146	107.243
3.72	13.94	0.0158146	107.243
3.73	13.9766	0.0158146	107.243
3.74	14.0132	0.0158146	107.243
3.75	14.0497	0.0158146	107.243
3.76	14.0863	0.0158146	107.243
3.77	14.1228	0.0158146	107.243
3.78	14.1594	0.0158146	107.243
3.79	14.196	0.0158146	107.243
3.8	14.2325	0.0158146	107.243
3.81	14.2691	0.0158146	107.243
3.82	14.3057	0.0158146	107.243
3.83	14.3422	0.0158146	107.243
3.84	14.3788	0.0158146	107.243
3.85	14.4153	0.0158146	107.243
3.86	14.4519	0.0158146	107.243
3.87	14.4885	0.0158146	107.243
3.88	14.525	0.0158146	107.243
3.89	14.5616	0.0158146	107.243
3.9	14.5982	0.0158146	107.243
3.91	14.6347	0.0158146	107.243
3.92	14.6713	0.0158146	107.243
3.93	14.7078	0.0158146	107.243
3.94	14.7444	0.0158146	107.243
3.95	14.781	0.0158146	107.243
3.96	14.8175	0.0158146	107.243
3.97	14.8541	0.0158146	107.243
3.98	14.8907	0.0158146	107.243
3.99	14.9272	0.0158146	107.243
4	14.9638	0.0158146	107.243
4.01	15.0003	0.0158146	107.243
4.02	15.0369	0.0158146	107.243
4.03	15.0735	0.0158146	107.243
4.04	15.11	0.0158146	107.243
4.05	15.1466	0.0158146	107.243
4.06	15.1832	0.0158146	107.243
4.07	15.2197	0.0158146	107.243
4.08	15.2563	0.0158146	107.243
4.09	15.2928	0.0158146	107.243
4.1	15.3294	0.0158146	107.243
4.11	15.366	0.0158146	107.243
4.12	15.4025	0.0158146	107.243
4.13	15.4391	0.0158146	107.243
4.14	15.4757	0.0158146	107.243
4.15	15.5122	0.0158146	107.243
4.16	15.5488	0.0158146	107.243
4.17	15.5853	0.0158146	107.243
4.18	15.6219	0.0158146	107.243
4.19	15.6585	0.0158146	107.243
4.2	15.695	0.0158146	107.243
4.21	15.7316	0.0158146	107.243
4.22	15.7682	0.0158146	107.243
4.23	15.8047	0.0158146	107.243
4.24	15.8413	0.0158146	107.243
4.25	15.8826	0.0178521	107.243
4.26	15.9238	0.0178259	107.243
4.27	15.9649	0.0177994	107.243
4.28	16.006	0.0177729	107.243
4.29	16.047	0.0177462	107.243
4.3	16.088	0.0177194	107.243
4.31	16.1289	0.0176924	107.243
4.32	16.1697	0.0176652	107.243
4.33	16.2105	0.017638	107.243
4.34	16.2512	0.0176106	107.243
4.35	16.2919	0.0175831	107.243
4.36	16.3325	0.0175554	107.243
4.37	16.373	0.0175276	107.243
4.38	16.4135	0.0174997	107.243
4.39	16.4539	0.0174717	107.243
4.4	16.4942	0.0174435	107.243
4.41	16.5344	0.0174152	107.243
4.42	16.5746	0.0173867	107.243
4.43	16.6148	0.0173582	107.243
4.44	16.6548	0.0173295	107.243
4.45	16.6948	0.0173007	107.243
4.46	16.7348	0.0172718	107.243
4.47	16.7746	0.0172428	107.243
4.48	16.8144	0.0172137	107.243
4.49	16.8542	0.0171844	107.243
4.5	16.8938	0.017155	107.243
4.51	16.9334	0.0171255	107.243
4.52	16.9729	0.017096	107.243
4.53	17.0124	0.0170663	107.243
4.54	17.0518	0.0170364	107.243
4.55	17.0911	0.0170065	107.243
4.56	17.1303	0.0169765	107.243
4.57	17.1695	0.0169464	107.243
4.58	17.2086	0.0169162	107.243
4.59	17.2477	0.0168858	107.243
4.6	17.2866	0.0168554	107.243
4.61	17.3255	0.0168249	107.243
4.62	17.3644	0.0167942	107.243
4.63	17.4031	0.0167635	107.243
4.64	17.4418	0.0167327	107.243
4.65	17.4804	0.0167018	107.243
4.66	17.519	0.0166708	107.243
4.67	17.5574	0.0166397	107.243
4.68	17.5958	0.0166085	107.243
4.69	17.6342	0.0165773	107.243
4.7	17.6724	0.0165459	107.243
4.71	17.7106	0.0165145	107.243
4.72	17.7487	0.0164829	107.243
4.73	17.7867	0.0164513	107.243
4.74	17.8247	0.0164196	107.243
4.75	17.8626	0.0163879	107.243
4.76	17.9004	0.016356	107.243
4.77	17.9381	0.0163241	107.243
4.78	17.9758	0.0162921	107.243
4.79	18.0134	0.01626	107.243
4.8	18.0509	0.0162278	107.243
4.81	18.0884	0.0161956	107.243
4.82	18.1257	0.0161633	107.243
4.83	18.163	0.0161309	107.243
4.84	18.2002	0.0160985	107.243
4.85	18.2374	0.016066	107.243
4.86	18.2745	0.0160334	107.243
4.87	18.3114	0.0160008	107.243
4.88	18.3484	0.0159681	107.243
4.89	18.3852	0.0159353	107.243
4.9	18.422	0.0159025	107.243
4.91	18.4587	0.0158696	107.243
4.92	18.4953	0.0158366	107.243
4.93	18.5318	0.0158036	107.243
4.94	18.5683	0.0157705	107.243
4.95	18.6047	0.0157374	107.243
4.96	18.641	0.0157042	107.243
4.97	18.6772	0.015671	107.243
4.98	18.7133	0.0156377	107.243
4.99	18.7494	0.0156043	107.243
5	18.7854	0.0155709	107.243
5.01	18.8213	0.0155375	107.243
5.02	18.8572	0.015504	107.243
5.03	18.893	0.0154704	107.243
5.04	18.9286	0.0154368	107.243
5.05	18.9643	0.0154032	107.243
5.06	18.9998	0.0153695	107.243
5.07	19.0352	0.0153358	107.243
5.08	19.0706	0.015302	107.243
5.09	19.1059	0.0152682	107.243
5.1	19.1411	0.0152344	107.243
5.11	19.1763	0.0152005	107.243
5.12	19.2114	0.0151666	107.243
5.13	19.2463	0.0151326	107.243
5.14	19.2812	0.0150986	107.243
5.15	19.3161	0.0150645	107.243
5.16	19.3508	0.0150305	107.243
5.17	19.3855	0.0149964	107.243
5.18	19.4201	0.0149622	107.243
5.19	19.4546	0.0149281	107.243
5.2	19.489	0.0148939	107.243
5.21	19.5234	0.0148596	107.243
5.22	19.5577	0.0148254	107.243
5.23	19.5919	0.0147911	107.243
5.24	19.626	0.0147568	107.243
5.25	19.66	0.0147224	107.243
5.26	19.694	0.0146881	107.243
5.27	19.7278	0.0146537	107.243
5.28	19.7616	0.0146193	107.243
5.29	19.7954	0.0145848	107.243
5.3	19.829	0.0145504	107.243
5.31	19.8626	0.0145159	107.243
5.32	19.896	0.0144814	107.243
5.33	19.9294	0.0144469	107.243
5.34	19.9628	0.0144124	107.243
5.35	19.996	0.0143778	107.243
5.36	20.0292	0.0143433	107.243
5.37	20.0623	0.0143087	107.243
5.38	20.0953	0.0142741	107.243
5.39	20.1282	0.0142395	107.243
5.4	20.161	0.0142049	107.243
5.41	20.1938	0.0141703	107.243
5.42	20.2265	0.0141356	107.243
5.43	20.2591	0.014101	107.243
5.44	20.2916	0.0140663	107.243
5.45	20.324	0.0140317	107.243
5.46	20.3564	0.013997	107.243
5.47	20.3887	0.0139623	107.243
5.48	20.4209	0.0139277	107.243
5.49	20.453	0.013893	107.243
5.5	20.485	0.0138583	107.243
5.51	20.517	0.0138236	107.243
5.52	20.5489	0.0137889	107.243
5.53	20.5807	0.0137542	107.243
5.54	20.6124	0.0137195	107.243
5.55	20.644	0.0136848	107.243
5.56	20.6756	0.0136501	107.243
5.57	20.707	0.0136155	107.243
5.58	20.7384	0.0135808	107.243
5.59	20.7698	0.0135461	107.243
5.6	20.801	0.0135114	107.243
5.61	20.8322	0.0134767	107.243
5.62	20.8632	0.0134421	107.243
5.63	20.8942	0.0134074	107.243
5.64	20.9252	0.0133727	107.243
5.65	20.956	0.0133381	107.243
5.66	20.9867	0.0133035	107.243
5.67	21.0174	0.0132688	107.243
5.68	21.048	0.0132342	107.243
5.69	21.0785	0.0131996	107.243
5.7	21.109	0.013165	107.243
5.71	21.1393	0.0131304	107.243
5.72	21.1696	0.0130958	107.243
5.73	21.1998	0.0130613	107.243
5.74	21.2299	0.0130267	107.243
5.75	21.26	0.0129922	107.243
5.76	21.2899	0.0129577	107.243
5.77	21.3198	0.0129232	107.243
5.78	21.3496	0.0128887	107.243
5.79	21.3793	0.0128542	107.243
5.8	21.4089	0.0128198	107.243
5.81	21.4385	0.0127854	107.243
5.82	21.468	0.0127509	107.243
5.83	21.4974	0.0127166	107.243
5.84	21.5267	0.0126822	107.243
5.85	21.5559	0.0126478	107.243
5.86	21.5851	0.0126135	107.243
5.87	21.6142	0.0125792	107.243
5.88	21.6432	0.0125449	107.243
5.89	21.6721	0.0125107	107.243
5.9	21.701	0.0124764	107.243
5.91	21.7297	0.0124422	107.243
5.92	21.7584	0.012408	107.243
5.93	21.787	0.0123739	107.243
5.94	21.8156	0.0123397	107.243
5.95	21.844	0.0123056	107.243
5.96	21.8724	0.0122716	107.243
5.97	21.9007	0.0122375	107.243
5.98	21.9289	0.0122035	107.243
5.99	21.957	0.0121695	107.243
6	21.9851	0.0121355	107.243
6.01	22.0131	0.0121016	107.243
6.02	22.041	0.0120677	107.243
6.03	22.0688	0.0120338	107.243
6.04	22.0965	0.012	107.243
6.05	22.1242	0.0119662	107.243
6.06	22.1518	0.0119324	107.243
6.07	22.1793	0.0118987	107.243
6.08	22.2067	0.011865	107.243
6.09	22.2341	0.0118313	107.243
6.1	22.2613	0.0117976	107.243
6.11	22.2885	0.011764	107.243
6.12	22.3157	0.0117305	107.243
6.13	22.3427	0.0116969	107.243
6.14	22.3697	0.0116635	107.243
6.15	22.3966	0.01163	107.243
6.16	22.4234	0.0115966	107.243
6.17	22.4501	0.0115632	107.243
6.18	22.4768	0.0115299	107.243
6.19	22.5033	0.0114966	107.243
6.2	22.5298	0.0114633	107.243
6.21	22.5563	0.0114301	107.243
6.22	22.5826	0.0113969	107.243
6.23	22.6089	0.0113637	107.243
6.24	22.6351	0.0113306	107.243
6.25	22.6612	0.0112976	107.243
6.26	22.6872	0.0112645	107.243
6.27	22.7132	0.0112316	107.243
6.28	22.7391	0.0111986	107.243
6.29	22.7649	0.0111657	107.243
6.3	22.7907	0.0111329	107.243
6.31	22.8163	0.0111001	107.243
6.32	22.8419	0.0110673	107.243
6.33	22.8674	0.0110346	107.243
6.34	22.8928	0.011002	107.243
6.35	22.9182	0.0109693	107.243
6.36	22.9435	0.0109367	107.243
6.37	22.9687	0.0109042	107.243
6.38	22.9938	0.0108717	107.243
6.39	23.0189	0.0108393	107.243
6.4	23.0439	0.0108069	107.243
6.41	23.0688	0.0107746	107.243
6.42	23.0936	0.0107423	107.243
6.43	23.1184	0.01071	107.243
6.44	23.1431	0.0106778	107.243
6.45	23.1677	0.0106457	107.243
6.46	23.1922	0.0106136	107.243
6.47	23.2167	0.0105815	107.243
6.48	23.2411	0.0105495	107.243
6.49	23.2654	0.0105176	107.243
6.5	23.2896	0.0104857	107.243
6.51	23.3138	0.0104538	107.243
6.52	23.3379	0.010422	107.243
6.53	23.3619	0.0103903	107.243
6.54	23.3859	0.0103586	107.243
6.55	23.4097	0.0103269	107.243
6.56	23.4336	0.0102953	107.243
6.57	23.4573	0.0102638	107.243
6.58	23.4809	0.0102323	107.243
6.59	23.5045	0.0102009	107.243
6.6	23.528	0.0101695	107.243
6.61	23.5515	0.0101382	107.243
6.62	23.5748	0.0101069	107.243
6.63	23.5981	0.0100757	107.243
6.64	23.6214	0.0100445	107.243
6.65	23.6445	0.0100134	107.243
6.66	23.6676	0.00998235	107.243
6.67	23.6906	0.00995135	107.243
6.68	23.7135	0.00992041	107.243
6.69	23.7364	0.00988952	107.243
6.7	23.7592	0.00985869	107.243
6.71	23.7819	0.00982791	107.243
6.72	23.8046	0.0097972	107.243
6.73	23.8271	0.00976653	107.243
6.74	23.8496	0.00973593	107.243
6.75	23.8721	0.00970538	107.243
6.76	23.8944	0.00967489	107.243
6.77	23.9167	0.00964446	107.243
6.78	23.939	0.00961408	107.243
6.79	23.9611	0.00958376	107.243
6.8	23.9832	0.00955351	107.243
6.81	24.0052	0.0095233	107.243
6.82	24.0272	0.00949316	107.243
6.83	24.0491	0.00946308	107.243
6.84	24.0709	0.00943305	107.243
6.85	24.0926	0.00940309	107.243
6.86	24.1143	0.00937318	107.243
6.87	24.1359	0.00934334	107.243
6.88	24.1574	0.00931355	107.243
6.89	24.1789	0.00928382	107.243
6.9	24.2003	0.00925415	107.243
6.91	24.2216	0.00922455	107.243
6.92	24.2429	0.009195	107.243
6.93	24.264	0.00916551	107.243
6.94	24.2852	0.00913609	107.243
6.95	24.3062	0.00910672	107.243
6.96	24.3272	0.00907742	107.243
6.97	24.3481	0.00904817	107.243
6.98	24.369	0.00901899	107.243
6.99	24.3898	0.00898987	107.243
7	24.4105	0.00896081	107.243
7.01	24.4311	0.00893182	107.243
7.02	24.4517	0.00890288	107.243
7.03	24.4722	0.00887401	107.243
7.04	24.4927	0.0088452	107.243
7.05	24.5131	0.00881645	107.243
7.06	24.5334	0.00878776	107.243
7.07	24.5536	0.00875914	107.243
7.08	24.5738	0.00873058	107.243
7.09	24.5939	0.00870208	107.243
7.1	24.614	0.00867364	107.243
7.11	24.634	0.00864527	107.243
7.12	24.6539	0.00861696	107.243
7.13	24.6738	0.00858871	107.243
7.14	24.6935	0.00856053	107.243
7.15	24.7133	0.00853241	107.243
7.16	24.7329	0.00850435	107.243
7.17	24.7525	0.00847636	107.243
7.18	24.7721	0.00844843	107.243
7.19	24.7915	0.00842056	107.243
7.2	24.8109	0.00839276	107.243
7.21	24.8303	0.00836502	107.243
7.22	24.8495	0.00833734	107.243
7.23	24.8688	0.00830973	107.243
7.24	24.8879	0.00828219	107.243
7.25	24.907	0.00825471	107.243
7.26	24.926	0.00822729	107.243
7.27	24.945	0.00819993	107.243
7.28	24.9639	0.00817265	107.243
7.29	24.9827	0.00814542	107.243
7.3	25.0015	0.00811826	107.243
7.31	25.0202	0.00809116	107.243
7.32	25.0388	0.00806413	107.243
7.33	25.0574	0.00803717	107.243
7.34	25.0759	0.00801027	107.243
7.35	25.0944	0.00798343	107.243
7.36	25.1128	0.00795666	107.243
7.37	25.1311	0.00792995	107.243
7.38	25.1494	0.00790331	107.243
7.39	25.1676	0.00787673	107.243
7.4	25.1857	0.00785022	107.243
7.41	25.2038	0.00782378	107.243
7.42	25.2219	0.0077974	107.243
7.43	25.2398	0.00777108	107.243
7.44	25.2577	0.00774483	107.243
7.45	25.2756	0.00771864	107.243
7.46	25.2934	0.00769252	107.243
7.47	25.3111	0.00766647	107.243
7.48	25.3287	0.00764048	107.243
7.49	25.3463	0.00761455	107.243
7.5	25.3639	0.0075887	107.243
7.51	25.3814	0.0075629	107.243
7.52	25.3988	0.00753717	107.243
7.53	25.4162	0.00751151	107.243
7.54	25.4335	0.00748592	107.243
7.55	25.4507	0.00746038	107.243
7.56	25.4679	0.00743492	107.243
7.57	25.485	0.00740952	107.243
7.58	25.5021	0.00738418	107.243
7.59	25.5191	0.00735891	107.243
7.6	25.5361	0.00733371	107.243
7.61	25.553	0.00730857	107.243
7.62	25.5698	0.0072835	107.243
7.63	25.5866	0.00725849	107.243
7.64	25.6033	0.00723355	107.243
7.65	25.62	0.00720867	107.243
7.66	25.6366	0.00718386	107.243
7.67	25.6532	0.00715911	107.243
7.68	25.6696	0.00713443	107.243
7.69	25.6861	0.00710982	107.243
7.7	25.7025	0.00708527	107.243
7.71	25.7188	0.00706079	107.243
7.72	25.7351	0.00703637	107.243
7.73	25.7513	0.00701202	107.243
7.74	25.7674	0.00698773	107.243
7.75	25.7835	0.00696351	107.243
7.76	25.7996	0.00693935	107.243
7.77	25.8156	0.00691526	107.243
7.78	25.8315	0.00689123	107.243
7.79	25.8474	0.00686727	107.243
7.8	25.8632	0.00684338	107.243
7.81	25.8789	0.00681955	107.243
7.82	25.8947	0.00679578	107.243
7.83	25.9103	0.00677208	107.243
7.84	25.9259	0.00674845	107.243
7.85	25.9415	0.00672488	107.243
7.86	25.957	0.00670137	107.243
7.87	25.9724	0.00667793	107.243
7.88	25.9878	0.00665456	107.243
7.89	26.0031	0.00663125	107.243
7.9	26.0184	0.006608	107.243
7.91	26.0336	0.00658482	107.243
7.92	26.0488	0.00656171	107.243
7.93	26.0639	0.00653866	107.243
7.94	26.079	0.00651567	107.243
7.95	26.094	0.00649275	107.243
7.96	26.1089	0.0064699	107.243
7.97	26.1238	0.0064471	107.243
7.98	26.1387	0.00642438	107.243
7.99	26.1535	0.00640171	107.243
8	26.1682	0.00637912	107.243
8.01	26.1829	0.00635658	107.243
8.02	26.1976	0.00633411	107.243
8.03	26.2122	0.00631171	107.243
8.04	26.2267	0.00628936	107.243
8.05	26.2412	0.00626709	107.243
8.06	26.2556	0.00624487	107.243
8.07	26.27	0.00622273	107.243
8.08	26.2844	0.00620064	107.243
8.09	26.2986	0.00617862	107.243
8.1	26.3129	0.00615666	107.243
8.11	26.3271	0.00613477	107.243
8.12	26.3412	0.00611294	107.243
8.13	26.3553	0.00609117	107.243
8.14	26.3693	0.00606947	107.243
8.15	26.3833	0.00604783	107.243
8.16	26.3972	0.00602625	107.243
8.17	26.4111	0.00600474	107.243
8.18	26.4249	0.00598329	107.243
8.19	26.4387	0.0059619	107.243
8.2	26.4525	0.00594058	107.243
8.21	26.4661	0.00591932	107.243
8.22	26.4798	0.00589812	107.243
8.23	26.4934	0.00587698	107.243
8.24	26.5069	0.00585591	107.243
8.25	26.5204	0.0058349	107.243
8.26	26.5338	0.00581396	107.243
8.27	26.5472	0.00579307	107.243
8.28	26.5606	0.00577225	107.243
8.29	26.5739	0.00575149	107.243
8.3	26.5871	0.00573079	107.243
8.31	26.6003	0.00571016	107.243
8.32	26.6135	0.00568959	107.243
8.33	26.6266	0.00566908	107.243
8.34	26.6396	0.00564863	107.243
8.35	26.6527	0.00562824	107.243
8.36	26.6656	0.00560792	107.243
8.37	26.6785	0.00558765	107.243
8.38	26.6914	0.00556745	107.243
8.39	26.7042	0.00554731	107.243
8.4	26.717	0.00552723	107.243
8.41	26.7298	0.00550721	107.243
8.42	26.7424	0.00548726	107.243
8.43	26.7551	0.00546736	107.243
8.44	26.7677	0.00544753	107.243
8.45	26.7802	0.00542775	107.243
8.46	26.7927	0.00540804	107.243
8.47	26.8052	0.00538839	107.243
8.48	26.8176	0.0053688	107.243
8.49	26.83	0.00534926	107.243
8.5	26.8423	0.00532979	107.243
8.51	26.8546	0.00531038	107.243
8.52	26.8668	0.00529103	107.243
8.53	26.879	0.00527174	107.243
8.54	26.8911	0.00525251	107.243
8.55	26.9032	0.00523334	107.243
8.56	26.9153	0.00521423	107.243
8.57	26.9273	0.00519518	107.243
8.58	26.9393	0.00517619	107.243
8.59	26.9512	0.00515726	107.243
8.6	26.9631	0.00513839	107.243
8.61	26.9749	0.00511958	107.243
8.62	26.9867	0.00510082	107.243
8.63	26.9984	0.00508213	107.243
8.64	27.0101	0.0050635	107.243
8.65	27.0218	0.00504492	107.243
8.66	27.0334	0.0050264	107.243
8.67	27.045	0.00500794	107.243
8.68	27.0565	0.00498954	107.243
8.69	27.068	0.0049712	107.243
8.7	27.0795	0.00495292	107.243
8.71	27.0909	0.00493469	107.243
8.72	27.1023	0.00491652	107.243
8.73	27.1136	0.00489841	107.243
8.74	27.1249	0.00488036	107.243
8.75	27.1361	0.00486237	107.243
8.76	27.1473	0.00484443	107.243
8.77	27.1585	0.00482655	107.243
8.78	27.1696	0.00480873	107.243
8.79	27.1807	0.00479097	107.243
8.8	27.1917	0.00477326	107.243
8.81	27.2027	0.00475561	107.243
8.82	27.2136	0.00473802	107.243
8.83	27.2246	0.00472048	107.243
8.84	27.2354	0.004703	107.243
8.85	27.2463	0.00468558	107.243
8.86	27.2571	0.00466821	107.243
8.87	27.2678	0.00465091	107.243
8.88	27.2785	0.00463365	107.243
8.89	27.2892	0.00461645	107.243
8.9	27.2998	0.00459931	107.243
8.91	27.3104	0.00458223	107.243
8.92	27.321	0.0045652	107.243
8.93	27.3315	0.00454822	107.243
8.94	27.342	0.00453131	107.243
8.95	27.3524	0.00451444	107.243
8.96	27.3628	0.00449764	107.243
8.97	27.3732	0.00448088	107.243
8.98	27.3835	0.00446419	107.243
8.99	27.3938	0.00444754	107.243
9	27.404	0.00443096	107.243
9.01	27.4142	0.00441442	107.243
9.02	27.4244	0.00439794	107.243
9.03	27.4345	0.00438152	107.243
9.04	27.4446	0.00436515	107.243
9.05	27.4547	0.00434884	107.243
9.06	27.4647	0.00433257	107.243
9.07	27.4747	0.00431637	107.243
9.08	27.4846	0.00430021	107.243
9.09	27.4945	0.00428411	107.243
9.1	27.5044	0.00426807	107.243
9.11	27.5142	0.00425208	107.243
9.12	27.524	0.00423614	107.243
9.13	27.5338	0.00422025	107.243
9.14	27.5435	0.00420442	107.243
9.15	27.5532	0.00418864	107.243
9.16	27.5628	0.00417291	107.243
9.17	27.5724	0.00415724	107.243
9.18	27.582	0.00414161	107.243
9.19	27.5915	0.00412604	107.243
9.2	27.601	0.00411053	107.243
9.21	27.6105	0.00409506	107.243
9.22	27.6199	0.00407965	107.243
9.23	27.6293	0.00406429	107.243
9.24	27.6387	0.00404898	107.243
9.25	27.648	0.00403372	107.243
9.26	27.6573	0.00401852	107.243
9.27	27.6666	0.00400336	107.243
9.28	27.6758	0.00398826	107.243
9.29	27.685	0.00397321	107.243
9.3	27.6941	0.00395821	107.243
9.31	27.7032	0.00394326	107.243
9.32	27.7123	0.00392836	107.243
9.33	27.7214	0.00391351	107.243
9.34	27.7304	0.00389872	107.243
9.35	27.7394	0.00388397	107.243
9.36	27.7483	0.00386927	107.243
9.37	27.7572	0.00385463	107.243
9.38	27.7661	0.00384003	107.243
9.39	27.7749	0.00382548	107.243
9.4	27.7838	0.00381099	107.243
9.41	27.7925	0.00379654	107.243
9.42	27.8013	0.00378214	107.243
9.43	27.81	0.00376779	107.243
9.44	27.8187	0.0037535	107.243
9.45	27.8273	0.00373925	107.243
9.46	27.8359	0.00372505	107.243
9.47	27.8445	0.0037109	107.243
9.48	27.853	0.00369679	107.243
9.49	27.8616	0.00368274	107.243
9.5	27.87	0.00366873	107.243
9.51	27.8785	0.00365478	107.243
9.52	27.8869	0.00364087	107.243
9.53	27.8953	0.00362701	107.243
9.54	27.9036	0.0036132	107.243
9.55	27.912	0.00359943	107.243
9.56	27.9203	0.00358571	107.243
9.57	27.9285	0.00357205	107.243
9.58	27.9367	0.00355842	107.243
9.59	27.9449	0.00354485	107.243
9.6	27.9531	0.00353132	107.243
9.61	27.9612	0.00351784	107.243
9.62	27.9693	0.00350441	107.243
9.63	27.9774	0.00349102	107.243
9.64	27.9855	0.00347769	107.243
9.65	27.9935	0.00346439	107.243
9.66	28.0014	0.00345115	107.243
9.67	28.0094	0.00343795	107.243
9.68	28.0173	0.00342479	107.243
9.69	28.0252	0.00341169	107.243
9.7	28.0331	0.00339863	107.243
9.71	28.0409	0.00338561	107.243
9.72	28.0487	0.00337264	107.243
9.73	28.0564	0.00335972	107.243
9.74	28.0642	0.00334684	107.243
9.75	28.0719	0.003334	107.243
9.76	28.0796	0.00332122	107.243
9.77	28.0872	0.00330847	107.243
9.78	28.0948	0.00329578	107.243
9.79	28.1024	0.00328312	107.243
9.8	28.11	0.00327052	107.243
9.81	28.1175	0.00325795	107.243
9.82	28.125	0.00324543	107.243
9.83	28.1325	0.00323296	107.243
9.84	28.1399	0.00322053	107.243
9.85	28.1474	0.00320814	107.243
9.86	28.1548	0.0031958	107.243
9.87	28.1621	0.0031835	107.243
9.88	28.1694	0.00317124	107.243
9.89	28.1767	0.00315903	107.243
9.9	28.184	0.00314686	107.243
9.91	28.1913	0.00313474	107.243
9.92	28.1985	0.00312266	107.243
9.93	28.2057	0.00311062	107.243
9.94	28.2128	0.00309862	107.243
9.95	28.22	0.00308667	107.243
9.96	28.2271	0.00307476	107.243
9.97	28.2342	0.00306289	107.243
9.98	28.2412	0.00305107	107.243
9.99	28.2483	0.00303929	107.243
10	28.2552	0.00302755	107.243
10.01	28.2622	0.00301585	107.243
10.02	28.2692	0.00300419	107.243
10.03	28.2761	0.00299258	107.243
10.04	28.283	0.00298101	107.243
10.05	28.2898	0.00296948	107.243
10.06	28.2967	0.00295799	107.243
10.07	28.3035	0.00294654	107.243
10.08	28.3103	0.00293513	107.243
10.09	28.317	0.00292376	107.243
10.1	28.3238	0.00291244	107.243
10.11	28.3305	0.00290116	107.243
10.12	28.3372	0.00288991	107.243
10.13	28.3438	0.00287871	107.243
10.14	28.3504	0.00286755	107.243
10.15	28.3571	0.00285643	107.243
10.16	28.3636	0.00284534	107.243
10.17	28.3702	0.0028343	107.243
10.18	28.3767	0.0028233	107.243
10.19	28.3832	0.00281234	107.243
10.2	28.3897	0.00280142	107.243
10.21	28.3961	0.00279053	107.243
10.22	28.4026	0.00277969	107.243
10.23	28.409	0.00276889	107.243
10.24	28.4153	0.00275812	107.243
10.25	28.4217	0.0027474	107.243
10.26	28.428	0.00273671	107.243
10.27	28.4343	0.00272607	107.243
10.28	28.4406	0.00271546	107.243
10.29	28.4469	0.00270489	107.243
10.3	28.4531	0.00269436	107.243
10.31	28.4593	0.00268387	107.243
10.32	28.4655	0.00267341	107.243
10.33	28.4716	0.002663	107.243
10.34	28.4778	0.00265262	107.243
10.35	28.4839	0.00264228	107.243
10.36	28.49	0.00263197	107.243
10.37	28.496	0.00262171	107.243
10.38	28.5021	0.00261148	107.243
10.39	28.5081	0.00260129	107.243
10.4	28.5141	0.00259114	107.243
10.41	28.52	0.00258103	107.243
10.42	28.526	0.00257095	107.243
10.43	28.5319	0.00256091	107.243
10.44	28.5378	0.00255091	107.243
10.45	28.5437	0.00254094	107.243
10.46	28.5495	0.00253101	107.243
10.47	28.5553	0.00252111	107.243
10.48	28.5611	0.00251126	107.243
10.49	28.5669	0.00250144	107.243
10.5	28.5727	0.00249165	107.243
10.51	28.5784	0.0024819	107.243
10.52	28.5841	0.00247219	107.243
10.53	28.5898	0.00246251	107.243
10.54	28.5955	0.00245287	107.243
10.55	28.6012	0.00244327	107.243
10.56	28.6068	0.0024337	107.243
10.57	28.6124	0.00242416	107.243
10.58	28.618	0.00241466	107.243
10.59	28.6235	0.0024052	107.243
10.6	28.6291	0.00239577	107.243
10.61	28.6346	0.00238638	107.243
10.62	28.6401	0.00237702	107.243
10.63	28.6456	0.00236769	107.243
10.64	28.651	0.0023584	107.243
10.65	28.6564	0.00234915	107.243
10.66	28.6619	0.00233992	107.243
10.67	28.6672	0.00233074	107.243
10.68	28.6726	0.00232159	107.243
10.69	28.678	0.00231247	107.243
10.7	28.6833	0.00230338	107.243
10.71	28.6886	0.00229433	107.243
10.72	28.6939	0.00228531	107.243
10.73	28.6991	0.00227633	107.243
10.74	28.7044	0.00226738	107.243
10.75	28.7096	0.00225846	107.243
10.76	28.7148	0.00224958	107.243
10.77	28.72	0.00224073	107.243
10.78	28.7251	0.00223191	107.243
10.79	28.7303	0.00222313	107.243
10.8	28.7354	0.00221438	107.243
10.81	28.7405	0.00220566	107.243
10.82	28.7456	0.00219697	107.243
10.83	28.7506	0.00218832	107.243
10.84	28.7557	0.0021797	107.243
10.85	28.7607	0.00217111	107.243
10.86	28.7657	0.00216255	107.243
10.87	28.7707	0.00215403	107.243
10.88	28.7756	0.00214553	107.243
10.89	28.7806	0.00213707	107.243
10.9	28.7855	0.00212865	107.243
10.91	28.7904	0.00212025	107.243
10.92	28.7953	0.00211188	107.243
10.93	28.8001	0.00210355	107.243
10.94	28.805	0.00209524	107.243
10.95	28.8098	0.00208697	107.243
10.96	28.8146	0.00207873	107.243
10.97	28.8194	0.00207052	107.243
10.98	28.8242	0.00206234	107.243
10.99	28.8289	0.0020542	107.243
11	28.8337	0.00204608	107.243
11.01	28.8384	0.00203799	107.243
11.02	28.8431	0.00202994	107.243
11.03	28.8477	0.00202191	107.243
11.04	28.8524	0.00201392	107.243
11.05	28.857	0.00200595	107.243
11.06	28.8616	0.00199802	107.243
11.07	28.8662	0.00199011	107.243
11.08	28.8708	0.00198224	107.243
11.09	28.8754	0.00197439	107.243
11.1	28.8799	0.00196657	107.243
11.11	28.8845	0.00195879	107.243
11.12	28.889	0.00195103	107.243
11.13	28.8935	0.0019433	107.243
11.14	28.8979	0.00193561	107.243
11.15	28.9024	0.00192794	107.243
11.16	28.9068	0.0019203	107.243
11.17	28.9113	0.00191269	107.243
11.18	28.9157	0.00190511	107.243
11.19	28.9201	0.00189755	107.243
11.2	28.9244	0.00189003	107.243
11.21	28.9288	0.00188253	107.243
11.22	28.9331	0.00187507	107.243
11.23	28.9374	0.00186763	107.243
11.24	28.9417	0.00186022	107.243
11.25	28.946	0.00185283	107.243
11.26	28.9503	0.00184548	107.243
11.27	28.9545	0.00183815	107.243
11.28	28.9588	0.00183086	107.243
11.29	28.963	0.00182358	107.243
11.3	28.9672	0.00181634	107.243
11.31	28.9714	0.00180913	107.243
11.32	28.9755	0.00180194	107.243
11.33	28.9797	0.00179478	107.243
11.34	28.9838	0.00178765	107.243
11.35	28.9879	0.00178054	107.243
11.36	28.992	0.00177346	107.243
11.37	28.9961	0.00176641	107.243
11.38	29.0002	0.00175939	107.243
11.39	29.0042	0.00175239	107.243
11.4	29.0083	0.00174542	107.243
11.41	29.0123	0.00173847	107.243
11.42	29.0163	0.00173155	107.243
11.43	29.0203	0.00172466	107.243
11.44	29.0242	0.0017178	107.243
11.45	29.0282	0.00171096	107.243
11.46	29.0321	0.00170415	107.243
11.47	29.0361	0.00169736	107.243
11.48	29.04	0.0016906	107.243
11.49	29.0439	0.00168387	107.243
11.5	29.0477	0.00167716	107.243
11.51	29.0516	0.00167048	107.243
11.52	29.0555	0.00166382	107.243
11.53	29.0593	0.00165719	107.243
11.54	29.0631	0.00165058	107.243
11.55	29.0669	0.001644	107.243
11.56	29.0707	0.00163745	107.243
11.57	29.0745	0.00163092	107.243
11.58	29.0782	0.00162441	107.243
11.59	29.082	0.00161793	107.243
11.6	29.0857	0.00161148	107.243
11.61	29.0894	0.00160505	107.243
11.62	29.0931	0.00159864	107.243
11.63	29.0968	0.00159226	107.243
11.64	29.1004	0.0015859	107.243
11.65	29.1041	0.00157957	107.243
11.66	29.1077	0.00157326	107.243
11.67	29.1113	0.00156698	107.243
11.68	29.115	0.00156072	107.243
11.69	29.1185	0.00155449	107.243
11.7	29.1221	0.00154828	107.243
11.71	29.1257	0.00154209	107.243
11.72	29.1292	0.00153593	107.243
11.73	29.1328	0.00152979	107.243
11.74	29.1363	0.00152368	107.243
11.75	29.1398	0.00151758	107.243
11.76	29.1433	0.00151152	107.243
11.77	29.1468	0.00150547	107.243
11.78	29.1503	0.00149945	107.243
11.79	29.1537	0.00149345	107.243
11.8	29.1571	0.00148748	107.243
11.81	29.1606	0.00148153	107.243
11.82	29.164	0.0014756	107.243
11.83	29.1674	0.00146969	107.243
11.84	29.1708	0.00146381	107.243
11.85	29.1741	0.00145795	107.243
11.86	29.1775	0.00145211	107.243
11.87	29.1808	0.0014463	107.243
11.88	29.1842	0.00144051	107.243
11.89	29.1875	0.00143474	107.243
11.9	29.1908	0.00142899	107.243
11.91	29.1941	0.00142327	107.243
11.92	29.1974	0.00141757	107.243
11.93	29.2006	0.00141189	107.243
11.94	29.2039	0.00140623	107.243
11.95	29.2071	0.00140059	107.243
11.96	29.2103	0.00139498	107.243
11.97	29.2135	0.00138938	107.243
11.98	29.2167	0.00138381	107.243
11.99	29.2199	0.00137827	107.243
12	29.2231	0.00137274	107.243
12.01	29.2263	0.00136723	107.243
12.02	29.2294	0.00136175	107.243
12.03	29.2326	0.00135628	107.243
12.04	29.2357	0.00135084	107.243
12.05	29.2388	0.00134542	107.243
12.06	29.2419	0.00134002	107.243
12.07	29.245	0.00133464	107.243
12.08	29.248	0.00132929	107.243
12.09	29.2511	0.00132395	107.243
12.1	29.2542	0.00131863	107.243
12.11	29.2572	0.00131334	107.243
12.12	29.2602	0.00130807	107.243
12.13	29.2632	0.00130281	107.243
12.14	29.2662	0.00129758	107.243
12.15	29.2692	0.00129237	107.243
12.16	29.2722	0.00128717	107.243
12.17	29.2752	0.001282	107.243
12.18	29.2781	0.00127685	107.243
12.19	29.281	0.00127172	107.243
12.2	29.284	0.00126661	107.243
12.21	29.2869	0.00126151	107.243
12.22	29.2898	0.00125644	107.243
12.23	29.2927	0.00125139	107.243
12.24	29.2956	0.00124636	107.243
12.25	29.2984	0.00124135	107.243
12.26	29.3013	0.00123635	107.243
12.27	29.3041	0.00123138	107.243
12.28	29.307	0.00122643	107.243
12.29	29.3098	0.00122149	107.243
12.3	29.3126	0.00121658	107.243
12.31	29.3154	0.00121168	107.243
12.32	29.3182	0.0012068	107.243
12.33	29.321	0.00120195	107.243
12.34	29.3238	0.00119711	107.243
12.35	29.3265	0.00119229	107.243
12.36	29.3293	0.00118749	107.243
12.37	29.332	0.00118271	107.243
12.38	29.3347	0.00117794	107.243
12.39	29.3374	0.0011732	107.243
12.4	29.3401	0.00116847	107.243
12.41	29.3428	0.00116377	107.243
12.42	29.3455	0.00115908	107.243
12.43	29.3482	0.00115441	107.243
12.44	29.3508	0.00114976	107.243
12.45	29.3535	0.00114512	107.243
12.46	29.3561	0.00114051	107.243
12.47	29.3587	0.00113591	107.243
12.48	29.3614	0.00113133	107.243
12.49	29.364	0.00112677	107.243
12.5	29.3666	0.00112223	107.243
12.51	29.3691	0.0011177	107.243
12.52	29.3717	0.0011132	107.243
12.53	29.3743	0.00110871	107.243
12.54	29.3768	0.00110423	107.243
12.55	29.3794	0.00109978	107.243
12.56	29.3819	0.00109534	107.243
12.57	29.3844	0.00109092	107.243
12.58	29.3869	0.00108652	107.243
12.59	29.3894	0.00108214	107.243
12.6	29.3919	0.00107777	107.243
12.61	29.3944	0.00107342	107.243
12.62	29.3969	0.00106909	107.243
12.63	29.3993	0.00106477	107.243
12.64	29.4018	0.00106047	107.243
12.65	29.4042	0.00105619	107.243
12.66	29.4067	0.00105193	107.243
12.67	29.4091	0.00104768	107.243
12.68	29.4115	0.00104345	107.243
12.69	29.4139	0.00103923	107.243
12.7	29.4163	0.00103503	107.243
12.71	29.4187	0.00103085	107.243
12.72	29.4211	0.00102669	107.243
12.73	29.4234	0.00102254	107.243
12.74	29.4258	0.00101841	107.243
12.75	29.4281	0.00101429	107.243
12.76	29.4305	0.00101019	107.243
12.77	29.4328	0.00100611	107.243
12.78	29.4351	0.00100204	107.243
12.79	29.4374	0.000997993	107.243
12.8	29.4397	0.000993959	107.243
12.81	29.442	0.00098994	107.243
12.82	29.4443	0.000985937	107.243
12.83	29.4465	0.00098195	107.243
12.84	29.4488	0.000977979	107.243
12.85	29.4511	0.000974023	107.243
12.86	29.4533	0.000970084	107.243
12.87	29.4555	0.000966159	107.243
12.88	29.4578	0.000962251	107.243
12.89	29.46	0.000958358	107.243
12.9	29.4622	0.00095448	107.243
12.91	29.4644	0.000950618	107.243
12.92	29.4666	0.00094677	107.243
12.93	29.4687	0.000942939	107.243
12.94	29.4709	0.000939122	107.243
12.95	29.4731	0.000935321	107.243
12.96	29.4752	0.000931534	107.243
12.97	29.4774	0.000927763	107.243
12.98	29.4795	0.000924007	107.243
12.99	29.4816	0.000920265	107.243
13	29.4838	0.000916539	107.243
13.01	29.4859	0.000912827	107.243
13.02	29.488	0.00090913	107.243
13.03	29.4901	0.000905448	107.243
13.04	29.4921	0.00090178	107.243
13.05	29.4942	0.000898127	107.243
13.06	29.4963	0.000894488	107.243
13.07	29.4984	0.000890864	107.243
13.08	29.5004	0.000887255	107.243
13.09	29.5024	0.000883659	107.243
13.1	29.5045	0.000880078	107.243
13.11	29.5065	0.000876511	107.243
13.12	29.5085	0.000872959	107.243
13.13	29.5105	0.00086942	107.243
13.14	29.5125	0.000865896	107.243
13.15	29.5145	0.000862386	107.243
13.16	29.5165	0.000858889	107.243
13.17	29.5185	0.000855407	107.243
13.18	29.5205	0.000851938	107.243
13.19	29.5224	0.000848483	107.243
13.2	29.5244	0.000845042	107.243
13.21	29.5263	0.000841615	107.243
13.22	29.5283	0.000838201	107.243
13.23	29.5302	0.000834801	107.243
13.24	29.5321	0.000831415	107.243
13.25	29.534	0.000828042	107.243
13.26	29.5359	0.000824682	107.243
13.27	29.5378	0.000821336	107.243
13.28	29.5397	0.000818003	107.243
13.29	29.5416	0.000814684	107.243
13.3	29.5435	0.000811378	107.243
13.31	29.5454	0.000808085	107.243
13.32	29.5472	0.000804805	107.243
13.33	29.5491	0.000801538	107.243
13.34	29.5509	0.000798284	107.243
13.35	29.5528	0.000795043	107.243
13.36	29.5546	0.000791815	107.243
13.37	29.5564	0.0007886	107.243
13.38	29.5582	0.000785398	107.243
13.39	29.56	0.000782209	107.243
13.4	29.5618	0.000779032	107.243
13.41	29.5636	0.000775868	107.243
13.42	29.5654	0.000772717	107.243
13.43	29.5672	0.000769578	107.243
13.44	29.569	0.000766452	107.243
13.45	29.5707	0.000763339	107.243
13.46	29.5725	0.000760237	107.243
13.47	29.5742	0.000757149	107.243
13.48	29.576	0.000754072	107.243
13.49	29.5777	0.000751008	107.243
13.5	29.5794	0.000747956	107.243
13.51	29.5812	0.000744917	107.243
13.52	29.5829	0.000741889	107.243
13.53	29.5846	0.000738874	107.243
13.54	29.5863	0.00073587	107.243
13.55	29.588	0.000732879	107.243
13.56	29.5897	0.0007299	107.243
13.57	29.5914	0.000726932	107.243
13.58	29.593	0.000723977	107.243
13.59	29.5947	0.000721033	107.243
13.6	29.5964	0.000718101	107.243
13.61	29.598	0.000715181	107.243
13.62	29.5997	0.000712273	107.243
13.63	29.6013	0.000709376	107.243
13.64	29.6029	0.000706491	107.243
13.65	29.6046	0.000703617	107.243
13.66	29.6062	0.000700755	107.243
13.67	29.6078	0.000697905	107.243
13.68	29.6094	0.000695065	107.243
13.69	29.611	0.000692238	107.243
13.7	29.6126	0.000689421	107.243
13.71	29.6142	0.000686616	107.243
13.72	29.6158	0.000683822	107.243
13.73	29.6173	0.000681039	107.243
13.74	29.6189	0.000678268	107.243
13.75	29.6205	0.000675507	107.243
13.76	29.622	0.000672758	107.243
13.77	29.6236	0.00067002	107.243
13.78	29.6251	0.000667292	107.243
13.79	29.6266	0.000664576	107.243
13.8	29.6282	0.000661871	107.243
13.81	29.6297	0.000659176	107.243
13.82	29.6312	0.000656492	107.243
13.83	29.6327	0.000653819	107.243
13.84	29.6342	0.000651157	107.243
13.85	29.6357	0.000648505	107.243
13.86	29.6372	0.000645865	107.243
13.87	29.6387	0.000643234	107.243
13.88	29.6402	0.000640614	107.243
13.89	29.6417	0.000638005	107.243
13.9	29.6431	0.000635407	107.243
13.91	29.6446	0.000632818	107.243
13.92	29.6461	0.00063024	107.243
13.93	29.6475	0.000627673	107.243
13.94	29.649	0.000625116	107.243
13.95	29.6504	0.000622569	107.243
13.96	29.6518	0.000620032	107.243
13.97	29.6533	0.000617506	107.243
13.98	29.6547	0.00061499	107.243
13.99	29.6561	0.000612483	107.243
14	29.6575	0.000609987	107.243
14.01	29.6589	0.000607501	107.243
14.02	29.6603	0.000605025	107.243
14.03	29.6617	0.000602559	107.243
14.04	29.6631	0.000600103	107.243
14.05	29.6645	0.000597657	107.243
14.06	29.6658	0.000595221	107.243
14.07	29.6672	0.000592794	107.243
14.08	29.6686	0.000590377	107.243
14.09	29.6699	0.00058797	107.243
14.1	29.6713	0.000585573	107.243
14.11	29.6726	0.000583185	107.243
14.12	29.674	0.000580807	107.243
14.13	29.6753	0.000578439	107.243
14.14	29.6767	0.00057608	107.243
14.15	29.678	0.00057373	107.243
14.16	29.6793	0.00057139	107.243
14.17	29.6806	0.00056906	107.243
14.18	29.6819	0.000566738	107.243
14.19	29.6832	0.000564427	107.243
14.2	29.6845	0.000562124	107.243
14.21	29.6858	0.000559831	107.243
14.22	29.6871	0.000557547	107.243
14.23	29.6884	0.000555272	107.243
14.24	29.6897	0.000553007	107.243
14.25	29.691	0.00055075	107.243
14.26	29.6922	0.000548503	107.243
14.27	29.6935	0.000546265	107.243
14.28	29.6947	0.000544036	107.243
14.29	29.696	0.000541815	107.243
14.3	29.6972	0.000539604	107.243
14.31	29.6985	0.000537402	107.243
14.32	29.6997	0.000535208	107.243
14.33	29.701	0.000533024	107.243
14.34	29.7022	0.000530848	107.243
14.35	29.7034	0.000528681	107.243
14.36	29.7046	0.000526523	107.243
14.37	29.7058	0.000524373	107.243
14.38	29.707	0.000522232	107.243
14.39	29.7082	0.0005201	107.243
14.4	29.7094	0.000517977	107.243
14.41	29.7106	0.000515862	107.243
14.42	29.7118	0.000513755	107.243
14.43	29.713	0.000511657	107.243
14.44	29.7142	0.000509568	107.243
14.45	29.7154	0.000507487	107.243
14.46	29.7165	0.000505414	107.243
14.47	29.7177	0.00050335	107.243
14.48	29.7188	0.000501294	107.243
14.49	29.72	0.000499246	107.243
14.5	29.7212	0.000497207	107.243
14.51	29.7223	0.000495176	107.243
14.52	29.7234	0.000493153	107.243
14.53	29.7246	0.000491138	107.243
14.54	29.7257	0.000489132	107.243
14.55	29.7268	0.000487134	107.243
14.56	29.7279	0.000485143	107.243
14.57	29.7291	0.000483161	107.243
14.58	29.7302	0.000481187	107.243
14.59	29.7313	0.000479221	107.243
14.6	29.7324	0.000477262	107.243
14.61	29.7335	0.000475312	107.243
14.62	29.7346	0.000473369	107.243
14.63	29.7357	0.000471435	107.243
14.64	29.7368	0.000469508	107.243
14.65	29.7378	0.000467589	107.243
14.66	29.7389	0.000465678	107.243
14.67	29.74	0.000463774	107.243
14.68	29.7411	0.000461878	107.243
14.69	29.7421	0.00045999	107.243
14.7	29.7432	0.00045811	107.243
14.71	29.7442	0.000456237	107.243
14.72	29.7453	0.000454372	107.243
14.73	29.7463	0.000452514	107.243
14.74	29.7474	0.000450664	107.243
14.75	29.7484	0.000448821	107.243
14.76	29.7494	0.000446986	107.243
14.77	29.7505	0.000445158	107.243
14.78	29.7515	0.000443338	107.243
14.79	29.7525	0.000441525	107.243
14.8	29.7535	0.000439719	107.243
14.81	29.7545	0.000437921	107.243
14.82	29.7556	0.00043613	107.243
14.83	29.7566	0.000434346	107.243
14.84	29.7576	0.00043257	107.243
14.85	29.7586	0.0004308	107.243
14.86	29.7595	0.000429038	107.243
14.87	29.7605	0.000427283	107.243
14.88	29.7615	0.000425535	107.243
14.89	29.7625	0.000423794	107.243
14.9	29.7635	0.000422061	107.243
14.91	29.7644	0.000420334	107.243
14.92	29.7654	0.000418614	107.243
14.93	29.7664	0.000416901	107.243
14.94	29.7673	0.000415196	107.243
14.95	29.7683	0.000413497	107.243
14.96	29.7692	0.000411805	107.243
14.97	29.7702	0.00041012	107.243
14.98	29.7711	0.000408441	107.243
14.99	29.7721	0.00040677	107.243
15	29.773	0.000405105	107.243
15.01	29.7739	0.000403447	107.243
15.02	29.7749	0.000401796	107.243
15.03	29.7758	0.000400152	107.243
15.04	29.7767	0.000398514	107.243
15.05	29.7776	0.000396883	107.243
15.06	29.7786	0.000395258	107.243
15.07	29.7795	0.00039364	107.243
15.08	29.7804	0.000392029	107.243
15.09	29.7813	0.000390424	107.243
15.1	29.7822	0.000388826	107.243
15.11	29.7831	0.000387234	107.243
15.12	29.784	0.000385648	107.243
15.13	29.7848	0.00038407	107.243
15.14	29.7857	0.000382497	107.243
15.15	29.7866	0.000380931	107.243
15.16	29.7875	0.000379371	107.243
15.17	29.7884	0.000377818	107.243
15.18	29.7892	0.000376271	107.243
15.19	29.7901	0.00037473	107.243
15.2	29.791	0.000373195	107.243
15.21	29.7918	0.000371667	107.243
15.22	29.7927	0.000370145	107.243
15.23	29.7935	0.000368629	107.243
15.24	29.7944	0.000367119	107.243
15.25	29.7952	0.000365615	107.243
15.26	29.7961	0.000364118	107.243
15.27	29.7969	0.000362627	107.243
15.28	29.7977	0.000361141	107.243
15.29	29.7986	0.000359662	107.243
15.3	29.7994	0.000358189	107.243
15.31	29.8002	0.000356721	107.243
15.32	29.801	0.00035526	107.243
15.33	29.8019	0.000353805	107.243
15.34	29.8027	0.000352355	107.243
15.35	29.8035	0.000350911	107.243
15.36	29.8043	0.000349474	107.243
15.37	29.8051	0.000348042	107.243
15.38	29.8059	0.000346616	107.243
15.39	29.8067	0.000345196	107.243
15.4	29.8075	0.000343781	107.243
15.41	29.8083	0.000342372	107.243
15.42	29.8091	0.000340969	107.243
15.43	29.8099	0.000339572	107.243
15.44	29.8106	0.000338181	107.243
15.45	29.8114	0.000336795	107.243
15.46	29.8122	0.000335414	107.243
15.47	29.813	0.00033404	107.243
15.48	29.8137	0.000332671	107.243
15.49	29.8145	0.000331307	107.243
15.5	29.8153	0.000329949	107.243
15.51	29.816	0.000328597	107.243
15.52	29.8168	0.00032725	107.243
15.53	29.8175	0.000325909	107.243
15.54	29.8183	0.000324573	107.243
15.55	29.819	0.000323242	107.243
15.56	29.8198	0.000321917	107.243
15.57	29.8205	0.000320597	107.243
15.58	29.8213	0.000319283	107.243
15.59	29.822	0.000317974	107.243
15.6	29.8227	0.000316671	107.243
15.61	29.8235	0.000315372	107.243
15.62	29.8242	0.000314079	107.243
15.63	29.8249	0.000312791	107.243
15.64	29.8256	0.000311509	107.243
15.65	29.8263	0.000310232	107.243
15.66	29.8271	0.00030896	107.243
15.67	29.8278	0.000307693	107.243
15.68	29.8285	0.000306431	107.243
15.69	29.8292	0.000305174	107.243
15.7	29.8299	0.000303923	107.243
15.71	29.8306	0.000302676	107.243
15.72	29.8313	0.000301435	107.243
15.73	29.832	0.000300199	107.243
15.74	29.8327	0.000298968	107.243
15.75	29.8334	0.000297742	107.243
15.76	29.834	0.00029652	107.243
15.77	29.8347	0.000295304	107.243
15.78	29.8354	0.000294093	107.243
15.79	29.8361	0.000292887	107.243
15.8	29.8368	0.000291685	107.243
15.81	29.8374	0.000290489	107.243
15.82	29.8381	0.000289297	107.243
15.83	29.8388	0.00028811	107.243
15.84	29.8394	0.000286928	107.243
15.85	29.8401	0.000285751	107.243
15.86	29.8407	0.000284579	107.243
15.87	29.8414	0.000283412	107.243
15.88	29.8421	0.000282249	107.243
15.89	29.8427	0.000281091	107.243
15.9	29.8433	0.000279938	107.243
15.91	29.844	0.000278789	107.243
15.92	29.8446	0.000277645	107.243
15.93	29.8453	0.000276506	107.243
15.94	29.8459	0.000275371	107.243
15.95	29.8465	0.000274241	107.243
15.96	29.8472	0.000273116	107.243
15.97	29.8478	0.000271995	107.243
15.98	29.8484	0.000270879	107.243
15.99	29.8491	0.000269768	107.243
16	29.8497	0.00026866	107.243
16.01	29.8503	0.000267558	107.243
16.02	29.8509	0.00026646	107.243
16.03	29.8515	0.000265366	107.243
16.04	29.8521	0.000264277	107.243
16.05	29.8527	0.000263193	107.243
16.06	29.8533	0.000262112	107.243
16.07	29.854	0.000261036	107.243
16.08	29.8546	0.000259965	107.243
16.09	29.8552	0.000258898	107.243
16.1	29.8557	0.000257835	107.243
16.11	29.8563	0.000256777	107.243
16.12	29.8569	0.000255723	107.243
16.13	29.8575	0.000254673	107.243
16.14	29.8581	0.000253628	107.243
16.15	29.8587	0.000252587	107.243
16.16	29.8593	0.00025155	107.243
16.17	29.8599	0.000250517	107.243
16.18	29.8604	0.000249489	107.243
16.19	29.861	0.000248464	107.243
16.2	29.8616	0.000247444	107.243
16.21	29.8621	0.000246428	107.243
16.22	29.8627	0.000245416	107.243
16.23	29.8633	0.000244409	107.243
16.24	29.8638	0.000243405	107.243
16.25	29.8644	0.000242406	107.243
16.26	29.865	0.000241411	107.243
16.27	29.8655	0.000240419	107.243
16.28	29.8661	0.000239432	107.243
16.29	29.8666	0.000238449	107.243
16.3	29.8672	0.00023747	107.243
16.31	29.8677	0.000236495	107.243
16.32	29.8683	0.000235523	107.243
16.33	29.8688	0.000234556	107.243
16.34	29.8693	0.000233593	107.243
16.35	29.8699	0.000232634	107.243
16.36	29.8704	0.000231678	107.243
16.37	29.8709	0.000230727	107.243
16.38	29.8715	0.000229779	107.243
16.39	29.872	0.000228835	107.243
16.4	29.8725	0.000227896	107.243
16.41	29.8731	0.00022696	107.243
16.42	29.8736	0.000226027	107.243
16.43	29.8741	0.000225099	107.243
16.44	29.8746	0.000224174	107.243
16.45	29.8751	0.000223254	107.243
16.46	29.8757	0.000222337	107.243
16.47	29.8762	0.000221423	107.243
16.48	29.8767	0.000220514	107.243
16.49	29.8772	0.000219608	107.243
16.5	29.8777	0.000218706	107.243
16.51	29.8782	0.000217807	107.243
16.52	29.8787	0.000216913	107.243
16.53	29.8792	0.000216021	107.243
16.54	29.8797	0.000215134	107.243
16.55	29.8802	0.00021425	107.243
16.56	29.8807	0.00021337	107.243
16.57	29.8812	0.000212493	107.243
16.58	29.8817	0.00021162	107.243
16.59	29.8821	0.000210751	107.243
16.6	29.8826	0.000209885	107.243
16.61	29.8831	0.000209023	107.243
16.62	29.8836	0.000208164	107.243
16.63	29.8841	0.000207308	107.243
16.64	29.8846	0.000206457	107.243
16.65	29.885	0.000205608	107.243
16.66	29.8855	0.000204763	107.243
16.67	29.886	0.000203922	107.243
16.68	29.8864	0.000203084	107.243
16.69	29.8869	0.000202249	107.243
16.7	29.8874	0.000201418	107.243
16.71	29.8878	0.000200591	107.243
16.72	29.8883	0.000199766	107.243
16.73	29.8888	0.000198945	107.243
16.74	29.8892	0.000198128	107.243
16.75	29.8897	0.000197314	107.243
16.76	29.8901	0.000196503	107.243
16.77	29.8906	0.000195695	107.243
16.78	29.891	0.000194891	107.243
16.79	29.8915	0.00019409	107.243
16.8	29.8919	0.000193292	107.243
16.81	29.8924	0.000192498	107.243
16.82	29.8928	0.000191706	107.243
16.83	29.8933	0.000190918	107.243
16.84	29.8937	0.000190134	107.243
16.85	29.8941	0.000189352	107.243
16.86	29.8946	0.000188574	107.243
16.87	29.895	0.000187799	107.243
16.88	29.8954	0.000187027	107.243
16.89	29.8959	0.000186258	107.243
16.9	29.8963	0.000185492	107.243
16.91	29.8967	0.00018473	107.243
16.92	29.8971	0.00018397	107.243
16.93	29.8976	0.000183214	107.243
16.94	29.898	0.000182461	107.243
16.95	29.8984	0.000181711	107.243
16.96	29.8988	0.000180964	107.243
16.97	29.8993	0.00018022	107.243
16.98	29.8997	0.000179479	107.243
16.99	29.9001	0.000178741	107.243
17	29.9005	0.000178006	107.243
17.01	29.9009	0.000177274	107.243
17.02	29.9013	0.000176546	107.243
17.03	29.9017	0.00017582	107.243
17.04	29.9021	0.000175097	107.243
17.05	29.9025	0.000174377	107.243
17.06	29.9029	0.00017366	107.243
17.07	29.9033	0.000172946	107.243
17.08	29.9037	0.000172235	107.243
17.09	29.9041	0.000171527	107.243
17.1	29.9045	0.000170821	107.243
17.11	29.9049	0.000170119	107.243
17.12	29.9053	0.000169419	107.243
17.13	29.9057	0.000168723	107.243
17.14	29.9061	0.000168029	107.243
17.15	29.9065	0.000167338	107.243
17.16	29.9068	0.00016665	107.243
17.17	29.9072	0.000165964	107.243
17.18	29.9076	0.000165282	107.243
17.19	29.908	0.000164602	107.243
17.2	29.9084	0.000163925	107.243
17.21	29.9088	0.000163251	107.243
17.22	29.9091	0.00016258	107.243
17.23	29.9095	0.000161911	107.243
17.24	29.9099	0.000161245	107.243
17.25	29.9102	0.000160582	107.243
17.26	29.9106	0.000159922	107.243
17.27	29.911	0.000159264	107.243
17.28	29.9114	0.000158609	107.243
17.29	29.9117	0.000157957	107.243
17.3	29.9121	0.000157307	107.243
17.31	29.9124	0.00015666	107.243
17.32	29.9128	0.000156015	107.243
17.33	29.9132	0.000155374	107.243
17.34	29.9135	0.000154735	107.243
17.35	29.9139	0.000154098	107.243
17.36	29.9142	0.000153464	107.243
17.37	29.9146	0.000152833	107.243
17.38	29.9149	0.000152204	107.243
17.39	29.9153	0.000151578	107.243
17.4	29.9156	0.000150955	107.243
17.41	29.916	0.000150334	107.243
17.42	29.9163	0.000149715	107.243
17.43	29.9167	0.0001491	107.243
17.44	29.917	0.000148486	107.243
17.45	29.9174	0.000147875	107.243
17.46	29.9177	0.000147267	107.243
17.47	29.918	0.000146661	107.243
17.48	29.9184	0.000146058	107.243
17.49	29.9187	0.000145457	107.243
17.5	29.919	0.000144859	107.243
17.51	29.9194	0.000144263	107.243
17.52	29.9197	0.000143669	107.243
17.53	29.92	0.000143078	107.243
17.54	29.9204	0.000142489	107.243
17.55	29.9207	0.000141903	107.243
17.56	29.921	0.000141319	107.243
17.57	29.9214	0.000140738	107.243
17.58	29.9217	0.000140159	107.243
17.59	29.922	0.000139582	107.243
17.6	29.9223	0.000139008	107.243
17.61	29.9226	0.000138436	107.243
17.62	29.923	0.000137866	107.243
17.63	29.9233	0.000137299	107.243
17.64	29.9236	0.000136734	107.243
17.65	29.9239	0.000136171	107.243
17.66	29.9242	0.000135611	107.243
17.67	29.9245	0.000135053	107.243
17.68	29.9248	0.000134497	107.243
17.69	29.9252	0.000133944	107.243
17.7	29.9255	0.000133393	107.243
17.71	29.9258	0.000132844	107.243
17.72	29.9261	0.000132297	107.243
17.73	29.9264	0.000131753	107.243
17.74	29.9267	0.00013121	107.243
17.75	29.927	0.000130671	107.243
17.76	29.9273	0.000130133	107.243
17.77	29.9276	0.000129597	107.243
17.78	29.9279	0.000129064	107.243
17.79	29.9282	0.000128533	107.243
17.8	29.9285	0.000128004	107.243
17.81	29.9288	0.000127477	107.243
17.82	29.9291	0.000126952	107.243
17.83	29.9294	0.00012643	107.243
17.84	29.9297	0.00012591	107.243
17.85	29.9299	0.000125391	107.243
17.86	29.9302	0.000124875	107.243
17.87	29.9305	0.000124361	107.243
17.88	29.9308	0.00012385	107.243
17.89	29.9311	0.00012334	107.243
17.9	29.9314	0.000122832	107.243
17.91	29.9317	0.000122327	107.243
17.92	29.9319	0.000121823	107.243
17.93	29.9322	0.000121322	107.243
17.94	29.9325	0.000120822	107.243
17.95	29.9328	0.000120325	107.243
17.96	29.9331	0.00011983	107.243
17.97	29.9333	0.000119336	107.243
17.98	29.9336	0.000118845	107.243
17.99	29.9339	0.000118356	107.243
18	29.9341	0.000117869	107.243
18.01	29.9344	0.000117384	107.243
18.02	29.9347	0.0001169	107.243
18.03	29.935	0.000116419	107.243
18.04	29.9352	0.00011594	107.243
18.05	29.9355	0.000115463	107.243
18.06	29.9358	0.000114987	107.243
18.07	29.936	0.000114514	107.243
18.08	29.9363	0.000114043	107.243
18.09	29.9366	0.000113573	107.243
18.1	29.9368	0.000113106	107.243
18.11	29.9371	0.00011264	107.243
18.12	29.9373	0.000112176	107.243
18.13	29.9376	0.000111715	107.243
18.14	29.9378	0.000111255	107.243
18.15	29.9381	0.000110797	107.243
18.16	29.9384	0.000110341	107.243
18.17	29.9386	0.000109886	107.243
18.18	29.9389	0.000109434	107.243
18.19	29.9391	0.000108983	107.243
18.2	29.9394	0.000108535	107.243
18.21	29.9396	0.000108088	107.243
18.22	29.9399	0.000107643	107.243
18.23	29.9401	0.0001072	107.243
18.24	29.9404	0.000106758	107.243
18.25	29.9406	0.000106319	107.243
18.26	29.9409	0.000105881	107.243
18.27	29.9411	0.000105445	107.243
18.28	29.9413	0.000105011	107.243
18.29	29.9416	0.000104578	107.243
18.3	29.9418	0.000104148	107.243
18.31	29.9421	0.000103719	107.243
18.32	29.9423	0.000103292	107.243
18.33	29.9425	0.000102867	107.243
18.34	29.9428	0.000102443	107.243
18.35	29.943	0.000102021	107.243
18.36	29.9432	0.000101601	107.243
18.37	29.9435	0.000101183	107.243
18.38	29.9437	0.000100766	107.243
18.39	29.9439	0.000100351	107.243
18.4	29.9442	9.99381e-05	107.243
18.41	29.9444	9.95266e-05	107.243
18.42	29.9446	9.91168e-05	107.243
18.43	29.9449	9.87086e-05	107.243
18.44	29.9451	9.83022e-05	107.243
18.45	29.9453	9.78974e-05	107.243
18.46	29.9455	9.74942e-05	107.243
18.47	29.9458	9.70927e-05	107.243
18.48	29.946	9.66929e-05	107.243
18.49	29.9462	9.62947e-05	107.243
18.5	29.9464	9.58982e-05	107.243
18.51	29.9467	9.55033e-05	107.243
18.52	29.9469	9.511e-05	107.243
18.53	29.9471	9.47183e-05	107.243
18.54	29.9473	9.43282e-05	107.243
18.55	29.9475	9.39397e-05	107.243
18.56	29.9477	9.35529e-05	107.243
18.57	29.948	9.31676e-05	107.243
18.58	29.9482	9.27839e-05	107.243
18.59	29.9484	9.24018e-05	107.243
18.6	29.9486	9.20212e-05	107.243
18.61	29.9488	9.16423e-05	107.243
18.62	29.949	9.12648e-05	107.243
18.63	29.9492	9.0889e-05	107.243
18.64	29.9494	9.05146e-05	107.243
18.65	29.9497	9.01418e-05	107.243
18.66	29.9499	8.97706e-05	107.243
18.67	29.9501	8.94009e-05	107.243
18.68	29.9503	8.90326e-05	107.243
18.69	29.9505	8.8666e-05	107.243
18.7	29.9507	8.83008e-05	107.243
18.71	29.9509	8.79371e-05	107.243
18.72	29.9511	8.75749e-05	107.243
18.73	29.9513	8.72142e-05	107.243
18.74	29.9515	8.6855e-05	107.243
18.75	29.9517	8.64972e-05	107.243
18.76	29.9519	8.6141e-05	107.243
18.77	29.9521	8.57861e-05	107.243
18.78	29.9523	8.54328e-05	107.243
18.79	29.9525	8.50809e-05	107.243
18.8	29.9527	8.47305e-05	107.243
18.81	29.9529	8.43814e-05	107.243
18.82	29.9531	8.40339e-05	107.243
18.83	29.9533	8.36877e-05	107.243
18.84	29.9535	8.3343e-05	107.243
18.85	29.9536	8.29997e-05	107.243
18.86	29.9538	8.26578e-05	107.243
18.87	29.954	8.23173e-05	107.243
18.88	29.9542	8.19783e-05	107.243
18.89	29.9544	8.16406e-05	107.243
18.9	29.9546	8.13043e-05	107.243
18.91	29.9548	8.09694e-05	107.243
18.92	29.955	8.06358e-05	107.243
18.93	29.9552	8.03036e-05	107.243
18.94	29.9553	7.99728e-05	107.243
18.95	29.9555	7.96434e-05	107.243
18.96	29.9557	7.93153e-05	107.243
18.97	29.9559	7.89886e-05	107.243
18.98	29.9561	7.86632e-05	107.243
18.99	29.9563	7.83391e-05	107.243
19	29.9564	7.80164e-05	107.243
19.01	29.9566	7.7695e-05	107.243
19.02	29.9568	7.73749e-05	107.243
19.03	29.957	7.70562e-05	107.243
19.04	29.9571	7.67387e-05	107.243
19.05	29.9573	7.64226e-05	107.243
19.06	29.9575	7.61078e-05	107.243
19.07	29.9577	7.57942e-05	107.243
19.08	29.9578	7.5482e-05	107.243
19.09	29.958	7.5171e-05	107.243
19.1	29.9582	7.48613e-05	107.243
19.11	29.9584	7.45529e-05	107.243
19.12	29.9585	7.42457e-05	107.243
19.13	29.9587	7.39399e-05	107.243
19.14	29.9589	7.36352e-05	107.243
19.15	29.959	7.33319e-05	107.243
19.16	29.9592	7.30297e-05	107.243
19.17	29.9594	7.27289e-05	107.243
19.18	29.9596	7.24292e-05	107.243
19.19	29.9597	7.21308e-05	107.243
19.2	29.9599	7.18336e-05	107.243
19.21	29.9601	7.15377e-05	107.243
19.22	29.9602	7.12429e-05	107.243
19.23	29.9604	7.09494e-05	107.243
19.24	29.9605	7.06571e-05	107.243
19.25	29.9607	7.03659e-05	107.243
19.26	29.9609	7.0076e-05	107.243
19.27	29.961	6.97873e-05	107.243
19.28	29.9612	6.94998e-05	107.243
19.29	29.9614	6.92134e-05	107.243
19.3	29.9615	6.89282e-05	107.243
19.31	29.9617	6.86442e-05	107.243
19.32	29.9618	6.83614e-05	107.243
19.33	29.962	6.80797e-05	107.243
19.34	29.9621	6.77992e-05	107.243
19.35	29.9623	6.75198e-05	107.243
19.36	29.9625	6.72416e-05	107.243
19.37	29.9626	6.69645e-05	107.243
19.38	29.9628	6.66886e-05	107.243
19.39	29.9629	6.64138e-05	107.243
19.4	29.9631	6.61402e-05	107.243
19.41	29.9632	6.58676e-05	107.243
19.42	29.9634	6.55962e-05	107.243
19.43	29.9635	6.53259e-05	107.243
19.44	29.9637	6.50567e-05	107.243
19.45	29.9638	6.47887e-05	107.243
19.46	29.964	6.45217e-05	107.243
19.47	29.9641	6.42558e-05	107.243
19.48	29.9643	6.3991e-05	107.243
19.49	29.9644	6.37274e-05	107.243
19.5	29.9646	6.34648e-05	107.243
19.51	29.9647	6.32032e-05	107.243
19.52	29.9649	6.29428e-05	107.243
19.53	29.965	6.26834e-05	107.243
19.54	29.9651	6.24251e-05	107.243
19.55	29.9653	6.21679e-05	107.243
19.56	29.9654	6.19117e-05	107.243
19.57	29.9656	6.16565e-05	107.243
19.58	29.9657	6.14025e-05	107.243
19.59	29.9659	6.11494e-05	107.243
19.6	29.966	6.08974e-05	107.243
19.61	29.9661	6.06465e-05	107.243
19.62	29.9663	6.03965e-05	107.243
19.63	29.9664	6.01477e-05	107.243
19.64	29.9666	5.98998e-05	107.243
19.65	29.9667	5.96529e-05	107.243
19.66	29.9668	5.94071e-05	107.243
19.67	29.967	5.91623e-05	107.243
19.68	29.9671	5.89185e-05	107.243
19.69	29.9672	5.86756e-05	107.243
19.7	29.9674	5.84338e-05	107.243
19.71	29.9675	5.8193e-05	107.243
19.72	29.9676	5.79532e-05	107.243
19.73	29.9678	5.77144e-05	107.243
19.74	29.9679	5.74765e-05	107.243
19.75	29.968	5.72396e-05	107.243
19.76	29.9682	5.70037e-05	107.243
19.77	29.9683	5.67688e-05	107.243
19.78	29.9684	5.65348e-05	107.243
19.79	29.9686	5.63018e-05	107.243
19.8	29.9687	5.60698e-05	107.243
19.81	29.9688	5.58387e-05	107.243
19.82	29.969	5.56086e-05	107.243
19.83	29.9691	5.53794e-05	107.243
19.84	29.9692	5.51511e-05	107.243
19.85	29.9693	5.49238e-05	107.243
19.86	29.9695	5.46975e-05	107.243
19.87	29.9696	5.4472e-05	107.243
19.88	29.9697	5.42475e-05	107.243
19.89	29.9698	5.4024e-05	107.243
19.9	29.97	5.38013e-05	107.243
19.91	29.9701	5.35795e-05	107.243
19.92	29.9702	5.33587e-05	107.243
19.93	29.9703	5.31388e-05	107.243
19.94	29.9705	5.29198e-05	107.243
19.95	29.9706	5.27017e-05	107.243
19.96	29.9707	5.24844e-05	107.243
19.97	29.9708	5.22681e-05	107.243
19.98	29.9709	5.20527e-05	107.243
19.99	29.9711	5.18381e-05	107.243
20	29.9712	5.16245e-05	107.243
20.01	29.9713	5.14117e-05	107.243
20.02	29.9714	5.11998e-05	107.243
20.03	29.9715	5.09888e-05	107.243
20.04	29.9716	5.07786e-05	107.243
20.05	29.9718	5.05693e-05	107.243
20.06	29.9719	5.03609e-05	107.243
20.07	29.972	5.01533e-05	107.243
20.08	29.9721	4.99465e-05	107.243
20.09	29.9722	4.97407e-05	107.243
20.1	29.9723	4.95357e-05	107.243
20.11	29.9725	4.93315e-05	107.243
20.12	29.9726	4.91281e-05	107.243
20.13	29.9727	4.89256e-05	107.243
20.14	29.9728	4.8724e-05	107.243
20.15	29.9729	4.85231e-05	107.243
20.16	29.973	4.83231e-05	107.243
20.17	29.9731	4.81239e-05	107.243
20.18	29.9732	4.79255e-05	107.243
20.19	29.9734	4.7728e-05	107.243
20.2	29.9735	4.75313e-05	107.243
20.21	29.9736	4.73353e-05	107.243
20.22	29.9737	4.71402e-05	107.243
20.23	29.9738	4.69459e-05	107.243
20.24	29.9739	4.67524e-05	107.243
20.25	29.974	4.65597e-05	107.243
20.26	29.9741	4.63677e-05	107.243
20.27	29.9742	4.61766e-05	107.243
20.28	29.9743	4.59862e-05	107.243
20.29	29.9744	4.57967e-05	107.243
20.3	29.9745	4.56079e-05	107.243
20.31	29.9746	4.54199e-05	107.243
20.32	29.9747	4.52327e-05	107.243
20.33	29.9749	4.50462e-05	107.243
20.34	29.975	4.48605e-05	107.243
20.35	29.9751	4.46756e-05	107.243
20.36	29.9752	4.44914e-05	107.243
20.37	29.9753	4.4308e-05	107.243
20.38	29.9754	4.41254e-05	107.243
20.39	29.9755	4.39435e-05	107.243
20.4	29.9756	4.37623e-05	107.243
20.41	29.9757	4.35819e-05	107.243
20.42	29.9758	4.34022e-05	107.243
20.43	29.9759	4.32233e-05	107.243
20.44	29.976	4.30451e-05	107.243
20.45	29.9761	4.28677e-05	107.243
20.46	29.9762	4.2691e-05	107.243
20.47	29.9763	4.2515e-05	107.243
20.48	29.9764	4.23397e-05	107.243
20.49	29.9765	4.21652e-05	107.243
20.5	29.9766	4.19913e-05	107.243
20.51	29.9767	4.18182e-05	107.243
20.52	29.9768	4.16458e-05	107.243
20.53	29.9768	4.14741e-05	107.243
20.54	29.9769	4.13032e-05	107.243
20.55	29.977	4.11329e-05	107.243
20.56	29.9771	4.09633e-05	107.243
20.57	29.9772	4.07944e-05	107.243
20.58	29.9773	4.06262e-05	107.243
20.59	29.9774	4.04588e-05	107.243
20.6	29.9775	4.0292e-05	107.243
20.61	29.9776	4.01259e-05	107.243
20.62	29.9777	3.99604e-05	107.243
20.63	29.9778	3.97957e-05	107.243
20.64	29.9779	3.96316e-05	107.243
20.65	29.978	3.94682e-05	107.243
20.66	29.9781	3.93055e-05	107.243
20.67	29.9781	3.91435e-05	107.243
20.68	29.9782	3.89821e-05	107.243
20.69	29.9783	3.88214e-05	107.243
20.7	29.9784	3.86613e-05	107.243
20.71	29.9785	3.85019e-05	107.243
20.72	29.9786	3.83432e-05	107.243
20.73	29.9787	3.81851e-05	107.243
20.74	29.9788	3.80277e-05	107.243
20.75	29.9789	3.78709e-05	107.243
20.76	29.9789	3.77148e-05	107.243
20.77	29.979	3.75593e-05	107.243
20.78	29.9791	3.74044e-05	107.243
20.79	29.9792	3.72502e-05	107.243
20.8	29.9793	3.70966e-05	107.243
20.81	29.9794	3.69437e-05	107.243
20.82	29.9795	3.67914e-05	107.243
20.83	29.9795	3.66397e-05	107.243
20.84	29.9796	3.64886e-05	107.243
20.85	29.9797	3.63382e-05	107.243
20.86	29.9798	3.61883e-05	107.243
20.87	29.9799	3.60391e-05	107.243
20.88	29.98	3.58905e-05	107.243
20.89	29.98	3.57426e-05	107.243
20.9	29.9801	3.55952e-05	107.243
20.91	29.9802	3.54484e-05	107.243
20.92	29.9803	3.53023e-05	107.243
20.93	29.9804	3.51567e-05	107.243
20.94	29.9805	3.50118e-05	107.243
20.95	29.9805	3.48674e-05	107.243
20.96	29.9806	3.47236e-05	107.243
20.97	29.9807	3.45805e-05	107.243
20.98	29.9808	3.44379e-05	107.243
20.99	29.9809	3.42959e-05	107.243
21	29.9809	3.41545e-05	107.243
21.01	29.981	3.40137e-05	107.243
21.02	29.9811	3.38734e-05	107.243
21.03	29.9812	3.37338e-05	107.243
21.04	29.9812	3.35947e-05	107.243
21.05	29.9813	3.34562e-05	107.243
21.06	29.9814	3.33182e-05	107.243
21.07	29.9815	3.31808e-05	107.243
21.08	29.9816	3.3044e-05	107.243
21.09	29.9816	3.29078e-05	107.243
21.1	29.9817	3.27721e-05	107.243
21.11	29.9818	3.2637e-05	107.243
21.12	29.9819	3.25024e-05	107.243
21.13	29.9819	3.23684e-05	107.243
21.14	29.982	3.22349e-05	107.243
21.15	29.9821	3.2102e-05	107.243
21.16	29.9822	3.19696e-05	107.243
21.17	29.9822	3.18378e-05	107.243
21.18	29.9823	3.17065e-05	107.243
21.19	29.9824	3.15758e-05	107.243
21.2	29.9824	3.14456e-05	107.243
21.21	29.9825	3.13159e-05	107.243
21.22	29.9826	3.11868e-05	107.243
21.23	29.9827	3.10582e-05	107.243
21.24	29.9827	3.09301e-05	107.243
21.25	29.9828	3.08026e-05	107.243
21.26	29.9829	3.06756e-05	107.243
21.27	29.9829	3.05491e-05	107.243
21.28	29.983	3.04231e-05	107.243
21.29	29.9831	3.02977e-05	107.243
21.3	29.9832	3.01727e-05	107.243
21.31	29.9832	3.00483e-05	107.243
21.32	29.9833	2.99244e-05	107.243
21.33	29.9834	2.9801e-05	107.243
21.34	29.9834	2.96781e-05	107.243
21.35	29.9835	2.95558e-05	107.243
21.36	29.9836	2.94339e-05	107.243
21.37	29.9836	2.93125e-05	107.243
21.38	29.9837	2.91916e-05	107.243
21.39	29.9838	2.90713e-05	107.243
21.4	29.9838	2.89514e-05	107.243
21.41	29.9839	2.8832e-05	107.243
21.42	29.984	2.87131e-05	107.243
21.43	29.984	2.85947e-05	107.243
21.44	29.9841	2.84768e-05	107.243
21.45	29.9842	2.83594e-05	107.243
21.46	29.9842	2.82424e-05	107.243
21.47	29.9843	2.8126e-05	107.243
21.48	29.9844	2.801e-05	107.243
21.49	29.9844	2.78945e-05	107.243
21.5	29.9845	2.77794e-05	107.243
21.51	29.9846	2.76649e-05	107.243
21.52	29.9846	2.75508e-05	107.243
21.53	29.9847	2.74372e-05	107.243
21.54	29.9847	2.73241e-05	107.243
21.55	29.9848	2.72114e-05	107.243
21.56	29.9849	2.70992e-05	107.243
21.57	29.9849	2.69874e-05	107.243
21.58	29.985	2.68761e-05	107.243
21.59	29.9851	2.67653e-05	107.243
21.6	29.9851	2.66549e-05	107.243
21.61	29.9852	2.6545e-05	107.243
21.62	29.9852	2.64355e-05	107.243
21.63	29.9853	2.63265e-05	107.243
21.64	29.9854	2.6218e-05	107.243
21.65	29.9854	2.61098e-05	107.243
21.66	29.9855	2.60022e-05	107.243
21.67	29.9855	2.58949e-05	107.243
21.68	29.9856	2.57882e-05	107.243
21.69	29.9857	2.56818e-05	107.243
21.7	29.9857	2.55759e-05	107.243
21.71	29.9858	2.54704e-05	107.243
21.72	29.9858	2.53654e-05	107.243
21.73	29.9859	2.52608e-05	107.243
21.74	29.986	2.51566e-05	107.243
21.75	29.986	2.50529e-05	107.243
21.76	29.9861	2.49496e-05	107.243
21.77	29.9861	2.48467e-05	107.243
21.78	29.9862	2.47442e-05	107.243
21.79	29.9862	2.46422e-05	107.243
21.8	29.9863	2.45405e-05	107.243
21.81	29.9864	2.44393e-05	107.243
21.82	29.9864	2.43385e-05	107.243
21.83	29.9865	2.42382e-05	107.243
21.84	29.9865	2.41382e-05	107.243
21.85	29.9866	2.40387e-05	107.243
21.86	29.9866	2.39395e-05	107.243
21.87	29.9867	2.38408e-05	107.243
21.88	29.9867	2.37425e-05	107.243
21.89	29.9868	2.36446e-05	107.243
21.9	29.9869	2.35471e-05	107.243
21.91	29.9869	2.34499e-05	107.243
21.92	29.987	2.33532e-05	107.243
21.93	29.987	2.32569e-05	107.243
21.94	29.9871	2.3161e-05	107.243
21.95	29.9871	2.30655e-05	107.243
21.96	29.9872	2.29704e-05	107.243
21.97	29.9872	2.28756e-05	107.243
21.98	29.9873	2.27813e-05	107.243
21.99	29.9873	2.26873e-05	107.243
22	29.9874	2.25938e-05	107.243
22.01	29.9874	2.25006e-05	107.243
22.02	29.9875	2.24078e-05	107.243
22.03	29.9875	2.23154e-05	107.243
22.04	29.9876	2.22234e-05	107.243
22.05	29.9876	2.21317e-05	107.243
22.06	29.9877	2.20404e-05	107.243
22.07	29.9877	2.19495e-05	107.243
22.08	29.9878	2.1859e-05	107.243
22.09	29.9878	2.17689e-05	107.243
22.1	29.9879	2.16791e-05	107.243
22.11	29.9879	2.15897e-05	107.243
22.12	29.988	2.15006e-05	107.243
22.13	29.988	2.1412e-05	107.243
22.14	29.9881	2.13237e-05	107.243
22.15	29.9881	2.12357e-05	107.243
22.16	29.9882	2.11481e-05	107.243
22.17	29.9882	2.10609e-05	107.243
22.18	29.9883	2.09741e-05	107.243
22.19	29.9883	2.08875e-05	107.243
22.2	29.9884	2.08014e-05	107.243
22.21	29.9884	2.07156e-05	107.243
22.22	29.9885	2.06302e-05	107.243
22.23	29.9885	2.05451e-05	107.243
22.24	29.9886	2.04604e-05	107.243
22.25	29.9886	2.0376e-05	107.243
22.26	29.9887	2.02919e-05	107.243
22.27	29.9887	2.02082e-05	107.243
22.28	29.9888	2.01249e-05	107.243
22.29	29.9888	2.00419e-05	107.243
22.3	29.9889	1.99592e-05	107.243
22.31	29.9889	1.98769e-05	107.243
22.32	29.989	1.97949e-05	107.243
22.33	29.989	1.97133e-05	107.243
22.34	29.989	1.9632e-05	107.243
22.35	29.9891	1.9551e-05	107.243
22.36	29.9891	1.94704e-05	107.243
22.37	29.9892	1.93901e-05	107.243
22.38	29.9892	1.93101e-05	107.243
22.39	29.9893	1.92305e-05	107.243
22.4	29.9893	1.91512e-05	107.243
22.41	29.9894	1.90722e-05	107.243
22.42	29.9894	1.89935e-05	107.243
22.43	29.9894	1.89152e-05	107.243
22.44	29.9895	1.88372e-05	107.243
22.45	29.9895	1.87595e-05	107.243
22.46	29.9896	1.86821e-05	107.243
22.47	29.9896	1.8605e-05	107.243
22.48	29.9897	1.85283e-05	107.243
22.49	29.9897	1.84519e-05	107.243
22.5	29.9897	1.83758e-05	107.243
22.51	29.9898	1.83e-05	107.243
22.52	29.9898	1.82245e-05	107.243
22.53	29.9899	1.81494e-05	107.243
22.54	29.9899	1.80745e-05	107.243
22.55	29.99	1.79999e-05	107.243
22.56	29.99	1.79257e-05	107.243
22.57	29.99	1.78518e-05	107.243
