SupplyPort 1	Current turn 1	Port pressure 35
Elapsed	Pressure	Flow rate	Modelled cm3 H2	
0	0.0815802	208.345	0.000181923
0.01	0.448433	208.345	2.08364
0.02	0.448433	208.345	4.16709
0.03	0.448433	208.345	6.25054
0.04	0.448433	208.345	8.33399
0.05	0.448433	208.345	10.4174
0.06	0.448433	208.345	12.5009
0.07	0.448433	208.345	14.5844
0.08	0.448433	208.345	16.6678
0.09	0.448433	208.345	18.7513
0.1	0.448433	208.345	20.8347
0.11	0.448433	208.345	22.9182
0.12	0.448433	208.345	25.0016
0.13	0.448433	208.345	27.0851
0.14	0.448433	208.345	29.1685
0.15	0.448433	208.345	31.252
0.16	0.448433	208.345	33.3354
0.17	0.448433	208.345	35.4189
0.18	0.448433	208.345	37.5023
0.19	0.448433	208.345	39.5858
0.2	0.448433	208.345	41.6692
0.21	0.448433	208.345	43.7527
0.22	0.448433	208.345	45.8362
0.23	0.448433	208.345	47.9196
0.24	0.448433	208.345	50.0031
0.25	0.448433	208.345	52.0865
0.26	0.448433	208.345	54.17
0.27	0.448433	208.345	56.2534
0.28	0.448433	208.345	58.3369
0.29	0.448433	208.345	60.4203
0.3	0.448433	208.345	62.5038
0.31	0.448433	208.345	64.5872
0.32	0.448433	208.345	66.6707
0.33	0.448433	208.345	68.7541
0.34	0.448433	208.345	70.8376
0.35	0.448433	208.345	72.921
0.36	0.448433	208.345	75.0045
0.37	0.448433	208.345	77.0879
0.38	0.448433	208.345	79.1714
0.39	0.448433	208.345	81.2549
0.4	0.448433	208.345	83.3383
0.41	0.448433	208.345	85.4218
0.42	0.448433	208.345	87.5052
0.43	0.448433	208.345	89.5887
0.44	0.448433	208.345	91.6721
0.45	0.448433	208.345	93.7556
0.46	0.448433	208.345	95.839
0.47	0.448433	208.345	97.9225
0.48	0.448433	208.345	100.006
0.49	0.448433	208.345	102.089
0.5	0.448433	208.345	104.173
0.51	0.448433	208.345	106.256
0.52	0.448433	208.345	108.34
0.53	0.448433	208.345	110.423
0.54	0.448433	208.345	112.507
0.55	0.448433	208.345	114.59
0.56	0.448433	208.345	116.674
0.57	0.448433	208.345	118.757
0.58	0.448433	208.345	120.84
0.59	0.448433	208.345	122.924
0.6	0.448433	208.345	125.007
0.61	0.448433	208.345	127.091
0.62	0.448433	208.345	129.174
0.63	0.448433	208.345	131.258
0.64	0.448433	208.345	133.341
0.65	0.448433	208.345	135.425
0.66	0.448433	208.345	137.508
0.67	0.448433	208.345	139.592
0.68	0.448433	208.345	141.675
0.69	0.448433	208.345	143.758
0.7	0.448433	208.345	145.842
0.71	0.448433	208.345	147.925
0.72	0.448433	208.345	150.009
0.73	0.448433	208.345	152.092
0.74	0.448433	208.345	154.176
0.75	0.448433	208.345	156.259
0.76	0.448433	208.345	158.343
0.77	0.448433	208.345	160.426
0.78	0.448433	208.345	162.51
0.79	0.448433	208.345	164.593
0.8	0.448433	208.345	166.676
0.81	0.448433	208.345	168.76
0.82	0.448433	208.345	170.843
0.83	0.448433	208.345	172.927
0.84	0.448433	208.345	175.01
0.85	0.448433	208.345	177.094
0.86	0.448433	208.345	179.177
0.87	0.448433	208.345	181.261
0.88	0.448433	208.345	183.344
0.89	0.448433	208.345	185.428
0.9	0.448433	208.345	187.511
0.91	0.448433	208.345	189.594
0.92	0.448433	208.345	191.678
0.93	0.448433	208.345	193.761
0.94	0.448433	208.345	195.845
0.95	0.448433	208.345	197.928
0.96	0.448433	208.345	200.012
0.97	0.448433	208.345	202.095
0.98	0.448433	208.345	204.179
0.99	0.448433	208.345	206.262
1	0.448433	208.345	208.345
1.01	0.448433	208.345	210.429
1.02	0.448433	208.345	212.512
1.03	0.448433	208.345	214.596
1.04	0.448433	208.345	216.679
1.05	0.448433	208.345	218.763
1.06	0.448433	208.345	220.846
1.07	0.448433	208.345	222.93
1.08	0.448433	208.345	225.013
1.09	0.448433	208.345	227.097
1.1	0.448433	208.345	229.18
1.11	0.448433	208.345	231.263
1.12	0.448433	208.345	233.347
1.13	0.448433	208.345	235.43
1.14	0.448433	208.345	237.514
1.15	0.448433	208.345	239.597
1.16	0.448433	208.345	241.681
1.17	0.448433	208.345	243.764
1.18	0.448433	208.345	245.848
1.19	0.448433	208.345	247.931
1.2	0.448433	208.345	250.015
1.21	0.448433	208.345	252.098
1.22	0.448433	208.345	254.181
1.23	0.448433	208.345	256.265
1.24	0.448433	208.345	258.348
1.25	0.448433	208.345	260.432
1.26	0.448433	208.345	262.515
1.27	0.448433	208.345	264.599
1.28	0.448433	208.345	266.682
1.29	0.448433	208.345	268.766
1.3	0.448433	208.345	270.849
1.31	0.448433	208.345	272.933
1.32	0.448433	208.345	275.016
1.33	0.448433	208.345	277.099
1.34	0.448433	208.345	279.183
1.35	0.448433	208.345	281.266
1.36	0.448433	208.345	283.35
1.37	0.448433	208.345	285.433
1.38	0.448433	208.345	287.517
1.39	0.448433	208.345	289.6
1.4	0.448433	208.345	291.684
1.41	0.448433	208.345	293.767
1.42	0.448433	208.345	295.851
1.43	0.448433	208.345	297.934
1.44	0.448433	208.345	300.017
1.45	0.448433	208.345	302.101
1.46	0.448433	208.345	304.184
1.47	0.448433	208.345	306.268
1.48	0.448433	208.345	308.351
1.49	0.448433	208.345	310.435
1.5	0.448433	208.345	312.518
1.51	0.448433	208.345	314.602
1.52	0.448433	208.345	316.685
1.53	0.448433	208.345	318.769
1.54	0.448433	208.345	320.852
1.55	0.448433	208.345	322.935
1.56	0.448433	208.345	325.019
1.57	0.448433	208.345	327.102
1.58	0.448433	208.345	329.186
1.59	0.448433	208.345	331.269
1.6	0.448433	208.345	333.353
1.61	0.448433	208.345	335.436
1.62	0.448433	208.345	337.52
1.63	0.448433	208.345	339.603
1.64	0.448433	208.345	341.686
1.65	0.448433	208.345	343.77
1.66	0.448433	208.345	345.853
1.67	0.448433	208.345	347.937
1.68	0.448433	208.345	350.02
1.69	0.448433	208.345	352.104
1.7	0.448433	208.345	354.187
1.71	0.448433	208.345	356.271
1.72	0.448433	208.345	358.354
1.73	0.448433	208.345	360.438
1.74	0.448433	208.345	362.521
1.75	0.448433	208.345	364.604
1.76	0.448433	208.345	366.688
1.77	0.448433	208.345	368.771
1.78	0.448433	208.345	370.855
1.79	0.448433	208.345	372.938
1.8	0.448433	208.345	375.022
1.81	0.448433	208.345	377.105
1.82	0.448433	208.345	379.189
1.83	0.448433	208.345	381.272
1.84	0.448433	208.345	383.356
1.85	0.448433	208.345	385.439
1.86	0.448433	208.345	387.522
1.87	0.448433	208.345	389.606
1.88	0.448433	208.345	391.689
1.89	0.448433	208.345	393.773
1.9	0.448433	208.345	395.856
1.91	0.448433	208.345	397.94
1.92	0.448433	208.345	400.023
1.93	0.448433	208.345	402.107
1.94	0.448433	208.345	404.19
1.95	0.448433	208.345	406.274
1.96	0.448433	208.345	408.357
1.97	0.448433	208.345	410.44
1.98	0.448433	208.345	412.524
1.99	0.448433	208.345	414.607
2	0.448433	208.345	416.691
2.01	0.448433	208.345	418.774
2.02	0.448433	208.345	420.858
2.03	0.448433	208.345	422.941
2.04	0.448433	208.345	425.025
2.05	0.448433	208.345	427.108
2.06	0.448433	208.345	429.192
2.07	0.448433	208.345	431.275
2.08	0.448433	208.345	433.358
2.09	0.448433	208.345	435.442
2.1	0.448433	208.345	437.525
2.11	0.448433	208.345	439.609
2.12	0.448433	208.345	441.692
2.13	0.448433	208.345	443.776
2.14	0.448433	208.345	445.859
2.15	0.448433	208.345	447.943
2.16	0.448433	208.345	450.026
2.17	0.448433	208.345	452.11
2.18	0.448433	208.345	454.193
2.19	0.448433	208.345	456.276
2.2	0.448433	208.345	458.36
2.21	0.448433	208.345	460.443
2.22	0.448433	208.345	462.527
2.23	0.448433	208.345	464.61
2.24	0.448433	208.345	466.694
2.25	0.448433	208.345	468.777
2.26	0.448433	208.345	470.861
2.27	0.448433	208.345	472.944
2.28	0.448433	208.345	475.028
2.29	0.448433	208.345	477.111
2.3	0.448433	208.345	479.194
2.31	0.448433	208.345	481.278
2.32	0.448433	208.345	483.361
2.33	0.448433	208.345	485.445
2.34	0.448433	208.345	487.528
2.35	0.448433	208.345	489.612
2.36	0.448433	208.345	491.695
2.37	0.448433	208.345	493.779
2.38	0.448433	208.345	495.862
2.39	0.448433	208.345	497.945
2.4	0.448433	208.345	500.029
2.41	0.448433	208.345	502.112
2.42	0.448433	208.345	504.196
2.43	0.448433	208.345	506.279
2.44	0.448433	208.345	508.363
2.45	0.448433	208.345	510.446
2.46	0.448433	208.345	512.53
2.47	0.448433	208.345	514.613
2.48	0.448433	208.345	516.697
2.49	0.448433	208.345	518.78
2.5	0.448433	208.345	520.863
2.51	0.448433	208.345	522.947
2.52	0.448433	208.345	525.03
2.53	0.448433	208.345	527.114
2.54	0.448433	208.345	529.197
2.55	0.448433	208.345	531.281
2.56	0.448433	208.345	533.364
2.57	0.448433	208.345	535.448
2.58	0.448433	208.345	537.531
2.59	0.448433	208.345	539.615
2.6	0.448433	208.345	541.698
2.61	0.448433	208.345	543.781
2.62	0.448433	208.345	545.865
2.63	0.448433	208.345	547.948
2.64	0.448433	208.345	550.032
2.65	0.448433	208.345	552.115
2.66	0.448433	208.345	554.199
2.67	0.448433	208.345	556.282
2.68	0.448433	208.345	558.366
2.69	0.448433	208.345	560.449
2.7	0.448433	208.345	562.533
2.71	0.448433	208.345	564.616
2.72	0.448433	208.345	566.699
2.73	0.448433	208.345	568.783
2.74	0.448433	208.345	570.866
2.75	0.448433	208.345	572.95
2.76	0.448433	208.345	575.033
2.77	0.448433	208.345	577.117
2.78	0.448433	208.345	579.2
2.79	0.448433	208.345	581.284
2.8	0.448433	208.345	583.367
2.81	0.448433	208.345	585.451
2.82	0.448433	208.345	587.534
2.83	0.448433	208.345	589.617
2.84	0.448433	208.345	591.701
2.85	0.448433	208.345	593.784
2.86	0.448433	208.345	595.868
2.87	0.448433	208.345	597.951
2.88	0.448433	208.345	600.035
2.89	0.448433	208.345	602.118
2.9	0.448433	208.345	604.202
2.91	0.448433	208.345	606.285
2.92	0.448433	208.345	608.369
2.93	0.448433	208.345	610.452
2.94	0.448433	208.345	612.535
2.95	0.448433	208.345	614.619
2.96	0.448433	208.345	616.702
2.97	0.448433	208.345	618.786
2.98	0.448433	208.345	620.869
2.99	0.448433	208.345	622.953
3	0.448433	208.345	625.036
3.01	0.448433	208.345	627.12
3.02	0.448433	208.345	629.203
3.03	0.448433	208.345	631.286
3.04	0.448433	208.345	633.37
3.05	0.448433	208.345	635.453
3.06	0.448433	208.345	637.537
3.07	0.448433	208.345	639.62
3.08	0.448433	208.345	641.704
3.09	0.448433	208.345	643.787
3.1	0.448433	208.345	645.871
3.11	0.448433	208.345	647.954
3.12	0.448433	208.345	650.038
3.13	0.448433	208.345	652.121
3.14	0.448433	208.345	654.204
3.15	0.448433	208.345	656.288
3.16	0.448433	208.345	658.371
3.17	0.448433	208.345	660.455
3.18	0.448433	208.345	662.538
3.19	0.448433	208.345	664.622
3.2	0.448433	208.345	666.705
3.21	0.448433	208.345	668.789
3.22	0.448433	208.345	670.872
3.23	0.448433	208.345	672.956
3.24	0.448433	208.345	675.039
3.25	0.448433	208.345	677.122
3.26	0.448433	208.345	679.206
3.27	0.448433	208.345	681.289
3.28	0.448433	208.345	683.373
3.29	0.448433	208.345	685.456
3.3	0.448433	208.345	687.54
3.31	0.448433	208.345	689.623
3.32	0.448433	208.345	691.707
3.33	0.448433	208.345	693.79
3.34	0.448433	208.345	695.874
3.35	0.448433	208.345	697.957
3.36	0.448433	208.345	700.04
3.37	0.448433	208.345	702.124
3.38	0.448433	208.345	704.207
3.39	0.448433	208.345	706.291
3.4	0.448433	208.345	708.374
3.41	0.448433	208.345	710.458
3.42	0.448433	208.345	712.541
3.43	0.448433	208.345	714.625
3.44	0.448433	208.345	716.708
3.45	0.448433	208.345	718.792
3.46	0.448433	208.345	720.875
3.47	0.448433	208.345	722.958
3.48	0.448433	208.345	725.042
3.49	0.448433	208.345	727.125
3.5	0.448433	208.345	729.209
3.51	0.448433	208.345	731.292
3.52	0.448433	208.345	733.376
3.53	0.448433	208.345	735.459
3.54	0.448433	208.345	737.543
3.55	0.448433	208.345	739.626
3.56	0.448433	208.345	741.71
3.57	0.448433	208.345	743.793
3.58	0.448433	208.345	745.876
3.59	0.448433	208.345	747.96
3.6	0.448433	208.345	750.043
3.61	0.448433	208.345	752.127
3.62	0.448433	208.345	754.21
3.63	0.448433	208.345	756.294
3.64	0.448433	208.345	758.377
3.65	0.448433	208.345	760.461
3.66	0.448433	208.345	762.544
3.67	0.448433	208.345	764.627
3.68	0.448433	208.345	766.711
3.69	0.448433	208.345	768.794
3.7	0.448433	208.345	770.878
3.71	0.448433	208.345	772.961
3.72	0.448433	208.345	775.045
3.73	0.448433	208.345	777.128
3.74	0.448433	208.345	779.212
3.75	0.448433	208.345	781.295
3.76	0.448433	208.345	783.379
3.77	0.448433	208.345	785.462
3.78	0.448433	208.345	787.545
3.79	0.448433	208.345	789.629
3.8	0.448433	208.345	791.712
3.81	0.448433	208.345	793.796
3.82	0.448433	208.345	795.879
3.83	0.448433	208.345	797.963
3.84	0.448433	208.345	800.046
3.85	0.448433	208.345	802.13
3.86	0.448433	208.345	804.213
3.87	0.448433	208.345	806.297
3.88	0.448433	208.345	808.38
3.89	0.448433	208.345	810.463
3.9	0.448433	208.345	812.547
3.91	0.448433	208.345	814.63
3.92	0.448433	208.345	816.714
3.93	0.448433	208.345	818.797
3.94	0.448433	208.345	820.881
3.95	0.448433	208.345	822.964
3.96	0.448433	208.345	825.048
3.97	0.448433	208.345	827.131
3.98	0.448433	208.345	829.215
3.99	0.448433	208.345	831.298
4	0.448433	208.345	833.381
4.01	0.448433	208.345	835.465
4.02	0.448433	208.345	837.548
4.03	0.448433	208.345	839.632
4.04	0.448433	208.345	841.715
4.05	0.448433	208.345	843.799
4.06	0.448433	208.345	845.882
4.07	0.448433	208.345	847.966
4.08	0.448433	208.345	850.049
4.09	0.448433	208.345	852.133
4.1	0.448433	208.345	854.216
4.11	0.448433	208.345	856.299
4.12	0.448433	208.345	858.383
4.13	0.448433	208.345	860.466
4.14	0.448433	208.345	862.55
4.15	0.448433	208.345	864.633
4.16	0.448433	208.345	866.717
4.17	0.448433	208.345	868.8
4.18	0.448433	208.345	870.884
4.19	0.448433	208.345	872.967
4.2	0.448433	208.345	875.051
4.21	0.448433	208.345	877.134
4.22	0.448433	208.345	879.217
4.23	0.448433	208.345	881.301
4.24	0.448433	208.345	883.384
4.25	0.448433	208.345	885.468
4.26	0.448433	208.345	887.551
4.27	0.448433	208.345	889.635
4.28	0.448433	208.345	891.718
4.29	0.448433	208.345	893.802
4.3	0.448433	208.345	895.885
4.31	0.448433	208.345	897.968
4.32	0.448433	208.345	900.052
4.33	0.448433	208.345	902.135
4.34	0.448433	208.345	904.219
4.35	0.448433	208.345	906.302
4.36	0.448433	208.345	908.386
4.37	0.448433	208.345	910.469
4.38	0.448433	208.345	912.553
4.39	0.448433	208.345	914.636
4.4	0.448433	208.345	916.72
4.41	0.448433	208.345	918.803
4.42	0.448433	208.345	920.886
4.43	0.448433	208.345	922.97
4.44	0.448433	208.345	925.053
4.45	0.448433	208.345	927.137
4.46	0.448433	208.345	929.22
4.47	0.448433	208.345	931.304
4.48	0.448433	208.345	933.387
4.49	0.448433	208.345	935.471
4.5	0.448433	208.345	937.554
4.51	0.448433	208.345	939.638
4.52	0.448433	208.345	941.721
4.53	0.448433	208.345	943.804
4.54	0.448433	208.345	945.888
4.55	0.448433	208.345	947.971
4.56	0.448433	208.345	950.055
4.57	0.448433	208.345	952.138
4.58	0.448433	208.345	954.222
4.59	0.448433	208.345	956.305
4.6	0.448433	208.345	958.389
4.61	0.448433	208.345	960.472
4.62	0.448433	208.345	962.556
4.63	0.448433	208.345	964.639
4.64	0.448433	208.345	966.722
4.65	0.448433	208.345	968.806
4.66	0.448433	208.345	970.889
4.67	0.448433	208.345	972.973
4.68	0.448433	208.345	975.056
4.69	0.448433	208.345	977.14
4.7	0.448433	208.345	979.223
4.71	0.448433	208.345	981.307
4.72	0.448433	208.345	983.39
4.73	0.448433	208.345	985.474
4.74	0.448433	208.345	987.557
4.75	0.448433	208.345	989.64
4.76	0.448433	208.345	991.724
4.77	0.448433	208.345	993.807
4.78	0.448433	208.345	995.891
4.79	0.448433	208.345	997.974
4.8	0.448433	208.345	1000.06
4.81	0.448433	208.345	1002.14
4.82	0.448433	208.345	1004.22
4.83	0.448433	208.345	1006.31
4.84	0.448433	208.345	1008.39
4.85	0.448433	208.345	1010.47
4.86	0.448433	208.345	1012.56
4.87	0.448433	208.345	1014.64
4.88	0.448433	208.345	1016.73
4.89	0.448433	208.345	1018.81
4.9	0.448433	208.345	1020.89
4.91	0.448433	208.345	1022.98
4.92	0.448433	208.345	1025.06
4.93	0.448433	208.345	1027.14
4.94	0.448433	208.345	1029.23
4.95	0.448433	208.345	1031.31
4.96	0.448433	208.345	1033.39
4.97	0.448433	208.345	1035.48
4.98	0.448433	208.345	1037.56
4.99	0.448433	208.345	1039.64
5	0.448433	208.345	1041.73
5.01	0.448433	208.345	1043.81
5.02	0.448433	208.345	1045.89
5.03	0.448433	208.345	1047.98
5.04	0.448433	208.345	1050.06
5.05	0.448433	208.345	1052.14
5.06	0.448433	208.345	1054.23
5.07	0.448433	208.345	1056.31
5.08	0.448433	208.345	1058.39
5.09	0.448433	208.345	1060.48
5.1	0.448433	208.345	1062.56
5.11	0.448433	208.345	1064.64
5.12	0.448433	208.345	1066.73
5.13	0.448433	208.345	1068.81
5.14	0.448433	208.345	1070.9
5.15	0.448433	208.345	1072.98
5.16	0.448433	208.345	1075.06
5.17	0.448433	208.345	1077.15
5.18	0.448433	208.345	1079.23
5.19	0.448433	208.345	1081.31
5.2	0.448433	208.345	1083.4
5.21	0.448433	208.345	1085.48
5.22	0.448433	208.345	1087.56
5.23	0.448433	208.345	1089.65
5.24	0.448433	208.345	1091.73
5.25	0.448433	208.345	1093.81
5.26	0.448433	208.345	1095.9
5.27	0.448433	208.345	1097.98
5.28	0.448433	208.345	1100.06
5.29	0.448433	208.345	1102.15
5.3	0.448433	208.345	1104.23
5.31	0.448433	208.345	1106.31
5.32	0.448433	208.345	1108.4
5.33	0.448433	208.345	1110.48
5.34	0.448433	208.345	1112.56
5.35	0.448433	208.345	1114.65
5.36	0.448433	208.345	1116.73
5.37	0.448433	208.345	1118.81
5.38	0.448433	208.345	1120.9
5.39	0.448433	208.345	1122.98
5.4	0.448433	208.345	1125.06
5.41	0.448433	208.345	1127.15
5.42	0.448433	208.345	1129.23
5.43	0.448433	208.345	1131.32
5.44	0.448433	208.345	1133.4
5.45	0.448433	208.345	1135.48
5.46	0.448433	208.345	1137.57
5.47	0.448433	208.345	1139.65
5.48	0.448433	208.345	1141.73
5.49	0.448433	208.345	1143.82
5.5	0.448433	208.345	1145.9
5.51	0.448433	208.345	1147.98
5.52	0.448433	208.345	1150.07
5.53	0.448433	208.345	1152.15
5.54	0.448433	208.345	1154.23
5.55	0.448433	208.345	1156.32
5.56	0.448433	208.345	1158.4
5.57	0.448433	208.345	1160.48
5.58	0.448433	208.345	1162.57
5.59	0.448433	208.345	1164.65
5.6	0.448433	208.345	1166.73
5.61	0.448433	208.345	1168.82
5.62	0.448433	208.345	1170.9
5.63	0.448433	208.345	1172.98
5.64	0.448433	208.345	1175.07
5.65	0.448433	208.345	1177.15
5.66	0.448433	208.345	1179.23
5.67	0.448433	208.345	1181.32
5.68	0.448433	208.345	1183.4
5.69	0.448433	208.345	1185.49
5.7	0.448433	208.345	1187.57
5.71	0.448433	208.345	1189.65
5.72	0.448433	208.345	1191.74
5.73	0.448433	208.345	1193.82
5.74	0.448433	208.345	1195.9
5.75	0.448433	208.345	1197.99
5.76	0.448433	208.345	1200.07
5.77	0.448433	208.345	1202.15
5.78	0.448433	208.345	1204.24
5.79	0.448433	208.345	1206.32
5.8	0.448433	208.345	1208.4
5.81	0.448433	208.345	1210.49
5.82	0.448433	208.345	1212.57
5.83	0.448433	208.345	1214.65
5.84	0.448433	208.345	1216.74
5.85	0.448433	208.345	1218.82
5.86	0.448433	208.345	1220.9
5.87	0.448433	208.345	1222.99
5.88	0.448433	208.345	1225.07
5.89	0.448433	208.345	1227.15
5.9	0.448433	208.345	1229.24
5.91	0.448433	208.345	1231.32
5.92	0.448433	208.345	1233.4
5.93	0.448433	208.345	1235.49
5.94	0.448433	208.345	1237.57
5.95	0.448433	208.345	1239.65
5.96	0.448433	208.345	1241.74
5.97	0.448433	208.345	1243.82
5.98	0.448433	208.345	1245.91
5.99	0.448433	208.345	1247.99
6	0.448433	208.345	1250.07
6.01	0.448433	208.345	1252.16
6.02	0.448433	208.345	1254.24
6.03	0.448433	208.345	1256.32
6.04	0.448433	208.345	1258.41
6.05	0.448433	208.345	1260.49
6.06	0.448433	208.345	1262.57
6.07	0.448433	208.345	1264.66
6.08	0.448433	208.345	1266.74
6.09	0.448433	208.345	1268.82
6.1	0.448433	208.345	1270.91
6.11	0.448433	208.345	1272.99
6.12	0.448433	208.345	1275.07
6.13	0.448433	208.345	1277.16
6.14	0.448433	208.345	1279.24
6.15	0.448433	208.345	1281.32
6.16	0.448433	208.345	1283.41
6.17	0.448433	208.345	1285.49
6.18	0.448433	208.345	1287.57
6.19	0.448433	208.345	1289.66
6.2	0.448433	208.345	1291.74
6.21	0.448433	208.345	1293.82
6.22	0.448433	208.345	1295.91
6.23	0.448433	208.345	1297.99
6.24	0.448433	208.345	1300.07
6.25	0.448433	208.345	1302.16
6.26	0.448433	208.345	1304.24
6.27	0.448433	208.345	1306.33
6.28	0.448433	208.345	1308.41
6.29	0.448433	208.345	1310.49
6.3	0.448433	208.345	1312.58
6.31	0.448433	208.345	1314.66
6.32	0.448433	208.345	1316.74
6.33	0.448433	208.345	1318.83
6.34	0.448433	208.345	1320.91
6.35	0.448433	208.345	1322.99
6.36	0.448433	208.345	1325.08
6.37	0.448433	208.345	1327.16
6.38	0.448433	208.345	1329.24
6.39	0.448433	208.345	1331.33
6.4	0.448433	208.345	1333.41
6.41	0.448433	208.345	1335.49
6.42	0.448433	208.345	1337.58
6.43	0.448433	208.345	1339.66
6.44	0.448433	208.345	1341.74
6.45	0.448433	208.345	1343.83
6.46	0.448433	208.345	1345.91
6.47	0.448433	208.345	1347.99
6.48	0.448433	208.345	1350.08
6.49	0.448433	208.345	1352.16
6.5	0.448433	208.345	1354.24
6.51	0.448433	208.345	1356.33
6.52	0.448433	208.345	1358.41
6.53	0.448433	208.345	1360.5
6.54	0.448433	208.345	1362.58
6.55	0.448433	208.345	1364.66
6.56	0.448433	208.345	1366.75
6.57	0.448433	208.345	1368.83
6.58	0.448433	208.345	1370.91
6.59	0.448433	208.345	1373
6.6	0.448433	208.345	1375.08
6.61	0.448433	208.345	1377.16
6.62	0.448433	208.345	1379.25
6.63	0.448433	208.345	1381.33
6.64	0.448433	208.345	1383.41
6.65	0.448433	208.345	1385.5
6.66	0.448433	208.345	1387.58
6.67	0.448433	208.345	1389.66
6.68	0.448433	208.345	1391.75
6.69	0.448433	208.345	1393.83
6.7	0.448433	208.345	1395.91
6.71	0.448433	208.345	1398
6.72	0.448433	208.345	1400.08
6.73	0.448433	208.345	1402.16
6.74	0.448433	208.345	1404.25
6.75	0.448433	208.345	1406.33
6.76	0.448433	208.345	1408.41
6.77	0.448433	208.345	1410.5
6.78	0.448433	208.345	1412.58
6.79	0.448433	208.345	1414.66
6.8	0.448433	208.345	1416.75
6.81	0.448433	208.345	1418.83
6.82	0.448433	208.345	1420.92
6.83	0.448433	208.345	1423
6.84	0.448433	208.345	1425.08
6.85	0.448433	208.345	1427.17
6.86	0.448433	208.345	1429.25
6.87	0.448433	208.345	1431.33
6.88	0.448433	208.345	1433.42
6.89	0.448433	208.345	1435.5
6.9	0.448433	208.345	1437.58
6.91	0.448433	208.345	1439.67
6.92	0.448433	208.345	1441.75
6.93	0.448433	208.345	1443.83
6.94	0.448433	208.345	1445.92
6.95	0.448433	208.345	1448
6.96	0.448433	208.345	1450.08
6.97	0.448433	208.345	1452.17
6.98	0.448433	208.345	1454.25
6.99	0.448433	208.345	1456.33
7	0.448433	208.345	1458.42
7.01	0.448433	208.345	1460.5
7.02	0.448433	208.345	1462.58
7.03	0.448433	208.345	1464.67
7.04	0.448433	208.345	1466.75
7.05	0.448433	208.345	1468.83
7.06	0.448433	208.345	1470.92
7.07	0.448433	208.345	1473
7.08	0.448433	208.345	1475.09
7.09	0.448433	208.345	1477.17
7.1	0.448433	208.345	1479.25
7.11	0.448433	208.345	1481.34
7.12	0.448433	208.345	1483.42
7.13	0.448433	208.345	1485.5
7.14	0.448433	208.345	1487.59
7.15	0.448433	208.345	1489.67
7.16	0.448433	208.345	1491.75
7.17	0.448433	208.345	1493.84
7.18	0.448433	208.345	1495.92
7.19	0.448433	208.345	1498
7.2	0.448433	208.345	1500.09
7.21	0.448433	208.345	1502.17
7.22	0.448433	208.345	1504.25
7.23	0.448433	208.345	1506.34
7.24	0.448433	208.345	1508.42
7.25	0.448433	208.345	1510.5
7.26	0.448433	208.345	1512.59
7.27	0.448433	208.345	1514.67
7.28	0.448433	208.345	1516.75
7.29	0.448433	208.345	1518.84
7.3	0.448433	208.345	1520.92
7.31	0.448433	208.345	1523
7.32	0.448433	208.345	1525.09
7.33	0.448433	208.345	1527.17
7.34	0.448433	208.345	1529.25
7.35	0.448433	208.345	1531.34
7.36	0.448433	208.345	1533.42
7.37	0.448433	208.345	1535.51
7.38	0.448433	208.345	1537.59
7.39	0.448433	208.345	1539.67
7.4	0.448433	208.345	1541.76
7.41	0.448433	208.345	1543.84
7.42	0.448433	208.345	1545.92
7.43	0.448433	208.345	1548.01
7.44	0.448433	208.345	1550.09
7.45	0.448433	208.345	1552.17
7.46	0.448433	208.345	1554.26
7.47	0.448433	208.345	1556.34
7.48	0.448433	208.345	1558.42
7.49	0.448433	208.345	1560.51
7.5	0.448433	208.345	1562.59
7.51	0.448433	208.345	1564.67
7.52	0.448433	208.345	1566.76
7.53	0.448433	208.345	1568.84
7.54	0.448433	208.345	1570.92
7.55	0.448433	208.345	1573.01
7.56	0.448433	208.345	1575.09
7.57	0.448433	208.345	1577.17
7.58	0.448433	208.345	1579.26
7.59	0.448433	208.345	1581.34
7.6	0.448433	208.345	1583.42
7.61	0.448433	208.345	1585.51
7.62	0.448433	208.345	1587.59
7.63	0.448433	208.345	1589.67
7.64	0.448433	208.345	1591.76
7.65	0.448433	208.345	1593.84
7.66	0.448433	208.345	1595.93
7.67	0.448433	208.345	1598.01
7.68	0.448433	208.345	1600.09
7.69	0.448433	208.345	1602.18
7.7	0.448433	208.345	1604.26
7.71	0.448433	208.345	1606.34
7.72	0.448433	208.345	1608.43
7.73	0.448433	208.345	1610.51
7.74	0.448433	208.345	1612.59
7.75	0.448433	208.345	1614.68
7.76	0.448433	208.345	1616.76
7.77	0.448433	208.345	1618.84
7.78	0.448433	208.345	1620.93
7.79	0.448433	208.345	1623.01
7.8	0.448433	208.345	1625.09
7.81	0.448433	208.345	1627.18
7.82	0.448433	208.345	1629.26
7.83	0.448433	208.345	1631.34
7.84	0.448433	208.345	1633.43
7.85	0.448433	208.345	1635.51
7.86	0.448433	208.345	1637.59
7.87	0.448433	208.345	1639.68
7.88	0.448433	208.345	1641.76
7.89	0.448433	208.345	1643.84
7.9	0.448433	208.345	1645.93
7.91	0.448433	208.345	1648.01
7.92	0.448433	208.345	1650.1
7.93	0.448433	208.345	1652.18
7.94	0.448433	208.345	1654.26
7.95	0.448433	208.345	1656.35
7.96	0.448433	208.345	1658.43
7.97	0.448433	208.345	1660.51
7.98	0.448433	208.345	1662.6
7.99	0.448433	208.345	1664.68
8	0.448433	208.345	1666.76
8.01	0.448433	208.345	1668.85
8.02	0.448433	208.345	1670.93
8.03	0.448433	208.345	1673.01
8.04	0.448433	208.345	1675.1
8.05	0.448433	208.345	1677.18
8.06	0.448433	208.345	1679.26
8.07	0.448433	208.345	1681.35
8.08	0.448433	208.345	1683.43
8.09	0.448433	208.345	1685.51
8.1	0.448433	208.345	1687.6
8.11	0.448433	208.345	1689.68
8.12	0.448433	208.345	1691.76
8.13	0.448433	208.345	1693.85
8.14	0.448433	208.345	1695.93
8.15	0.448433	208.345	1698.01
8.16	0.448433	208.345	1700.1
8.17	0.448433	208.345	1702.18
8.18	0.448433	208.345	1704.26
8.19	0.448433	208.345	1706.35
8.2	0.448433	208.345	1708.43
8.21	0.448433	208.345	1710.52
8.22	0.448433	208.345	1712.6
8.23	0.448433	208.345	1714.68
8.24	0.448433	208.345	1716.77
8.25	0.448433	208.345	1718.85
8.26	0.448433	208.345	1720.93
8.27	0.448433	208.345	1723.02
8.28	0.448433	208.345	1725.1
8.29	0.448433	208.345	1727.18
8.3	0.448433	208.345	1729.27
8.31	0.448433	208.345	1731.35
8.32	0.448433	208.345	1733.43
8.33	0.448433	208.345	1735.52
8.34	0.448433	208.345	1737.6
8.35	0.448433	208.345	1739.68
8.36	0.448433	208.345	1741.77
8.37	0.448433	208.345	1743.85
8.38	0.448433	208.345	1745.93
8.39	0.448433	208.345	1748.02
8.4	0.448433	208.345	1750.1
8.41	0.448433	208.345	1752.18
8.42	0.448433	208.345	1754.27
8.43	0.448433	208.345	1756.35
8.44	0.448433	208.345	1758.43
8.45	0.448433	208.345	1760.52
8.46	0.448433	208.345	1762.6
8.47	0.448433	208.345	1764.69
8.48	0.448433	208.345	1766.77
8.49	0.448433	208.345	1768.85
8.5	0.448433	208.345	1770.94
8.51	0.448433	208.345	1773.02
8.52	0.448433	208.345	1775.1
8.53	0.448433	208.345	1777.19
8.54	0.448433	208.345	1779.27
8.55	0.448433	208.345	1781.35
8.56	0.448433	208.345	1783.44
8.57	0.448433	208.345	1785.52
8.58	0.448433	208.345	1787.6
8.59	0.448433	208.345	1789.69
8.6	0.448433	208.345	1791.77
8.61	0.448433	208.345	1793.85
8.62	0.448433	208.345	1795.94
8.63	0.448433	208.345	1798.02
8.64	0.448433	208.345	1800.1
8.65	0.448433	208.345	1802.19
8.66	0.448433	208.345	1804.27
8.67	0.448433	208.345	1806.35
8.68	0.448433	208.345	1808.44
8.69	0.448433	208.345	1810.52
8.7	0.448433	208.345	1812.6
8.71	0.448433	208.345	1814.69
8.72	0.448433	208.345	1816.77
8.73	0.448433	208.345	1818.85
8.74	0.448433	208.345	1820.94
8.75	0.448433	208.345	1823.02
8.76	0.448433	208.345	1825.11
8.77	0.448433	208.345	1827.19
8.78	0.448433	208.345	1829.27
8.79	0.448433	208.345	1831.36
8.8	0.448433	208.345	1833.44
8.81	0.448433	208.345	1835.52
8.82	0.448433	208.345	1837.61
8.83	0.448433	208.345	1839.69
8.84	0.448433	208.345	1841.77
8.85	0.448433	208.345	1843.86
8.86	0.448433	208.345	1845.94
8.87	0.448433	208.345	1848.02
8.88	0.448433	208.345	1850.11
8.89	0.448433	208.345	1852.19
8.9	0.448433	208.345	1854.27
8.91	0.448433	208.345	1856.36
8.92	0.448433	208.345	1858.44
8.93	0.448433	208.345	1860.52
8.94	0.448433	208.345	1862.61
8.95	0.448433	208.345	1864.69
8.96	0.448433	208.345	1866.77
8.97	0.448433	208.345	1868.86
8.98	0.448433	208.345	1870.94
8.99	0.448433	208.345	1873.02
9	0.448433	208.345	1875.11
9.01	0.448433	208.345	1877.19
9.02	0.448433	208.345	1879.27
9.03	0.448433	208.345	1881.36
9.04	0.448433	208.345	1883.44
9.05	0.448433	208.345	1885.53
9.06	0.448433	208.345	1887.61
9.07	0.448433	208.345	1889.69
9.08	0.448433	208.345	1891.78
9.09	0.448433	208.345	1893.86
9.1	0.448433	208.345	1895.94
9.11	0.448433	208.345	1898.03
9.12	0.448433	208.345	1900.11
9.13	0.448433	208.345	1902.19
9.14	0.448433	208.345	1904.28
9.15	0.448433	208.345	1906.36
9.16	0.448433	208.345	1908.44
9.17	0.448433	208.345	1910.53
9.18	0.448433	208.345	1912.61
9.19	0.448433	208.345	1914.69
9.2	0.448433	208.345	1916.78
9.21	0.448433	208.345	1918.86
9.22	0.448433	208.345	1920.94
9.23	0.448433	208.345	1923.03
9.24	0.448433	208.345	1925.11
9.25	0.448433	208.345	1927.19
9.26	0.448433	208.345	1929.28
9.27	0.448433	208.345	1931.36
9.28	0.448433	208.345	1933.44
9.29	0.448433	208.345	1935.53
9.3	0.448433	208.345	1937.61
9.31	0.448433	208.345	1939.7
9.32	0.448433	208.345	1941.78
9.33	0.448433	208.345	1943.86
9.34	0.448433	208.345	1945.95
9.35	0.448433	208.345	1948.03
9.36	0.448433	208.345	1950.11
9.37	0.448433	208.345	1952.2
9.38	0.448433	208.345	1954.28
9.39	0.448433	208.345	1956.36
9.4	0.448433	208.345	1958.45
9.41	0.448433	208.345	1960.53
9.42	0.448433	208.345	1962.61
9.43	0.448433	208.345	1964.7
9.44	0.448433	208.345	1966.78
9.45	0.448433	208.345	1968.86
9.46	0.448433	208.345	1970.95
9.47	0.448433	208.345	1973.03
9.48	0.448433	208.345	1975.11
9.49	0.448433	208.345	1977.2
9.5	0.448433	208.345	1979.28
9.51	0.448433	208.345	1981.36
9.52	0.448433	208.345	1983.45
9.53	0.448433	208.345	1985.53
9.54	0.448433	208.345	1987.61
9.55	0.448433	208.345	1989.7
9.56	0.448433	208.345	1991.78
9.57	0.448433	208.345	1993.86
9.58	0.448433	208.345	1995.95
9.59	0.448433	208.345	1998.03
9.6	0.448433	208.345	2000.12
9.61	0.448433	208.345	2002.2
9.62	0.448433	208.345	2004.28
9.63	0.448433	208.345	2006.37
9.64	0.448433	208.345	2008.45
9.65	0.448433	208.345	2010.53
9.66	0.448433	208.345	2012.62
9.67	0.448433	208.345	2014.7
9.68	0.448433	208.345	2016.78
9.69	0.448433	208.345	2018.87
9.7	0.448433	208.345	2020.95
9.71	0.448433	208.345	2023.03
9.72	0.448433	208.345	2025.12
9.73	0.448433	208.345	2027.2
9.74	0.448433	208.345	2029.28
9.75	0.448433	208.345	2031.37
9.76	0.448433	208.345	2033.45
9.77	0.448433	208.345	2035.53
9.78	0.448433	208.345	2037.62
9.79	0.448433	208.345	2039.7
9.8	0.448433	208.345	2041.78
9.81	0.448433	208.345	2043.87
9.82	0.448433	208.345	2045.95
9.83	0.448433	208.345	2048.03
9.84	0.448433	208.345	2050.12
9.85	0.448433	208.345	2052.2
9.86	0.448433	208.345	2054.28
9.87	0.448433	208.345	2056.37
9.88	0.448433	208.345	2058.45
9.89	0.448433	208.345	2060.54
9.9	0.448433	208.345	2062.62
9.91	0.448433	208.345	2064.7
9.92	0.448433	208.345	2066.79
9.93	0.448433	208.345	2068.87
9.94	0.448433	208.345	2070.95
9.95	0.448433	208.345	2073.04
9.96	0.448433	208.345	2075.12
9.97	0.448433	208.345	2077.2
9.98	0.448433	208.345	2079.29
9.99	0.448433	208.345	2081.37
10	0.448433	208.345	2083.45
