SupplyPort 2	Current turn 0.5	Port pressure 8.1
Elapsed	Pressure	Flow rate	Modelled cm3 H2	
0	0.0193643	356.806	1.88206
0.01	0.0175494	356.806	5.45012
0.02	0.0508201	356.806	9.01818
0.03	0.0840908	356.806	12.5862
0.04	0.117361	356.806	16.1543
0.05	0.150632	356.806	19.7224
0.06	0.183903	356.806	23.2904
0.07	0.217174	356.806	26.8585
0.08	0.250444	356.806	30.4266
0.09	0.283715	356.806	33.9946
0.1	0.316986	356.806	37.5627
0.11	0.350256	356.806	41.1307
0.12	0.383527	356.806	44.6988
0.13	0.416798	356.806	48.2669
0.14	0.450068	356.806	51.8349
0.15	0.483339	356.806	55.403
0.16	0.51661	356.806	58.9711
0.17	0.54988	356.806	62.5391
0.18	0.583151	356.806	66.1072
0.19	0.616422	356.806	69.6752
0.2	0.649693	356.806	73.2433
0.21	0.682963	356.806	76.8114
0.22	0.716234	356.806	80.3794
0.23	0.749505	356.806	83.9475
0.24	0.782775	356.806	87.5156
0.25	0.816046	356.806	91.0836
0.26	0.849317	356.806	94.6517
0.27	0.882587	356.806	98.2197
0.28	0.915858	356.806	101.788
0.29	0.949129	356.806	105.356
0.3	0.9824	356.806	108.924
0.31	1.01567	356.806	112.492
0.32	1.04894	356.806	116.06
0.33	1.08221	356.806	119.628
0.34	1.11548	356.806	123.196
0.35	1.14875	356.806	126.764
0.36	1.18202	356.806	130.332
0.37	1.21529	356.806	133.9
0.38	1.24857	356.806	137.468
0.39	1.28184	356.806	141.036
0.4	1.31511	356.806	144.605
0.41	1.34838	356.806	148.173
0.42	1.38165	356.806	151.741
0.43	1.41492	356.806	155.309
0.44	1.44819	356.806	158.877
0.45	1.48146	356.806	162.445
0.46	1.51473	356.806	166.013
0.47	1.548	356.806	169.581
0.48	1.58127	356.806	173.149
0.49	1.61454	356.806	176.717
0.5	1.64781	356.806	180.285
0.51	1.68108	356.806	183.853
0.52	1.71435	356.806	187.421
0.53	1.74763	356.806	190.989
0.54	1.7809	356.806	194.557
0.55	1.81417	356.806	198.125
0.56	1.84744	356.806	201.694
0.57	1.88071	356.806	205.262
0.58	1.91398	356.806	208.83
0.59	1.94725	356.806	212.398
0.6	1.98052	356.806	215.966
0.61	2.01379	356.806	219.534
0.62	2.04706	356.806	223.102
0.63	2.08033	356.806	226.67
0.64	2.1136	356.806	230.238
0.65	2.14687	356.806	233.806
0.66	2.18014	356.806	237.374
0.67	2.21342	356.806	240.942
0.68	2.24669	356.806	244.51
0.69	2.27996	356.806	248.078
0.7	2.31323	356.806	251.646
0.71	2.3465	356.806	255.214
0.72	2.37977	356.806	258.783
0.73	2.41304	356.806	262.351
0.74	2.44631	356.806	265.919
0.75	2.47958	356.806	269.487
0.76	2.51285	356.806	273.055
0.77	2.54612	356.806	276.623
0.78	2.57939	356.806	280.191
0.79	2.61266	356.806	283.759
0.8	2.64593	356.806	287.327
0.81	2.6792	356.806	290.895
0.82	2.71248	356.806	294.463
0.83	2.74575	356.806	298.031
0.84	2.77902	356.806	301.599
0.85	2.81229	356.806	305.167
0.86	2.84556	356.806	308.735
0.87	2.87883	356.806	312.303
0.88	2.9121	356.806	315.872
0.89	2.94537	356.806	319.44
0.9	2.97864	356.806	323.008
0.91	3.01191	356.806	326.576
0.92	3.04518	356.806	330.144
0.93	3.07845	356.806	333.712
0.94	3.11172	356.806	337.28
0.95	3.14499	356.806	340.848
0.96	3.17827	356.806	344.416
0.97	3.21154	356.806	347.984
0.98	3.24481	356.806	351.552
0.99	3.27808	356.806	355.12
1	3.31135	356.806	358.688
1.01	3.34462	356.806	362.256
1.02	3.37789	356.806	365.824
1.03	3.41116	356.806	369.392
1.04	3.44443	356.806	372.961
1.05	3.4777	356.806	376.529
1.06	3.51097	356.806	380.097
1.07	3.54424	356.806	383.665
1.08	3.57751	356.806	387.233
1.09	3.61078	356.806	390.801
1.1	3.64406	356.806	394.369
1.11	3.67733	356.806	397.937
1.12	3.7106	356.806	401.505
1.13	3.74387	356.806	405.073
1.14	3.77714	356.806	408.641
1.15	3.81041	356.806	412.209
1.16	3.84368	356.806	415.777
1.17	3.87695	356.806	419.345
1.18	3.91022	356.806	422.913
1.19	3.94349	356.806	426.481
1.2	3.97676	356.806	430.05
1.21	4.01003	356.806	433.618
1.22	4.0433	356.806	437.186
1.23	4.07657	357.107	440.757
1.24	4.10987	357.083	444.328
1.25	4.14317	357.041	447.898
1.26	4.17646	356.981	451.468
1.27	4.20975	356.902	455.037
1.28	4.24303	356.803	458.605
1.29	4.2763	356.687	462.172
1.3	4.30956	356.55	465.737
1.31	4.34281	356.395	469.301
1.32	4.37604	356.22	472.863
1.33	4.40925	356.026	476.424
1.34	4.44245	355.812	479.982
1.35	4.47563	355.578	483.538
1.36	4.50879	355.325	487.091
1.37	4.54192	355.051	490.641
1.38	4.57503	354.757	494.189
1.39	4.60811	354.443	497.733
1.4	4.64116	354.108	501.274
1.41	4.67417	353.753	504.812
1.42	4.70716	353.377	508.346
1.43	4.74011	352.98	511.875
1.44	4.77303	352.562	515.401
1.45	4.8059	352.123	518.922
1.46	4.83873	351.662	522.439
1.47	4.87153	351.181	525.951
1.48	4.90427	350.678	529.457
1.49	4.93697	350.153	532.959
1.5	4.96962	349.606	536.455
1.51	5.00222	349.038	539.945
1.52	5.03477	348.448	543.43
1.53	5.06726	347.836	546.908
1.54	5.09969	347.202	550.38
1.55	5.13207	346.545	553.846
1.56	5.16438	345.867	557.304
1.57	5.19663	345.165	560.756
1.58	5.22882	344.442	564.201
1.59	5.26093	343.695	567.637
1.6	5.29298	342.926	571.067
1.61	5.32496	342.134	574.488
1.62	5.35686	341.32	577.901
1.63	5.38869	340.482	581.306
1.64	5.42044	339.621	584.702
1.65	5.45211	338.737	588.09
1.66	5.48369	337.83	591.468
1.67	5.51519	336.9	594.837
1.68	5.54661	335.946	598.196
1.69	5.57793	334.969	601.546
1.7	5.60917	333.968	604.886
1.71	5.64031	332.944	608.215
1.72	5.67135	331.896	611.534
1.73	5.7023	330.824	614.842
1.74	5.73315	329.729	618.14
1.75	5.7639	328.61	621.426
1.76	5.79454	327.467	624.7
1.77	5.82507	326.3	627.963
1.78	5.8555	325.109	631.215
1.79	5.88581	323.894	634.454
1.8	5.91601	322.656	637.68
1.81	5.9461	321.393	640.894
1.82	5.97607	320.106	644.095
1.83	6.00592	318.795	647.283
1.84	6.03564	317.46	650.458
1.85	6.06525	316.1	653.619
1.86	6.09472	314.717	656.766
1.87	6.12407	313.309	659.899
1.88	6.15328	311.878	663.018
1.89	6.18236	310.422	666.122
1.9	6.21131	308.941	669.211
1.91	6.24012	307.437	672.286
1.92	6.26878	305.908	675.345
1.93	6.29731	304.355	678.388
1.94	6.32569	302.778	681.416
1.95	6.35392	301.177	684.428
1.96	6.382	299.552	687.423
1.97	6.40994	297.902	690.402
1.98	6.43771	296.228	693.365
1.99	6.46534	294.53	696.31
2	6.4928	292.808	699.238
2.01	6.5201	291.063	702.149
2.02	6.54724	289.293	705.042
2.03	6.57422	287.499	707.917
2.04	6.60103	285.681	710.773
2.05	6.62767	283.839	713.612
2.06	6.65413	281.974	716.432
2.07	6.68043	280.084	719.232
2.08	6.70654	278.171	722.014
2.09	6.73248	276.235	724.776
2.1	6.75824	274.274	727.519
2.11	6.78381	272.291	730.242
2.12	6.8092	270.284	732.945
2.13	6.83441	268.253	735.627
2.14	6.85942	266.199	738.289
2.15	6.88424	264.122	740.931
2.16	6.90887	262.022	743.551
2.17	6.9333	259.899	746.15
2.18	6.95754	257.753	748.727
2.19	6.98157	255.584	751.283
2.2	7.0054	253.393	753.817
2.21	7.02903	251.179	756.329
2.22	7.05245	248.942	758.818
2.23	7.07567	246.683	761.285
2.24	7.09867	244.402	763.729
2.25	7.12146	242.099	766.15
2.26	7.14403	239.773	768.548
2.27	7.16639	237.426	770.922
2.28	7.18853	235.057	773.273
2.29	7.21045	232.667	775.599
2.3	7.23214	230.255	777.902
2.31	7.25361	227.821	780.18
2.32	7.27486	225.367	782.434
2.33	7.29587	222.892	784.663
2.34	7.31665	220.395	786.867
2.35	7.3372	217.878	789.046
2.36	7.35752	215.341	791.199
2.37	7.3776	212.783	793.327
2.38	7.39744	210.205	795.429
2.39	7.41704	207.607	797.505
2.4	7.4364	204.989	799.555
2.41	7.45552	202.351	801.578
2.42	7.47438	199.694	803.575
2.43	7.493	197.017	805.545
2.44	7.51138	194.322	807.489
2.45	7.52949	191.607	809.405
2.46	7.54736	188.874	811.293
2.47	7.56497	186.122	813.155
2.48	7.58233	183.352	814.988
2.49	7.59943	180.564	816.794
2.5	7.61626	177.758	818.571
2.51	7.63284	174.934	820.321
2.52	7.64915	172.093	822.042
2.53	7.6652	169.235	823.734
2.54	7.68098	166.359	825.398
2.55	7.69649	163.466	827.032
2.56	7.71173	160.557	828.638
2.57	7.7267	157.632	830.214
2.58	7.7414	154.69	831.761
2.59	7.75583	151.732	833.278
2.6	7.76997	148.759	834.766
2.61	7.78385	145.77	836.224
2.62	7.79744	142.766	837.651
2.63	7.81075	139.747	839.049
2.64	7.82378	136.713	840.416
2.65	7.83653	133.664	841.753
2.66	7.84899	130.601	843.059
2.67	7.86117	127.524	844.334
2.68	7.87306	124.433	845.578
2.69	7.88466	121.328	846.791
2.7	7.89598	118.21	847.974
2.71	7.907	115.078	849.124
2.72	7.91773	111.934	850.244
2.73	7.92817	108.777	851.331
2.74	7.93831	105.607	852.387
2.75	7.94816	102.424	853.412
2.76	7.95771	99.2297	854.404
2.77	7.96696	96.0231	855.364
2.78	7.97592	92.8047	856.292
2.79	7.98457	89.5745	857.188
2.8	7.99292	86.3328	858.051
2.81	8.00097	83.0796	858.882
2.82	8.00872	79.8152	859.68
2.83	8.01616	76.5394	860.446
2.84	8.0233	73.2525	861.178
2.85	8.03013	69.9543	861.878
2.86	8.03665	66.645	862.544
2.87	8.04287	0	862.544
