SupplyPort 2	Current turn 0.5	Port pressure 8.5
Elapsed	Pressure	Flow rate	Modelled cm3 H2	
0	0	313.709	2.26985e-05
0.01	2.11654e-07	313.709	3.13711
0.02	0.0292522	313.709	6.27419
0.03	0.0585042	313.709	9.41128
0.04	0.0877562	313.709	12.5484
0.05	0.117008	313.709	15.6854
0.06	0.14626	313.709	18.8225
0.07	0.175512	313.709	21.9596
0.08	0.204764	313.709	25.0967
0.09	0.234016	313.709	28.2338
0.1	0.263268	313.709	31.3709
0.11	0.29252	313.709	34.508
0.12	0.321772	313.709	37.645
0.13	0.351024	313.709	40.7821
0.14	0.380276	313.709	43.9192
0.15	0.409528	313.709	47.0563
0.16	0.43878	313.709	50.1934
0.17	0.468032	313.709	53.3305
0.18	0.497284	313.709	56.4676
0.19	0.526536	313.709	59.6046
0.2	0.555788	313.709	62.7417
0.21	0.58504	313.709	65.8788
0.22	0.614292	313.709	69.0159
0.23	0.643544	313.709	72.153
0.24	0.672796	313.709	75.2901
0.25	0.702049	313.709	78.4272
0.26	0.731301	313.709	81.5642
0.27	0.760553	313.709	84.7013
0.28	0.789805	313.709	87.8384
0.29	0.819057	313.709	90.9755
0.3	0.848309	313.709	94.1126
0.31	0.877561	313.709	97.2497
0.32	0.906813	313.709	100.387
0.33	0.936065	313.709	103.524
0.34	0.965317	313.709	106.661
0.35	0.994569	313.709	109.798
0.36	1.02382	313.709	112.935
0.37	1.05307	313.709	116.072
0.38	1.08232	313.709	119.209
0.39	1.11158	313.709	122.346
0.4	1.14083	313.709	125.483
0.41	1.17008	313.709	128.621
0.42	1.19933	313.709	131.758
0.43	1.22858	313.709	134.895
0.44	1.25784	313.709	138.032
0.45	1.28709	313.709	141.169
0.46	1.31634	313.709	144.306
0.47	1.34559	313.709	147.443
0.48	1.37484	313.709	150.58
0.49	1.4041	313.709	153.717
0.5	1.43335	313.709	156.854
0.51	1.4626	313.709	159.991
0.52	1.49185	313.709	163.128
0.53	1.5211	313.709	166.266
0.54	1.55036	313.709	169.403
0.55	1.57961	313.709	172.54
0.56	1.60886	313.709	175.677
0.57	1.63811	313.709	178.814
0.58	1.66736	313.709	181.951
0.59	1.69662	313.709	185.088
0.6	1.72587	313.709	188.225
0.61	1.75512	313.709	191.362
0.62	1.78437	313.709	194.499
0.63	1.81362	313.709	197.636
0.64	1.84288	313.709	200.773
0.65	1.87213	313.709	203.911
0.66	1.90138	313.709	207.048
0.67	1.93063	313.709	210.185
0.68	1.95989	313.709	213.322
0.69	1.98914	313.709	216.459
0.7	2.01839	313.709	219.596
0.71	2.04764	313.709	222.733
0.72	2.07689	313.709	225.87
0.73	2.10615	313.709	229.007
0.74	2.1354	313.709	232.144
0.75	2.16465	313.709	235.281
0.76	2.1939	313.709	238.418
0.77	2.22315	313.709	241.556
0.78	2.25241	313.709	244.693
0.79	2.28166	313.709	247.83
0.8	2.31091	313.709	250.967
0.81	2.34016	313.709	254.104
0.82	2.36941	313.709	257.241
0.83	2.39867	313.709	260.378
0.84	2.42792	313.709	263.515
0.85	2.45717	313.709	266.652
0.86	2.48642	313.709	269.789
0.87	2.51567	313.709	272.926
0.88	2.54493	313.709	276.064
0.89	2.57418	313.709	279.201
0.9	2.60343	313.709	282.338
0.91	2.63268	313.709	285.475
0.92	2.66193	313.709	288.612
0.93	2.69119	313.709	291.749
0.94	2.72044	313.709	294.886
0.95	2.74969	313.709	298.023
0.96	2.77894	313.709	301.16
0.97	2.80819	313.709	304.297
0.98	2.83745	313.709	307.434
0.99	2.8667	313.709	310.571
1	2.89595	313.709	313.709
1.01	2.9252	313.709	316.846
1.02	2.95445	313.709	319.983
1.03	2.98371	313.709	323.12
1.04	3.01296	313.709	326.257
1.05	3.04221	313.709	329.394
1.06	3.07146	313.709	332.531
1.07	3.10071	313.709	335.668
1.08	3.12997	313.709	338.805
1.09	3.15922	313.709	341.942
1.1	3.18847	313.709	345.079
1.11	3.21772	313.709	348.216
1.12	3.24697	313.709	351.354
1.13	3.27623	313.709	354.491
1.14	3.30548	313.709	357.628
1.15	3.33473	313.709	360.765
1.16	3.36398	313.709	363.902
1.17	3.39323	313.709	367.039
1.18	3.42249	313.709	370.176
1.19	3.45174	313.709	373.313
1.2	3.48099	313.709	376.45
1.21	3.51024	313.709	379.587
1.22	3.53949	313.709	382.724
1.23	3.56875	313.709	385.861
1.24	3.598	313.709	388.999
1.25	3.62725	313.709	392.136
1.26	3.6565	313.709	395.273
1.27	3.68575	313.709	398.41
1.28	3.71501	313.709	401.547
1.29	3.74426	313.709	404.684
1.3	3.77351	313.709	407.821
1.31	3.80276	313.709	410.958
1.32	3.83201	313.709	414.095
1.33	3.86127	313.709	417.232
1.34	3.89052	313.709	420.369
1.35	3.91977	313.709	423.507
1.36	3.94902	313.709	426.644
1.37	3.97827	313.709	429.781
1.38	4.00753	313.709	432.918
1.39	4.03678	313.709	436.055
1.4	4.06603	313.709	439.192
1.41	4.09528	313.709	442.329
1.42	4.12453	313.709	445.466
1.43	4.15379	313.709	448.603
1.44	4.18304	313.709	451.74
1.45	4.21229	313.709	454.877
1.46	4.24154	313.709	458.014
1.47	4.27079	313.975	461.154
1.48	4.30007	313.962	464.294
1.49	4.32935	313.937	467.433
1.5	4.35862	313.9	470.572
1.51	4.38789	313.853	473.711
1.52	4.41716	313.793	476.849
1.53	4.44642	313.722	479.986
1.54	4.47567	313.64	483.122
1.55	4.50491	313.546	486.258
1.56	4.53415	313.439	489.392
1.57	4.56338	313.321	492.525
1.58	4.59259	313.191	495.657
1.59	4.6218	313.049	498.788
1.6	4.65099	312.895	501.917
1.61	4.68016	312.729	505.044
1.62	4.70932	312.55	508.169
1.63	4.73847	312.359	511.293
1.64	4.76759	312.155	514.415
1.65	4.7967	311.939	517.534
1.66	4.82579	311.711	520.651
1.67	4.85485	311.47	523.766
1.68	4.8839	311.216	526.878
1.69	4.91292	310.95	529.987
1.7	4.94191	310.67	533.094
1.71	4.97088	310.378	536.198
1.72	4.99982	310.073	539.299
1.73	5.02874	309.755	542.396
1.74	5.05762	309.424	545.49
1.75	5.08647	309.08	548.581
1.76	5.11529	308.722	551.669
1.77	5.14408	308.351	554.752
1.78	5.17283	307.967	557.832
1.79	5.20155	307.57	560.907
1.8	5.23023	307.159	563.979
1.81	5.25887	306.735	567.046
1.82	5.28747	306.297	570.109
1.83	5.31603	305.845	573.168
1.84	5.34455	305.38	576.222
1.85	5.37303	304.901	579.271
1.86	5.40146	304.409	582.315
1.87	5.42984	303.903	585.354
1.88	5.45818	303.382	588.388
1.89	5.48647	302.848	591.416
1.9	5.51471	302.3	594.439
1.91	5.5429	301.738	597.456
1.92	5.57103	301.162	600.468
1.93	5.59911	300.572	603.474
1.94	5.62714	299.967	606.473
1.95	5.65511	299.349	609.467
1.96	5.68302	298.716	612.454
1.97	5.71088	298.069	615.435
1.98	5.73867	297.408	618.409
1.99	5.7664	296.732	621.376
2	5.79407	296.042	624.337
2.01	5.82168	295.338	627.29
2.02	5.84922	294.619	630.236
2.03	5.87669	293.885	633.175
2.04	5.90409	293.138	636.106
2.05	5.93143	292.375	639.03
2.06	5.95869	291.598	641.946
2.07	5.98588	290.806	644.854
2.08	6.013	290	647.754
2.09	6.04004	289.179	650.646
2.1	6.067	288.343	653.529
2.11	6.09389	287.493	656.404
2.12	6.1207	286.628	659.271
2.13	6.14742	285.748	662.128
2.14	6.17407	284.853	664.977
2.15	6.20063	283.944	667.816
2.16	6.22711	283.02	670.646
2.17	6.2535	282.081	673.467
2.18	6.2798	281.127	676.278
2.19	6.30601	280.158	679.08
2.2	6.33214	279.174	681.872
2.21	6.35817	278.175	684.653
2.22	6.38411	277.162	687.425
2.23	6.40995	276.134	690.186
2.24	6.4357	275.09	692.937
2.25	6.46135	274.032	695.678
2.26	6.4869	272.959	698.407
2.27	6.51236	271.871	701.126
2.28	6.53771	270.768	703.834
2.29	6.56295	269.65	706.53
2.3	6.5881	268.517	709.215
2.31	6.61314	267.369	711.889
2.32	6.63807	266.206	714.551
2.33	6.66289	265.029	717.201
2.34	6.6876	263.836	719.84
2.35	6.7122	262.629	722.466
2.36	6.73669	261.407	725.08
2.37	6.76107	260.17	727.682
2.38	6.78533	258.918	730.271
2.39	6.80947	257.651	732.847
2.4	6.8335	256.369	735.411
2.41	6.8574	255.073	737.962
2.42	6.88119	253.761	740.499
2.43	6.90485	252.435	743.024
2.44	6.92839	251.095	745.535
2.45	6.9518	249.739	748.032
2.46	6.97509	248.369	750.516
2.47	6.99825	246.985	752.986
2.48	7.02128	245.585	755.441
2.49	7.04418	244.171	757.883
2.5	7.06694	242.743	760.311
2.51	7.08958	241.3	762.724
2.52	7.11208	239.842	765.122
2.53	7.13444	238.37	767.506
2.54	7.15667	236.884	769.875
2.55	7.17876	235.383	772.228
2.56	7.20071	233.868	774.567
2.57	7.22252	232.339	776.89
2.58	7.24418	230.796	779.198
2.59	7.2657	229.238	781.491
2.6	7.28708	227.666	783.767
2.61	7.30831	226.08	786.028
2.62	7.32939	224.48	788.273
2.63	7.35032	222.866	790.502
2.64	7.3711	221.239	792.714
2.65	7.39173	219.597	794.91
2.66	7.41221	217.941	797.09
2.67	7.43253	216.272	799.252
2.68	7.45269	214.589	801.398
2.69	7.4727	212.893	803.527
2.7	7.49256	211.183	805.639
2.71	7.51225	209.46	807.733
2.72	7.53178	207.723	809.811
2.73	7.55115	205.973	811.87
2.74	7.57035	204.209	813.913
2.75	7.5894	202.432	815.937
2.76	7.60827	200.643	817.943
2.77	7.62698	198.84	819.932
2.78	7.64552	197.024	821.902
2.79	7.66389	195.196	823.854
2.8	7.68209	193.354	825.787
2.81	7.70012	191.5	827.702
2.82	7.71798	189.634	829.599
2.83	7.73566	187.754	831.476
2.84	7.75317	185.863	833.335
2.85	7.7705	183.959	835.175
2.86	7.78765	182.043	836.995
2.87	7.80463	180.114	838.796
2.88	7.82142	178.174	840.578
2.89	7.83804	176.221	842.34
2.9	7.85447	174.257	844.083
2.91	7.87072	172.281	845.805
2.92	7.88678	170.293	847.508
2.93	7.90266	168.293	849.191
2.94	7.91835	166.283	850.854
2.95	7.93386	164.26	852.497
2.96	7.94918	162.227	854.119
2.97	7.9643	160.182	855.721
2.98	7.97924	158.126	857.302
2.99	7.99398	156.06	858.863
3	8.00854	153.982	860.402
3.01	8.02289	151.894	861.921
3.02	8.03706	149.795	863.419
3.03	8.05103	147.685	864.896
3.04	8.0648	145.566	866.352
3.05	8.07837	143.436	867.786
3.06	8.09175	141.295	869.199
3.07	8.10492	139.145	870.591
3.08	8.11789	136.985	871.96
3.09	8.13067	134.815	873.309
3.1	8.14324	132.635	874.635
3.11	8.15561	130.446	875.939
3.12	8.16777	128.247	877.222
3.13	8.17973	0	877.222
