LeakagePort 0	Current turn 0.5	Pressure storage 6.17139	Pressure reaction 0.00910621
Elapsed	Storage	Reaction	Flow rate	Modelled cm3 H2	
0	6.17139	0.00910621	0.00112977	9.51388e-06
0.01	6.17139	0.00910621	0.00112977	9.51388e-06
0.02	6.16635	0.0199198	0.00112885	2.08116e-05
0.03	6.16131	0.0307246	0.00112793	3.21001e-05
0.04	6.15628	0.0415206	0.00112701	4.33794e-05
0.05	6.15125	0.0523077	0.00112609	5.46495e-05
0.06	6.14623	0.0630861	0.00112517	6.59103e-05
0.07	6.1412	0.0738556	0.00112425	7.7162e-05
0.08	6.13619	0.0846163	0.00112333	8.84045e-05
0.09	6.13118	0.0953682	0.00112241	9.96378e-05
0.1	6.12617	0.106111	0.00112149	0.000110862
0.11	6.12116	0.116846	0.00112058	0.000122077
0.12	6.11616	0.127571	0.00111966	0.000133283
0.13	6.11116	0.138288	0.00111875	0.000144479
0.14	6.10617	0.148996	0.00111783	0.000155667
0.15	6.10118	0.159696	0.00111692	0.000166845
0.16	6.0962	0.170386	0.00111601	0.000178014
0.17	6.09122	0.181068	0.0011151	0.000189174
0.18	6.08624	0.191741	0.00111419	0.000200325
0.19	6.08127	0.202406	0.00111328	0.000211467
0.2	6.0763	0.213061	0.00111237	0.0002226
0.21	6.07134	0.223708	0.00111146	0.000233724
0.22	6.06638	0.234347	0.00111055	0.000244838
0.23	6.06142	0.244976	0.00110964	0.000255944
0.24	6.05647	0.255597	0.00110874	0.00026704
0.25	6.05152	0.26621	0.00110783	0.000278127
0.26	6.04658	0.276813	0.00110692	0.000289206
0.27	6.04164	0.287408	0.00110602	0.000300275
0.28	6.03671	0.297994	0.00110512	0.000311335
0.29	6.03177	0.308572	0.00110421	0.000322386
0.3	6.02685	0.319141	0.00110331	0.000333429
0.31	6.02192	0.329701	0.00110241	0.000344462
0.32	6.017	0.340253	0.00110151	0.000355486
0.33	6.01209	0.350796	0.00110061	0.000366501
0.34	6.00718	0.361331	0.00109971	0.000377507
0.35	6.00227	0.371856	0.00109881	0.000388504
0.36	5.99737	0.382374	0.00109792	0.000399492
0.37	5.99247	0.392882	0.00109702	0.000410471
0.38	5.98757	0.403383	0.00109612	0.000421442
0.39	5.98268	0.413874	0.00109523	0.000432403
0.4	5.97779	0.424357	0.00109433	0.000443355
0.41	5.97291	0.434831	0.00109344	0.000454298
0.42	5.96803	0.445297	0.00109254	0.000465233
0.43	5.96315	0.455755	0.00109165	0.000476158
0.44	5.95828	0.466203	0.00109076	0.000487075
0.45	5.95342	0.476643	0.00108987	0.000497982
0.46	5.94855	0.487075	0.00108898	0.000508881
0.47	5.94369	0.497498	0.00108809	0.000519771
0.48	5.93884	0.507913	0.0010872	0.000530652
0.49	5.93399	0.518319	0.00108631	0.000541524
0.5	5.92914	0.528717	0.00108542	0.000552387
0.51	5.92429	0.539106	0.00108454	0.000563241
0.52	5.91945	0.549487	0.00108365	0.000574086
0.53	5.91462	0.559859	0.00108277	0.000584923
0.54	5.90979	0.570222	0.00108188	0.000595751
0.55	5.90496	0.580578	0.001081	0.000606569
0.56	5.90013	0.590924	0.00108012	0.000617379
0.57	5.89531	0.601263	0.00107923	0.000628181
0.58	5.8905	0.611593	0.00107835	0.000638973
0.59	5.88569	0.621914	0.00107747	0.000649756
0.6	5.88088	0.632227	0.00107659	0.000660531
0.61	5.87607	0.642532	0.00107571	0.000671297
0.62	5.87127	0.652828	0.00107483	0.000682054
0.63	5.86648	0.663116	0.00107395	0.000692802
0.64	5.86169	0.673395	0.00107308	0.000703542
0.65	5.8569	0.683666	0.0010722	0.000714273
0.66	5.85211	0.693928	0.00107132	0.000724995
0.67	5.84733	0.704183	0.00107045	0.000735708
0.68	5.84255	0.714428	0.00106957	0.000746413
0.69	5.83778	0.724666	0.0010687	0.000757108
0.7	5.83301	0.734895	0.00106783	0.000767795
0.71	5.82825	0.745116	0.00106696	0.000778474
0.72	5.82349	0.755328	0.00106608	0.000789143
0.73	5.81873	0.765532	0.00106521	0.000799804
0.74	5.81398	0.775728	0.00106434	0.000810456
0.75	5.80923	0.785915	0.00106347	0.0008211
0.76	5.80448	0.796094	0.0010626	0.000831734
0.77	5.79974	0.806265	0.00106174	0.00084236
0.78	5.795	0.816427	0.00106087	0.000852978
0.79	5.79027	0.826581	0.00106	0.000863586
0.8	5.78554	0.836727	0.00105914	0.000874186
0.81	5.78081	0.846864	0.00105827	0.000884778
0.82	5.77609	0.856994	0.00105741	0.00089536
0.83	5.77137	0.867115	0.00105654	0.000905934
0.84	5.76665	0.877227	0.00105568	0.0009165
0.85	5.76194	0.887332	0.00105482	0.000927057
0.86	5.75724	0.897428	0.00105396	0.000937605
0.87	5.75253	0.907516	0.00105309	0.000948144
0.88	5.74783	0.917596	0.00105223	0.000958675
0.89	5.74314	0.927667	0.00105137	0.000969198
0.9	5.73845	0.93773	0.00105052	0.000979711
0.91	5.73376	0.947785	0.00104966	0.000990217
0.92	5.72907	0.957832	0.0010488	0.00100071
0.93	5.72439	0.967871	0.00104794	0.0010112
0.94	5.71972	0.977901	0.00104709	0.00102168
0.95	5.71504	0.987923	0.00104623	0.00103215
0.96	5.71038	0.997937	0.00104538	0.00104261
0.97	5.70571	1.00794	0.00104452	0.00105307
0.98	5.70105	1.01794	0.00104367	0.00106351
0.99	5.69639	1.02793	0.00104282	0.00107395
1	5.69174	1.03791	0.00104197	0.00108438
1.01	5.68709	1.04788	0.00104111	0.0010948
1.02	5.68244	1.05785	0.00104026	0.00110521
1.03	5.6778	1.06781	0.00103941	0.00111561
1.04	5.67316	1.07776	0.00103856	0.00112601
1.05	5.66853	1.0877	0.00103772	0.00113639
1.06	5.6639	1.09763	0.00103687	0.00114677
1.07	5.65927	1.10755	0.00103602	0.00115714
1.08	5.65465	1.11747	0.00103517	0.0011675
1.09	5.65003	1.12738	0.00103433	0.00117785
1.1	5.64541	1.13728	0.00103348	0.00118819
1.11	5.6408	1.14717	0.00103264	0.00119853
1.12	5.63619	1.15705	0.0010318	0.00120885
1.13	5.63159	1.16693	0.00103095	0.00121917
1.14	5.62699	1.1768	0.00103011	0.00122948
1.15	5.62239	1.18666	0.00102927	0.00123978
1.16	5.6178	1.19651	0.00102843	0.00125007
1.17	5.61321	1.20635	0.00102759	0.00126036
1.18	5.60862	1.21619	0.00102675	0.00127063
1.19	5.60404	1.22601	0.00102591	0.0012809
1.2	5.59946	1.23583	0.00102507	0.00129116
1.21	5.59489	1.24565	0.00102424	0.00130141
1.22	5.59032	1.25545	0.0010234	0.00131165
1.23	5.58575	1.26524	0.00102256	0.00132189
1.24	5.58119	1.27503	0.00102173	0.00133211
1.25	5.57663	1.28481	0.00102089	0.00134233
1.26	5.57207	1.29458	0.00102006	0.00135254
1.27	5.56752	1.30435	0.00101923	0.00136274
1.28	5.56297	1.3141	0.00101839	0.00137293
1.29	5.55843	1.32385	0.00101756	0.00138312
1.3	5.55389	1.33359	0.00101673	0.00139329
1.31	5.54935	1.34332	0.0010159	0.00140346
1.32	5.54482	1.35304	0.00101507	0.00141362
1.33	5.54029	1.36276	0.00101424	0.00142377
1.34	5.53576	1.37247	0.00101341	0.00143391
1.35	5.53124	1.38217	0.00101258	0.00144405
1.36	5.52672	1.39186	0.00101176	0.00145417
1.37	5.5222	1.40154	0.00101093	0.00146429
1.38	5.51769	1.41122	0.0010101	0.0014744
1.39	5.51319	1.42089	0.00100928	0.0014845
1.4	5.50868	1.43055	0.00100845	0.00149459
1.41	5.50418	1.4402	0.00100763	0.00150468
1.42	5.49968	1.44985	0.00100681	0.00151475
1.43	5.49519	1.45948	0.00100598	0.00152482
1.44	5.4907	1.46911	0.00100516	0.00153488
1.45	5.48622	1.47873	0.00100434	0.00154493
1.46	5.48174	1.48834	0.00100352	0.00155498
1.47	5.47726	1.49795	0.0010027	0.00156501
1.48	5.47278	1.50755	0.00100188	0.00157504
1.49	5.46831	1.51714	0.00100106	0.00158506
1.5	5.46384	1.52672	0.00100025	0.00159507
1.51	5.45938	1.53629	0.000999428	0.00160507
1.52	5.45492	1.54586	0.000998612	0.00161506
1.53	5.45047	1.55542	0.000997796	0.00162505
1.54	5.44601	1.56497	0.000996981	0.00163503
1.55	5.44156	1.57451	0.000996167	0.001645
1.56	5.43712	1.58404	0.000995353	0.00165496
1.57	5.43268	1.59357	0.00099454	0.00166491
1.58	5.42824	1.60309	0.000993727	0.00167486
1.59	5.4238	1.6126	0.000992915	0.0016848
1.6	5.41937	1.62211	0.000992104	0.00169473
1.61	5.41495	1.6316	0.000991294	0.00170465
1.62	5.41052	1.64109	0.000990484	0.00171456
1.63	5.4061	1.65057	0.000989675	0.00172446
1.64	5.40169	1.66004	0.000988866	0.00173436
1.65	5.39727	1.66951	0.000988059	0.00174425
1.66	5.39286	1.67896	0.000987251	0.00175413
1.67	5.38846	1.68841	0.000986445	0.001764
1.68	5.38406	1.69786	0.000985639	0.00177387
1.69	5.37966	1.70729	0.000984834	0.00178372
1.7	5.37526	1.71672	0.000984029	0.00179357
1.71	5.37087	1.72614	0.000983225	0.00180341
1.72	5.36648	1.73555	0.000982422	0.00181324
1.73	5.3621	1.74495	0.00098162	0.00182307
1.74	5.35772	1.75434	0.000980818	0.00183289
1.75	5.35334	1.76373	0.000980016	0.00184269
1.76	5.34897	1.77311	0.000979216	0.00185249
1.77	5.3446	1.78249	0.000978416	0.00186229
1.78	5.34023	1.79185	0.000977617	0.00187207
1.79	5.33587	1.80121	0.000976818	0.00188185
1.8	5.33151	1.81056	0.00097602	0.00189161
1.81	5.32716	1.8199	0.000975223	0.00190137
1.82	5.3228	1.82923	0.000974426	0.00191113
1.83	5.31846	1.83856	0.00097363	0.00192087
1.84	5.31411	1.84788	0.000972835	0.00193061
1.85	5.30977	1.85719	0.00097204	0.00194034
1.86	5.30543	1.86649	0.000971246	0.00195006
1.87	5.3011	1.87579	0.000970452	0.00195977
1.88	5.29677	1.88508	0.000969659	0.00196947
1.89	5.29244	1.89436	0.000968867	0.00197917
1.9	5.28812	1.90363	0.000968076	0.00198886
1.91	5.2838	1.9129	0.000967285	0.00199854
1.92	5.27948	1.92216	0.000966495	0.00200821
1.93	5.27517	1.93141	0.000965705	0.00201788
1.94	5.27086	1.94065	0.000964916	0.00202753
1.95	5.26655	1.94989	0.000964128	0.00203718
1.96	5.26225	1.95912	0.00096334	0.00204682
1.97	5.25795	1.96834	0.000962553	0.00205646
1.98	5.25366	1.97755	0.000961767	0.00206608
1.99	5.24936	1.98676	0.000960981	0.0020757
2	5.24508	1.99595	0.000960196	0.00208531
2.01	5.24079	2.00514	0.000959412	0.00209491
2.02	5.23651	2.01433	0.000958628	0.00210451
2.03	5.23223	2.0235	0.000957845	0.00211409
2.04	5.22796	2.03267	0.000957063	0.00212367
2.05	5.22369	2.04183	0.000956281	0.00213324
2.06	5.21942	2.05098	0.0009555	0.0021428
2.07	5.21516	2.06013	0.000954719	0.00215236
2.08	5.21089	2.06927	0.000953939	0.00216191
2.09	5.20664	2.0784	0.00095316	0.00217145
2.1	5.20238	2.08752	0.000952381	0.00218098
2.11	5.19813	2.09664	0.000951603	0.0021905
2.12	5.19389	2.10575	0.000950826	0.00220002
2.13	5.18965	2.11485	0.000950049	0.00220953
2.14	5.18541	2.12394	0.000949273	0.00221903
2.15	5.18117	2.13303	0.000948497	0.00222852
2.16	5.17694	2.1421	0.000947722	0.002238
2.17	5.17271	2.15118	0.000946948	0.00224748
2.18	5.16848	2.16024	0.000946175	0.00225695
2.19	5.16426	2.1693	0.000945402	0.00226641
2.2	5.16004	2.17834	0.000944629	0.00227587
2.21	5.15583	2.18739	0.000943858	0.00228531
2.22	5.15161	2.19642	0.000943087	0.00229475
2.23	5.14741	2.20545	0.000942316	0.00230418
2.24	5.1432	2.21447	0.000941546	0.00231361
2.25	5.139	2.22348	0.000940777	0.00232302
2.26	5.1348	2.23248	0.000940009	0.00233243
2.27	5.13061	2.24148	0.000939241	0.00234183
2.28	5.12641	2.25047	0.000938473	0.00235122
2.29	5.12223	2.25945	0.000937707	0.00236061
2.3	5.11804	2.26843	0.000936941	0.00236998
2.31	5.11386	2.2774	0.000936175	0.00237935
2.32	5.10968	2.28636	0.000935411	0.00238871
2.33	5.10551	2.29531	0.000934646	0.00239807
2.34	5.10134	2.30426	0.000933883	0.00240741
2.35	5.09717	2.31319	0.00093312	0.00241675
2.36	5.09301	2.32213	0.000932358	0.00242608
2.37	5.08885	2.33105	0.000931596	0.00243541
2.38	5.08469	2.33997	0.000930835	0.00244472
2.39	5.08053	2.34888	0.000930074	0.00245403
2.4	5.07638	2.35778	0.000929315	0.00246333
2.41	5.07224	2.36667	0.000928555	0.00247263
2.42	5.06809	2.37556	0.000927797	0.00248191
2.43	5.06395	2.38444	0.000927039	0.00249119
2.44	5.05982	2.39331	0.000926282	0.00250046
2.45	5.05568	2.40218	0.000925525	0.00250972
2.46	5.05155	2.41104	0.000924769	0.00251898
2.47	5.04743	2.41989	0.000924013	0.00252823
2.48	5.0433	2.42873	0.000923259	0.00253747
2.49	5.03918	2.43757	0.000922504	0.0025467
2.5	5.03507	2.4464	0.000921751	0.00255592
2.51	5.03095	2.45522	0.000920998	0.00256514
2.52	5.02684	2.46404	0.000920245	0.00257435
2.53	5.02274	2.47285	0.000919494	0.00258355
2.54	5.01863	2.48165	0.000918742	0.00259275
2.55	5.01453	2.49044	0.000917992	0.00260194
2.56	5.01044	2.49923	0.000917242	0.00261112
2.57	5.00634	2.50801	0.000916493	0.00262029
2.58	5.00225	2.51678	0.000915744	0.00262945
2.59	4.99817	2.52555	0.000914996	0.00263861
2.6	4.99408	2.5343	0.000914248	0.00264776
2.61	4.99	2.54305	0.000913501	0.0026569
2.62	4.98593	2.5518	0.000912755	0.00266604
2.63	4.98185	2.56053	0.00091201	0.00267517
2.64	4.97779	2.56926	0.000911264	0.00268429
2.65	4.97372	2.57799	0.00091052	0.0026934
2.66	4.96966	2.5867	0.000909776	0.0027025
2.67	4.9656	2.59541	0.000909033	0.0027116
2.68	4.96154	2.60411	0.00090829	0.00272069
2.69	4.95749	2.6128	0.000907548	0.00272978
2.7	4.95344	2.62149	0.000906793	0.00273885
2.71	4.94939	2.63017	0.00090602	0.00274792
2.72	4.94535	2.63884	0.000905229	0.00275698
2.73	4.94131	2.6475	0.000904419	0.00276603
2.74	4.93727	2.65616	0.000903592	0.00277508
2.75	4.93324	2.66481	0.000902745	0.00278411
2.76	4.92921	2.67345	0.000901881	0.00279314
2.77	4.92519	2.68208	0.000900998	0.00280216
2.78	4.92116	2.69071	0.000900097	0.00281117
2.79	4.91715	2.69932	0.000899178	0.00282017
2.8	4.91314	2.70793	0.000898241	0.00282916
2.81	4.90913	2.71653	0.000897285	0.00283814
2.82	4.90512	2.72511	0.000896311	0.00284712
2.83	4.90112	2.73369	0.000895319	0.00285608
2.84	4.89713	2.74226	0.000894309	0.00286503
2.85	4.89314	2.75082	0.00089328	0.00287397
2.86	4.88915	2.75937	0.000892233	0.00288291
2.87	4.88517	2.76791	0.000891168	0.00289183
2.88	4.88119	2.77644	0.000890085	0.00290074
2.89	4.87722	2.78496	0.000888984	0.00290964
2.9	4.87325	2.79347	0.000887865	0.00291853
2.91	4.86929	2.80197	0.000886728	0.00292741
2.92	4.86533	2.81046	0.000885572	0.00293628
2.93	4.86138	2.81893	0.000884398	0.00294513
2.94	4.85744	2.8274	0.000883207	0.00295398
2.95	4.85349	2.83585	0.000881997	0.00296281
2.96	4.84956	2.84429	0.000880769	0.00297163
2.97	4.84563	2.85272	0.000879523	0.00298044
2.98	4.8417	2.86114	0.00087826	0.00298923
2.99	4.83778	2.86955	0.000876978	0.00299802
3	4.83387	2.87794	0.000875678	0.00300679
3.01	4.82996	2.88632	0.000874361	0.00301554
3.02	4.82606	2.89469	0.000873025	0.00302429
3.03	4.82217	2.90305	0.000871671	0.00303302
3.04	4.81828	2.91139	0.0008703	0.00304173
3.05	4.81439	2.91972	0.000868911	0.00305044
3.06	4.81051	2.92804	0.000867504	0.00305912
3.07	4.80664	2.93634	0.000866079	0.0030678
3.08	4.80278	2.94463	0.000864636	0.00307646
3.09	4.79892	2.95291	0.000863176	0.00308511
3.1	4.79507	2.96117	0.000861698	0.00309374
3.11	4.79122	2.96942	0.000860202	0.00310236
3.12	4.78738	2.97765	0.000858688	0.00311096
3.13	4.78355	2.98587	0.000857157	0.00311954
3.14	4.77973	2.99407	0.000855608	0.00312812
3.15	4.77591	3.00226	0.000854041	0.00313667
3.16	4.7721	3.01044	0.000852457	0.00314521
3.17	4.76829	3.0186	0.000850855	0.00315374
3.18	4.7645	3.02674	0.000849236	0.00316225
3.19	4.76071	3.03487	0.000847599	0.00317074
3.2	4.75693	3.04298	0.000845945	0.00317921
3.21	4.75315	3.05108	0.000844273	0.00318767
3.22	4.74938	3.05916	0.000842584	0.00319612
3.23	4.74562	3.06723	0.000840877	0.00320454
3.24	4.74187	3.07527	0.000839153	0.00321295
3.25	4.73813	3.08331	0.000837412	0.00322134
3.26	4.73439	3.09132	0.000835653	0.00322972
3.27	4.73066	3.09932	0.000833877	0.00323807
3.28	4.72694	3.1073	0.000832084	0.00324641
3.29	4.72323	3.11527	0.000830273	0.00325473
3.3	4.71952	3.12321	0.000828446	0.00326304
3.31	4.71582	3.13114	0.000826601	0.00327132
3.32	4.71213	3.13905	0.000824739	0.00327959
3.33	4.70845	3.14695	0.00082286	0.00328783
3.34	4.70478	3.15482	0.000820964	0.00329606
3.35	4.70112	3.16268	0.000819051	0.00330427
3.36	4.69746	3.17052	0.000817121	0.00331246
3.37	4.69382	3.17834	0.000815174	0.00332063
3.38	4.69018	3.18614	0.00081321	0.00332878
3.39	4.68655	3.19393	0.000811229	0.00333692
3.4	4.68293	3.20169	0.000809231	0.00334503
3.41	4.67932	3.20944	0.000807217	0.00335312
3.42	4.67572	3.21716	0.000805185	0.00336119
3.43	4.67212	3.22487	0.000803137	0.00336925
3.44	4.66854	3.23256	0.000801073	0.00337728
3.45	4.66497	3.24023	0.000798991	0.00338529
3.46	4.6614	3.24787	0.000796893	0.00339328
3.47	4.65784	3.2555	0.000794779	0.00340125
3.48	4.6543	3.26311	0.000792648	0.00340919
3.49	4.65076	3.2707	0.0007905	0.00341712
3.5	4.64723	3.27826	0.000788336	0.00342503
3.51	4.64371	3.28581	0.000786156	0.00343291
3.52	4.64021	3.29333	0.000783959	0.00344077
3.53	4.63671	3.30084	0.000781746	0.00344861
3.54	4.63322	3.30832	0.000779516	0.00345643
3.55	4.62974	3.31578	0.00077727	0.00346422
3.56	4.62627	3.32322	0.000775008	0.003472
3.57	4.62281	3.33064	0.00077273	0.00347975
3.58	4.61937	3.33803	0.000770436	0.00348747
3.59	4.61593	3.34541	0.000768126	0.00349518
3.6	4.6125	3.35276	0.0007658	0.00350286
3.61	4.60908	3.36009	0.000763457	0.00351052
3.62	4.60568	3.3674	0.000761099	0.00351815
3.63	4.60228	3.37468	0.000758725	0.00352576
3.64	4.59889	3.38194	0.000756335	0.00353335
3.65	4.59552	3.38918	0.000753929	0.00354091
3.66	4.59215	3.3964	0.000751508	0.00354845
3.67	4.5888	3.40359	0.00074907	0.00355597
3.68	4.58546	3.41076	0.000746617	0.00356346
3.69	4.58213	3.41791	0.000744149	0.00357092
3.7	4.57881	3.42503	0.000741665	0.00357837
3.71	4.5755	3.43213	0.000739165	0.00358578
3.72	4.5722	3.4392	0.00073665	0.00359317
3.73	4.56891	3.44626	0.00073412	0.00360054
3.74	4.56563	3.45328	0.000731574	0.00360788
3.75	4.56237	3.46028	0.000729013	0.0036152
3.76	4.55912	3.46726	0.000726436	0.00362249
3.77	4.55587	3.47421	0.000723845	0.00362975
3.78	4.55264	3.48114	0.000721238	0.00363699
3.79	4.54943	3.48805	0.000718616	0.0036442
3.8	4.54622	3.49492	0.000715979	0.00365139
3.81	4.54302	3.50178	0.000713327	0.00365855
3.82	4.53984	3.50861	0.00071066	0.00366568
3.83	4.53667	3.51541	0.000707978	0.00367279
3.84	4.53351	3.52218	0.000705281	0.00367987
3.85	4.53036	3.52893	0.00070257	0.00368692
3.86	4.52723	3.53566	0.000699843	0.00369395
3.87	4.5241	3.54236	0.000697103	0.00370095
3.88	4.52099	3.54903	0.000694347	0.00370792
3.89	4.5179	3.55568	0.000691577	0.00371486
3.9	4.51481	3.5623	0.000688792	0.00372178
3.91	4.51174	3.56889	0.000685993	0.00372866
3.92	4.50867	3.57545	0.000683179	0.00373552
3.93	4.50563	3.58199	0.000680351	0.00374235
3.94	4.50259	3.5885	0.000677509	0.00374916
3.95	4.49957	3.59499	0.000674653	0.00375593
3.96	4.49656	3.60145	0.000671782	0.00376268
3.97	4.49356	3.60788	0.000668897	0.0037694
3.98	4.49057	3.61428	0.000665998	0.00377609
3.99	4.4876	3.62065	0.000663086	0.00378275
4	4.48464	3.627	0.000660159	0.00378938
4.01	4.4817	3.63332	0.000657218	0.00379598
4.02	4.47876	3.63961	0.000654263	0.00380255
4.03	4.47584	3.64587	0.000651295	0.00380909
4.04	4.47294	3.65211	0.000648313	0.00381561
4.05	4.47004	3.65831	0.000645317	0.00382209
4.06	4.46716	3.66449	0.000642308	0.00382854
4.07	4.4643	3.67064	0.000639285	0.00383497
4.08	4.46145	3.67675	0.000636249	0.00384136
4.09	4.45861	3.68284	0.000633199	0.00384772
4.1	4.45578	3.68891	0.000630136	0.00385405
4.11	4.45297	3.69494	0.00062706	0.00386036
4.12	4.45017	3.70094	0.00062397	0.00386663
4.13	4.44739	3.70691	0.000620868	0.00387287
4.14	4.44462	3.71285	0.000617752	0.00387907
4.15	4.44186	3.71877	0.000614623	0.00388525
4.16	4.43912	3.72465	0.000611481	0.0038914
4.17	4.43639	3.7305	0.000608326	0.00389751
4.18	4.43367	3.73632	0.000605159	0.0039036
4.19	4.43097	3.74212	0.000601978	0.00390965
4.2	4.42829	3.74788	0.000598785	0.00391567
4.21	4.42561	3.75361	0.000595579	0.00392166
4.22	4.42296	3.75931	0.000592361	0.00392761
4.23	4.42031	3.76498	0.00058913	0.00393353
4.24	4.41768	3.77062	0.000585887	0.00393943
4.25	4.41507	3.77623	0.000582631	0.00394528
4.26	4.41247	3.7818	0.000579363	0.00395111
4.27	4.40988	3.78735	0.000576083	0.0039569
4.28	4.40731	3.79286	0.00057279	0.00396267
4.29	4.40476	3.79835	0.000569486	0.00396839
4.3	4.40222	3.8038	0.000566169	0.00397409
4.31	4.39969	3.80922	0.00056284	0.00397975
4.32	4.39718	3.8146	0.0005595	0.00398538
4.33	4.39468	3.81996	0.000556147	0.00399097
4.34	4.3922	3.82528	0.000552783	0.00399653
4.35	4.38973	3.83057	0.000549407	0.00400206
4.36	4.38728	3.83583	0.000546019	0.00400756
4.37	4.38484	3.84106	0.00054262	0.00401302
4.38	4.38242	3.84625	0.000539209	0.00401844
4.39	4.38002	3.85141	0.000535787	0.00402384
4.4	4.37763	3.85654	0.000532354	0.00402919
4.41	4.37525	3.86164	0.000528909	0.00403452
4.42	4.37289	3.8667	0.000525453	0.00403981
4.43	4.37054	3.87173	0.000521986	0.00404506
4.44	4.36822	3.87672	0.000518507	0.00405028
4.45	4.3659	3.88169	0.000515018	0.00405547
4.46	4.3636	3.88662	0.000511517	0.00406062
4.47	4.36132	3.89151	0.000508006	0.00406573
4.48	4.35905	3.89637	0.000504484	0.00407081
4.49	4.3568	3.9012	0.000500951	0.00407586
4.5	4.35457	3.906	0.000497408	0.00408087
4.51	4.35235	3.91076	0.000493854	0.00408584
4.52	4.35014	3.91549	0.000490289	0.00409078
4.53	4.34796	3.92018	0.000486714	0.00409568
4.54	4.34578	3.92484	0.000483129	0.00410055
4.55	4.34363	3.92946	0.000479533	0.00410538
4.56	4.34149	3.93405	0.000475927	0.00411017
4.57	4.33936	3.93861	0.000472311	0.00411493
4.58	4.33726	3.94313	0.000468685	0.00411966
4.59	4.33516	3.94761	0.000465048	0.00412434
4.6	4.33309	3.95206	0.000461402	0.00412899
4.61	4.33103	3.95648	0.000457746	0.00413361
4.62	4.32899	3.96086	0.00045408	0.00413819
4.63	4.32696	3.96521	0.000450404	0.00414273
4.64	4.32495	3.96952	0.000446719	0.00414723
4.65	4.32296	3.97379	0.000443024	0.0041517
4.66	4.32098	3.97804	0.00043932	0.00415613
4.67	4.31902	3.98224	0.000435606	0.00416052
4.68	4.31708	3.98641	0.000431883	0.00416488
4.69	4.31515	3.99054	0.00042815	0.0041692
4.7	4.31324	3.99464	0.000424409	0.00417348
4.71	4.31135	3.9987	0.000420658	0.00417772
4.72	4.30947	4.00273	0.000416898	0.00418193
4.73	4.30761	4.00672	0.000413129	0.0041861
4.74	4.30576	4.01067	0.000409351	0.00419023
4.75	4.30394	4.01459	0.000405565	0.00419432
4.76	4.30213	4.01847	0.000401769	0.00419838
4.77	4.30033	4.02232	0.000397965	0.0042024
4.78	4.29856	4.02613	0.000394153	0.00420637
4.79	4.2968	4.0299	0.000390331	0.00421032
4.8	4.29506	4.03364	0.000386502	0.00421422
4.81	4.29333	4.03734	0.000382664	0.00421808
4.82	4.29163	4.041	0.000378817	0.00422191
4.83	4.28994	4.04463	0.000374963	0.0042257
4.84	4.28826	4.04821	0.0003711	0.00422945
4.85	4.28661	4.05177	0.000367229	0.00423316
4.86	4.28497	4.05528	0.00036335	0.00423683
4.87	4.28335	4.05876	0.000359463	0.00424047
4.88	4.28174	4.0622	0.000355568	0.00424406
4.89	4.28015	4.0656	0.000351666	0.00424762
4.9	4.27859	4.06897	0.000347756	0.00425113
4.91	4.27703	4.0723	0.000343838	0.00425461
4.92	4.2755	4.07559	0.000339912	0.00425805
4.93	4.27398	4.07884	0.000335979	0.00426145
4.94	4.27248	4.08206	0.000332039	0.00426481
4.95	4.271	4.08524	0.000328091	0.00426813
4.96	4.26954	4.08838	0.000324136	0.00427141
4.97	4.26809	4.09148	0.000320174	0.00427465
4.98	4.26666	4.09454	0.000316205	0.00427785
4.99	4.26525	4.09757	0.000312228	0.00428101
5	4.26386	4.10056	0.000308245	0.00428414
5.01	4.26248	4.10351	0.000304255	0.00428722
5.02	4.26112	4.10642	0.000300258	0.00429026
5.03	4.25978	4.1093	0.000296254	0.00429326
5.04	4.25846	4.11213	0.000292243	0.00429623
5.05	4.25716	4.11493	0.000288226	0.00429915
5.06	4.25587	4.11769	0.000284203	0.00430203
5.07	4.2546	4.12041	0.000280172	0.00430487
5.08	4.25335	4.12309	0.000276136	0.00430767
5.09	4.25212	4.12573	0.000272093	0.00431044
5.1	4.25091	4.12834	0.000268044	0.00431316
5.11	4.24971	4.1309	0.000263989	0.00431584
5.12	4.24853	4.13343	0.000259927	0.00431848
5.13	4.24737	4.13592	0.00025586	0.00432108
5.14	4.24623	4.13837	0.000251786	0.00432364
5.15	4.24511	4.14078	0.000247707	0.00432615
5.16	4.244	4.14315	0.000243621	0.00432863
5.17	4.24292	4.14548	0.00023953	0.00433107
5.18	4.24185	4.14777	0.000235433	0.00433346
5.19	4.2408	4.15002	0.000231331	0.00433582
5.2	4.23976	4.15224	0.000227223	0.00433813
5.21	4.23875	4.15441	0.000223109	0.0043404
5.22	4.23775	4.15655	0.00021899	0.00434263
5.23	4.23678	4.15864	0.000214865	0.00434482
5.24	4.23582	4.1607	0.000210735	0.00434697
5.25	4.23488	4.16272	0.0002066	0.00434908
5.26	4.23396	4.1647	0.000202459	0.00435114
5.27	4.23305	4.16663	0.000198314	0.00435317
5.28	4.23217	4.16853	0.000194163	0.00435515
5.29	4.2313	4.17039	0.000190006	0.00435709
5.3	4.23045	4.17221	0.000185845	0.00435899
5.31	4.22962	4.17399	0.000181679	0.00436085
5.32	4.22881	4.17573	0.000177508	0.00436267
5.33	4.22802	4.17743	0.000173331	0.00436444
5.34	4.22725	4.17908	0.00016915	0.00436618
5.35	4.22649	4.1807	0.000164964	0.00436787
5.36	4.22576	4.18228	0.000160772	0.00436952
5.37	4.22504	4.18382	0.000156576	0.00437113
5.38	4.22434	4.18532	0.000152375	0.00437269
5.39	4.22366	4.18678	0.000148169	0.00437422
5.4	4.223	4.1882	0.000143958	0.0043757
5.41	4.22236	4.18957	0.000139743	0.00437714
5.42	4.22173	4.19091	0.000135522	0.00437853
5.43	4.22113	4.19221	0.000131296	0.00437989
5.44	4.22054	4.19347	0.000127065	0.0043812
5.45	4.21998	4.19468	0.000122829	0.00438247
5.46	4.21943	4.19586	0.000118588	0.0043837
5.47	4.2189	4.19699	0.000114341	0.00438489
5.48	4.21839	4.19809	0.000110089	0.00438603
5.49	4.2179	4.19914	0.000105832	0.00438713
5.5	4.21742	4.20015	0.000101568	0.00438819
5.51	4.21697	4.20113	9.72986e-05	0.00438921
5.52	4.21654	4.20206	9.30229e-05	0.00439018
5.53	4.21612	4.20295	8.87405e-05	0.00439111
5.54	4.21573	4.2038	8.44511e-05	0.004392
5.55	4.21535	4.20461	8.01543e-05	0.00439284
5.56	4.21499	4.20537	7.58494e-05	0.00439364
