LeakagePort 1	Current turn 0.5	Pressure storage 15.4017	Pressure reaction 0.0147773
Elapsed	Storage	Reaction	Flow rate	Modelled cm3 H2	
0	15.4017	0.0147773	0.00326507	1.53855e-05
0.01	15.4017	0.0147773	0.00326507	1.53855e-05
0.02	15.3944	0.0303329	0.00326354	3.15813e-05
0.03	15.3872	0.0458812	0.003262	4.77695e-05
0.04	15.3799	0.0614222	0.00326047	6.395e-05
0.05	15.3727	0.0769559	0.00325893	8.0123e-05
0.06	15.3655	0.0924822	0.0032574	9.62883e-05
0.07	15.3582	0.108001	0.00325586	0.000112446
0.08	15.351	0.123513	0.00325433	0.000128596
0.09	15.3438	0.139017	0.0032528	0.000144739
0.1	15.3365	0.154515	0.00325127	0.000160874
0.11	15.3293	0.170004	0.00324974	0.000177001
0.12	15.3221	0.185487	0.00324821	0.000193121
0.13	15.3149	0.200962	0.00324668	0.000209233
0.14	15.3077	0.21643	0.00324515	0.000225337
0.15	15.3005	0.231891	0.00324362	0.000241434
0.16	15.2933	0.247344	0.0032421	0.000257524
0.17	15.2861	0.262791	0.00324057	0.000273606
0.18	15.2789	0.278229	0.00323905	0.00028968
0.19	15.2717	0.293661	0.00323752	0.000305747
0.2	15.2645	0.309085	0.003236	0.000321806
0.21	15.2573	0.324503	0.00323448	0.000337857
0.22	15.2501	0.339912	0.00323295	0.000353901
0.23	15.243	0.355315	0.00323143	0.000369938
0.24	15.2358	0.37071	0.00322991	0.000385967
0.25	15.2286	0.386098	0.00322839	0.000401988
0.26	15.2215	0.401479	0.00322687	0.000418002
0.27	15.2143	0.416853	0.00322535	0.000434008
0.28	15.2071	0.432219	0.00322383	0.000450007
0.29	15.2	0.447578	0.00322232	0.000465998
0.3	15.1928	0.46293	0.0032208	0.000481982
0.31	15.1857	0.478275	0.00321928	0.000497958
0.32	15.1785	0.493612	0.00321777	0.000513927
0.33	15.1714	0.508943	0.00321625	0.000529888
0.34	15.1642	0.524266	0.00321474	0.000545842
0.35	15.1571	0.539581	0.00321323	0.000561788
0.36	15.15	0.55489	0.00321171	0.000577726
0.37	15.1428	0.570192	0.0032102	0.000593658
0.38	15.1357	0.585486	0.00320869	0.000609581
0.39	15.1286	0.600773	0.00320718	0.000625497
0.4	15.1215	0.616053	0.00320567	0.000641406
0.41	15.1143	0.631325	0.00320416	0.000657307
0.42	15.1072	0.646591	0.00320265	0.000673201
0.43	15.1001	0.661849	0.00320115	0.000689087
0.44	15.093	0.6771	0.00319964	0.000704966
0.45	15.0859	0.692344	0.00319813	0.000720837
0.46	15.0788	0.70758	0.00319663	0.000736701
0.47	15.0717	0.72281	0.00319512	0.000752557
0.48	15.0646	0.738032	0.00319362	0.000768406
0.49	15.0575	0.753247	0.00319212	0.000784247
0.5	15.0504	0.768456	0.00319062	0.000800081
0.51	15.0433	0.783656	0.00318911	0.000815907
0.52	15.0363	0.79885	0.00318761	0.000831726
0.53	15.0292	0.814037	0.00318611	0.000847538
0.54	15.0221	0.829216	0.00318461	0.000863342
0.55	15.015	0.844388	0.00318311	0.000879139
0.56	15.008	0.859554	0.00318162	0.000894928
0.57	15.0009	0.874712	0.00318012	0.00091071
0.58	14.9939	0.889862	0.00317862	0.000926484
0.59	14.9868	0.905006	0.00317712	0.000942251
0.6	14.9797	0.920143	0.00317563	0.000958011
0.61	14.9727	0.935272	0.00317413	0.000973763
0.62	14.9656	0.950395	0.00317264	0.000989508
0.63	14.9586	0.96551	0.00317115	0.00100524
0.64	14.9516	0.980618	0.00316965	0.00102097
0.65	14.9445	0.995719	0.00316816	0.0010367
0.66	14.9375	1.01081	0.00316667	0.00105241
0.67	14.9305	1.0259	0.00316518	0.00106812
0.68	14.9234	1.04098	0.00316369	0.00108382
0.69	14.9164	1.05605	0.0031622	0.00109951
0.7	14.9094	1.07112	0.00316071	0.0011152
0.71	14.9024	1.08618	0.00315923	0.00113088
0.72	14.8954	1.10123	0.00315774	0.00114655
0.73	14.8883	1.11627	0.00315625	0.00116221
0.74	14.8813	1.13131	0.00315477	0.00117787
0.75	14.8743	1.14634	0.00315328	0.00119352
0.76	14.8673	1.16136	0.0031518	0.00120916
0.77	14.8603	1.17638	0.00315031	0.00122479
0.78	14.8533	1.19139	0.00314883	0.00124042
0.79	14.8463	1.20639	0.00314735	0.00125604
0.8	14.8394	1.22138	0.00314587	0.00127165
0.81	14.8324	1.23637	0.00314439	0.00128725
0.82	14.8254	1.25135	0.00314291	0.00130285
0.83	14.8184	1.26633	0.00314143	0.00131844
0.84	14.8114	1.28129	0.00313995	0.00133402
0.85	14.8045	1.29625	0.00313847	0.0013496
0.86	14.7975	1.3112	0.00313699	0.00136517
0.87	14.7905	1.32615	0.00313552	0.00138073
0.88	14.7836	1.34109	0.00313404	0.00139628
0.89	14.7766	1.35602	0.00313257	0.00141183
0.9	14.7697	1.37094	0.00313109	0.00142736
0.91	14.7627	1.38586	0.00312962	0.00144289
0.92	14.7558	1.40077	0.00312815	0.00145842
0.93	14.7488	1.41567	0.00312667	0.00147394
0.94	14.7419	1.43057	0.0031252	0.00148944
0.95	14.7349	1.44546	0.00312373	0.00150495
0.96	14.728	1.46034	0.00312226	0.00152044
0.97	14.7211	1.47522	0.00312079	0.00153593
0.98	14.7141	1.49008	0.00311932	0.00155141
0.99	14.7072	1.50495	0.00311785	0.00156688
1	14.7003	1.5198	0.00311639	0.00158235
1.01	14.6934	1.53465	0.00311492	0.00159781
1.02	14.6865	1.54949	0.00311345	0.00161326
1.03	14.6795	1.56432	0.00311199	0.0016287
1.04	14.6726	1.57915	0.00311052	0.00164414
1.05	14.6657	1.59397	0.00310906	0.00165957
1.06	14.6588	1.60878	0.0031076	0.00167499
1.07	14.6519	1.62358	0.00310613	0.0016904
1.08	14.645	1.63838	0.00310467	0.00170581
1.09	14.6381	1.65317	0.00310321	0.00172121
1.1	14.6312	1.66796	0.00310175	0.0017366
1.11	14.6244	1.68274	0.00310029	0.00175199
1.12	14.6175	1.69751	0.00309883	0.00176737
1.13	14.6106	1.71227	0.00309737	0.00178274
1.14	14.6037	1.72703	0.00309591	0.0017981
1.15	14.5968	1.74178	0.00309446	0.00181346
1.16	14.59	1.75652	0.003093	0.00182881
1.17	14.5831	1.77126	0.00309154	0.00184415
1.18	14.5762	1.78598	0.00309009	0.00185949
1.19	14.5694	1.80071	0.00308863	0.00187481
1.2	14.5625	1.81542	0.00308718	0.00189013
1.21	14.5557	1.83013	0.00308573	0.00190545
1.22	14.5488	1.84483	0.00308427	0.00192075
1.23	14.542	1.85952	0.00308282	0.00193605
1.24	14.5351	1.87421	0.00308137	0.00195134
1.25	14.5283	1.88889	0.00307992	0.00196663
1.26	14.5214	1.90357	0.00307847	0.00198191
1.27	14.5146	1.91823	0.00307702	0.00199718
1.28	14.5078	1.93289	0.00307557	0.00201244
1.29	14.5009	1.94754	0.00307413	0.0020277
1.3	14.4941	1.96219	0.00307268	0.00204294
1.31	14.4873	1.97683	0.00307123	0.00205819
1.32	14.4805	1.99146	0.00306979	0.00207342
1.33	14.4737	2.00609	0.00306834	0.00208865
1.34	14.4669	2.02071	0.0030669	0.00210387
1.35	14.46	2.03532	0.00306546	0.00211908
1.36	14.4532	2.04992	0.00306401	0.00213429
1.37	14.4464	2.06452	0.00306257	0.00214948
1.38	14.4396	2.07911	0.00306113	0.00216467
1.39	14.4328	2.09369	0.00305969	0.00217986
1.4	14.426	2.10827	0.00305825	0.00219504
1.41	14.4193	2.12284	0.00305681	0.00221021
1.42	14.4125	2.1374	0.00305537	0.00222537
1.43	14.4057	2.15196	0.00305393	0.00224052
1.44	14.3989	2.16651	0.00305249	0.00225567
1.45	14.3921	2.18105	0.00305106	0.00227081
1.46	14.3854	2.19559	0.00304962	0.00228595
1.47	14.3786	2.21012	0.00304819	0.00230108
1.48	14.3718	2.22464	0.00304675	0.0023162
1.49	14.365	2.23916	0.00304532	0.00233131
1.5	14.3583	2.25367	0.00304388	0.00234641
1.51	14.3515	2.26817	0.00304245	0.00236151
1.52	14.3448	2.28266	0.00304102	0.0023766
1.53	14.338	2.29715	0.00303959	0.00239169
1.54	14.3313	2.31163	0.00303816	0.00240677
1.55	14.3245	2.32611	0.00303673	0.00242184
1.56	14.3178	2.34057	0.0030353	0.0024369
1.57	14.311	2.35503	0.00303387	0.00245196
1.58	14.3043	2.36949	0.00303244	0.002467
1.59	14.2976	2.38394	0.00303101	0.00248205
1.6	14.2908	2.39838	0.00302959	0.00249708
1.61	14.2841	2.41281	0.00302816	0.00251211
1.62	14.2774	2.42724	0.00302674	0.00252713
1.63	14.2707	2.44166	0.00302531	0.00254214
1.64	14.264	2.45607	0.00302389	0.00255715
1.65	14.2572	2.47048	0.00302246	0.00257215
1.66	14.2505	2.48488	0.00302104	0.00258714
1.67	14.2438	2.49927	0.00301962	0.00260213
1.68	14.2371	2.51366	0.0030182	0.0026171
1.69	14.2304	2.52804	0.00301678	0.00263208
1.7	14.2237	2.54241	0.00301536	0.00264704
1.71	14.217	2.55677	0.00301394	0.002662
1.72	14.2103	2.57113	0.00301252	0.00267695
1.73	14.2037	2.58549	0.0030111	0.00269189
1.74	14.197	2.59983	0.00300968	0.00270683
1.75	14.1903	2.61417	0.00300827	0.00272176
1.76	14.1836	2.6285	0.00300685	0.00273668
1.77	14.1769	2.64283	0.00300544	0.00275159
1.78	14.1703	2.65715	0.00300402	0.0027665
1.79	14.1636	2.67146	0.00300261	0.0027814
1.8	14.1569	2.68576	0.00300119	0.0027963
1.81	14.1503	2.70006	0.00299978	0.00281118
1.82	14.1436	2.71435	0.00299837	0.00282606
1.83	14.1369	2.72864	0.00299696	0.00284093
1.84	14.1303	2.74292	0.00299555	0.0028558
1.85	14.1236	2.75719	0.00299414	0.00287066
1.86	14.117	2.77145	0.00299273	0.00288551
1.87	14.1103	2.78571	0.00299132	0.00290036
1.88	14.1037	2.79996	0.00298991	0.00291519
1.89	14.0971	2.81421	0.0029885	0.00293003
1.9	14.0904	2.82845	0.0029871	0.00294485
1.91	14.0838	2.84268	0.00298569	0.00295967
1.92	14.0772	2.8569	0.00298429	0.00297448
1.93	14.0705	2.87112	0.00298288	0.00298928
1.94	14.0639	2.88533	0.00298148	0.00300407
1.95	14.0573	2.89953	0.00298008	0.00301886
1.96	14.0507	2.91373	0.00297867	0.00303365
1.97	14.0441	2.92792	0.00297727	0.00304842
1.98	14.0375	2.94211	0.00297587	0.00306319
1.99	14.0308	2.95629	0.00297447	0.00307795
2	14.0242	2.97046	0.00297307	0.00309271
2.01	14.0176	2.98462	0.00297167	0.00310745
2.02	14.011	2.99878	0.00297027	0.00312219
2.03	14.0045	3.01293	0.00296887	0.00313693
2.04	13.9979	3.02707	0.00296747	0.00315165
2.05	13.9913	3.04121	0.00296608	0.00316637
2.06	13.9847	3.05534	0.00296468	0.00318109
2.07	13.9781	3.06947	0.00296329	0.00319579
2.08	13.9715	3.08359	0.00296189	0.00321049
2.09	13.9649	3.0977	0.0029605	0.00322518
2.1	13.9584	3.1118	0.0029591	0.00323987
2.11	13.9518	3.1259	0.00295771	0.00325454
2.12	13.9452	3.13999	0.00295632	0.00326922
2.13	13.9387	3.15408	0.00295493	0.00328388
2.14	13.9321	3.16815	0.00295354	0.00329854
2.15	13.9256	3.18222	0.00295215	0.00331319
2.16	13.919	3.19629	0.00295076	0.00332783
2.17	13.9124	3.21035	0.00294937	0.00334247
2.18	13.9059	3.2244	0.00294798	0.0033571
2.19	13.8994	3.23844	0.00294659	0.00337172
2.2	13.8928	3.25248	0.00294521	0.00338634
2.21	13.8863	3.26651	0.00294382	0.00340095
2.22	13.8797	3.28054	0.00294243	0.00341555
2.23	13.8732	3.29456	0.00294105	0.00343014
2.24	13.8667	3.30857	0.00293966	0.00344473
2.25	13.8601	3.32258	0.00293828	0.00345931
2.26	13.8536	3.33657	0.0029369	0.00347389
2.27	13.8471	3.35057	0.00293552	0.00348846
2.28	13.8406	3.36455	0.00293413	0.00350302
2.29	13.8341	3.37853	0.00293275	0.00351757
2.3	13.8276	3.3925	0.00293137	0.00353212
2.31	13.8211	3.40647	0.00292999	0.00354666
2.32	13.8145	3.42043	0.00292861	0.00356119
2.33	13.808	3.43438	0.00292723	0.00357572
2.34	13.8015	3.44833	0.00292586	0.00359024
2.35	13.795	3.46227	0.00292448	0.00360475
2.36	13.7886	3.4762	0.0029231	0.00361926
2.37	13.7821	3.49013	0.00292173	0.00363376
2.38	13.7756	3.50404	0.00292035	0.00364825
2.39	13.7691	3.51796	0.00291898	0.00366274
2.4	13.7626	3.53186	0.0029176	0.00367722
2.41	13.7561	3.54577	0.00291623	0.00369169
2.42	13.7497	3.55966	0.00291486	0.00370616
2.43	13.7432	3.57355	0.00291349	0.00372061
2.44	13.7367	3.58743	0.00291211	0.00373507
2.45	13.7303	3.6013	0.00291074	0.00374951
2.46	13.7238	3.61517	0.00290937	0.00376395
2.47	13.7173	3.62903	0.002908	0.00377838
2.48	13.7109	3.64288	0.00290664	0.0037928
2.49	13.7044	3.65673	0.00290527	0.00380722
2.5	13.698	3.67057	0.0029039	0.00382163
2.51	13.6915	3.68441	0.00290253	0.00383604
2.52	13.6851	3.69824	0.00290117	0.00385044
2.53	13.6786	3.71206	0.0028998	0.00386483
2.54	13.6722	3.72587	0.00289844	0.00387921
2.55	13.6658	3.73968	0.00289707	0.00389359
2.56	13.6593	3.75348	0.00289571	0.00390796
2.57	13.6529	3.76728	0.00289435	0.00392232
2.58	13.6465	3.78107	0.00289298	0.00393668
2.59	13.6401	3.79485	0.00289162	0.00395103
2.6	13.6336	3.80863	0.00289026	0.00396537
2.61	13.6272	3.8224	0.0028889	0.00397971
2.62	13.6208	3.83616	0.00288754	0.00399404
2.63	13.6144	3.84992	0.00288618	0.00400836
2.64	13.608	3.86367	0.00288482	0.00402268
2.65	13.6016	3.87741	0.00288347	0.00403699
2.66	13.5952	3.89115	0.00288211	0.00405129
2.67	13.5888	3.90488	0.00288075	0.00406559
2.68	13.5824	3.91861	0.0028794	0.00407988
2.69	13.576	3.93233	0.00287804	0.00409416
2.7	13.5696	3.94604	0.00287669	0.00410843
2.71	13.5632	3.95974	0.00287533	0.0041227
2.72	13.5568	3.97344	0.00287398	0.00413697
2.73	13.5504	3.98713	0.00287263	0.00415122
2.74	13.5441	4.00082	0.00287127	0.00416547
2.75	13.5377	4.0145	0.00286992	0.00417971
2.76	13.5313	4.02817	0.00286857	0.00419395
2.77	13.525	4.04184	0.00286722	0.00420818
2.78	13.5186	4.0555	0.00286587	0.0042224
2.79	13.5122	4.06915	0.00286452	0.00423662
2.8	13.5059	4.0828	0.00286317	0.00425083
2.81	13.4995	4.09644	0.00286183	0.00426503
2.82	13.4932	4.11007	0.00286048	0.00427922
2.83	13.4868	4.1237	0.00285913	0.00429341
2.84	13.4805	4.13732	0.00285779	0.00430759
2.85	13.4741	4.15094	0.00285644	0.00432177
2.86	13.4678	4.16455	0.0028551	0.00433594
2.87	13.4614	4.17815	0.00285375	0.0043501
2.88	13.4551	4.19175	0.00285241	0.00436426
2.89	13.4488	4.20534	0.00285107	0.00437841
2.9	13.4424	4.21892	0.00284973	0.00439255
2.91	13.4361	4.2325	0.00284839	0.00440668
2.92	13.4298	4.24607	0.00284704	0.00442081
2.93	13.4235	4.25963	0.0028457	0.00443493
2.94	13.4171	4.27319	0.00284436	0.00444905
2.95	13.4108	4.28674	0.00284303	0.00446316
2.96	13.4045	4.30028	0.00284169	0.00447726
2.97	13.3982	4.31382	0.00284035	0.00449136
2.98	13.3919	4.32736	0.00283901	0.00450545
2.99	13.3856	4.34088	0.00283768	0.00451953
3	13.3793	4.3544	0.00283634	0.0045336
3.01	13.373	4.36791	0.00283501	0.00454767
3.02	13.3667	4.38142	0.00283367	0.00456174
3.03	13.3604	4.39492	0.00283234	0.00457579
3.04	13.3541	4.40841	0.00283101	0.00458984
3.05	13.3478	4.4219	0.00282967	0.00460388
3.06	13.3416	4.43538	0.00282834	0.00461792
3.07	13.3353	4.44886	0.00282701	0.00463195
3.08	13.329	4.46233	0.00282568	0.00464597
3.09	13.3227	4.47579	0.00282435	0.00465999
3.1	13.3165	4.48924	0.00282302	0.004674
3.11	13.3102	4.50269	0.00282169	0.004688
3.12	13.3039	4.51614	0.00282036	0.004702
3.13	13.2977	4.52957	0.00281904	0.00471599
3.14	13.2914	4.54301	0.00281771	0.00472997
3.15	13.2851	4.55643	0.00281638	0.00474395
3.16	13.2789	4.56985	0.00281506	0.00475792
3.17	13.2726	4.58326	0.00281373	0.00477188
3.18	13.2664	4.59666	0.00281241	0.00478584
3.19	13.2601	4.61006	0.00281108	0.00479979
3.2	13.2539	4.62346	0.00280976	0.00481373
3.21	13.2477	4.63684	0.00280844	0.00482767
3.22	13.2414	4.65022	0.00280712	0.0048416
3.23	13.2352	4.6636	0.00280579	0.00485552
3.24	13.229	4.67696	0.00280447	0.00486944
3.25	13.2227	4.69032	0.00280315	0.00488335
3.26	13.2165	4.70368	0.00280183	0.00489726
3.27	13.2103	4.71703	0.00280052	0.00491116
3.28	13.2041	4.73037	0.0027992	0.00492505
3.29	13.1979	4.74371	0.00279788	0.00493893
3.3	13.1917	4.75704	0.00279656	0.00495281
3.31	13.1854	4.77036	0.00279525	0.00496668
3.32	13.1792	4.78368	0.00279393	0.00498055
3.33	13.173	4.79699	0.00279262	0.00499441
3.34	13.1668	4.81029	0.0027913	0.00500826
3.35	13.1606	4.82359	0.00278999	0.0050221
3.36	13.1544	4.83688	0.00278867	0.00503594
3.37	13.1483	4.85017	0.00278736	0.00504978
3.38	13.1421	4.86345	0.00278605	0.0050636
3.39	13.1359	4.87672	0.00278474	0.00507742
3.4	13.1297	4.88999	0.00278343	0.00509124
3.41	13.1235	4.90325	0.00278212	0.00510504
3.42	13.1173	4.91651	0.00278081	0.00511884
3.43	13.1112	4.92975	0.0027795	0.00513264
3.44	13.105	4.943	0.00277819	0.00514642
3.45	13.0988	4.95623	0.00277688	0.0051602
3.46	13.0927	4.96946	0.00277558	0.00517398
3.47	13.0865	4.98269	0.00277427	0.00518775
3.48	13.0803	4.9959	0.00277296	0.00520151
3.49	13.0742	5.00911	0.00277166	0.00521526
3.5	13.068	5.02232	0.00277035	0.00522901
3.51	13.0619	5.03552	0.00276905	0.00524275
3.52	13.0557	5.04871	0.00276775	0.00525649
3.53	13.0496	5.0619	0.00276644	0.00527022
3.54	13.0434	5.07508	0.00276514	0.00528394
3.55	13.0373	5.08825	0.00276384	0.00529765
3.56	13.0312	5.10142	0.00276254	0.00531136
3.57	13.025	5.11458	0.00276124	0.00532507
3.58	13.0189	5.12773	0.00275994	0.00533876
3.59	13.0128	5.14088	0.00275864	0.00535245
3.6	13.0066	5.15403	0.00275734	0.00536614
3.61	13.0005	5.16716	0.00275604	0.00537982
3.62	12.9944	5.18029	0.00275475	0.00539349
3.63	12.9883	5.19342	0.00275345	0.00540715
3.64	12.9822	5.20654	0.00275215	0.00542081
3.65	12.9761	5.21965	0.00275086	0.00543446
3.66	12.97	5.23275	0.00274956	0.00544811
3.67	12.9639	5.24585	0.00274827	0.00546174
3.68	12.9578	5.25895	0.00274698	0.00547538
3.69	12.9517	5.27203	0.00274568	0.005489
3.7	12.9456	5.28511	0.00274439	0.00550262
3.71	12.9395	5.29819	0.0027431	0.00551623
3.72	12.9334	5.31126	0.00274181	0.00552984
3.73	12.9273	5.32432	0.00274052	0.00554344
3.74	12.9212	5.33738	0.00273923	0.00555704
3.75	12.9151	5.35043	0.00273794	0.00557062
3.76	12.909	5.36347	0.00273665	0.0055842
3.77	12.903	5.37651	0.00273536	0.00559778
3.78	12.8969	5.38954	0.00273407	0.00561135
3.79	12.8908	5.40257	0.00273279	0.00562491
3.8	12.8848	5.41559	0.0027315	0.00563846
3.81	12.8787	5.4286	0.00273022	0.00565201
3.82	12.8726	5.44161	0.00272893	0.00566556
3.83	12.8666	5.45461	0.00272765	0.00567909
3.84	12.8605	5.46761	0.00272636	0.00569262
3.85	12.8545	5.48059	0.00272508	0.00570615
3.86	12.8484	5.49358	0.0027238	0.00571966
3.87	12.8424	5.50655	0.00272251	0.00573317
3.88	12.8363	5.51952	0.00272123	0.00574668
3.89	12.8303	5.53249	0.00271995	0.00576018
3.9	12.8242	5.54545	0.00271867	0.00577367
3.91	12.8182	5.5584	0.00271739	0.00578715
3.92	12.8122	5.57135	0.00271611	0.00580063
3.93	12.8061	5.58429	0.00271483	0.00581411
3.94	12.8001	5.59722	0.00271356	0.00582757
3.95	12.7941	5.61015	0.00271228	0.00584103
3.96	12.7881	5.62307	0.002711	0.00585449
3.97	12.782	5.63599	0.00270973	0.00586793
3.98	12.776	5.6489	0.00270845	0.00588137
3.99	12.77	5.6618	0.00270718	0.00589481
4	12.764	5.6747	0.0027059	0.00590824
4.01	12.758	5.68759	0.00270463	0.00592166
4.02	12.752	5.70048	0.00270336	0.00593508
4.03	12.746	5.71335	0.00270208	0.00594849
4.04	12.74	5.72623	0.00270081	0.00596189
4.05	12.734	5.7391	0.00269954	0.00597529
4.06	12.728	5.75196	0.00269827	0.00598868
4.07	12.722	5.76481	0.002697	0.00600206
4.08	12.716	5.77766	0.00269573	0.00601544
4.09	12.71	5.7905	0.00269446	0.00602881
4.1	12.704	5.80334	0.00269319	0.00604218
4.11	12.6981	5.81617	0.00269193	0.00605553
4.12	12.6921	5.829	0.00269066	0.00606889
4.13	12.6861	5.84182	0.00268939	0.00608223
4.14	12.6801	5.85463	0.00268813	0.00609557
4.15	12.6742	5.86744	0.00268686	0.00610891
4.16	12.6682	5.88024	0.0026856	0.00612224
4.17	12.6623	5.89303	0.00268433	0.00613556
4.18	12.6563	5.90582	0.00268307	0.00614887
4.19	12.6503	5.9186	0.00268181	0.00616218
4.2	12.6444	5.93138	0.00268054	0.00617548
4.21	12.6384	5.94415	0.00267928	0.00618878
4.22	12.6325	5.95692	0.00267802	0.00620207
4.23	12.6265	5.96967	0.00267676	0.00621535
4.24	12.6206	5.98243	0.0026755	0.00622863
4.25	12.6146	5.99517	0.00267424	0.0062419
4.26	12.6087	6.00791	0.00267298	0.00625517
4.27	12.6028	6.02065	0.00267172	0.00626843
4.28	12.5968	6.03338	0.00267047	0.00628168
4.29	12.5909	6.0461	0.00266921	0.00629493
4.3	12.585	6.05882	0.00266795	0.00630817
4.31	12.5791	6.07153	0.0026667	0.0063214
4.32	12.5731	6.08423	0.00266544	0.00633463
4.33	12.5672	6.09693	0.00266419	0.00634785
4.34	12.5613	6.10963	0.00266293	0.00636106
4.35	12.5554	6.12231	0.00266168	0.00637427
4.36	12.5495	6.13499	0.00266043	0.00638748
4.37	12.5436	6.14767	0.00265918	0.00640067
4.38	12.5377	6.16034	0.00265792	0.00641386
4.39	12.5318	6.173	0.00265667	0.00642705
4.4	12.5259	6.18566	0.00265542	0.00644023
4.41	12.52	6.19831	0.00265417	0.0064534
4.42	12.5141	6.21095	0.00265292	0.00646656
4.43	12.5082	6.22359	0.00265167	0.00647972
4.44	12.5023	6.23623	0.00265043	0.00649287
4.45	12.4964	6.24885	0.00264918	0.00650602
4.46	12.4905	6.26147	0.00264793	0.00651916
4.47	12.4847	6.27409	0.00264669	0.0065323
4.48	12.4788	6.2867	0.00264544	0.00654543
4.49	12.4729	6.2993	0.00264419	0.00655855
4.5	12.467	6.3119	0.00264295	0.00657166
4.51	12.4612	6.32449	0.00264171	0.00658477
4.52	12.4553	6.33708	0.00264046	0.00659788
4.53	12.4495	6.34966	0.00263922	0.00661098
4.54	12.4436	6.36223	0.00263798	0.00662407
4.55	12.4377	6.3748	0.00263674	0.00663715
4.56	12.4319	6.38736	0.0026355	0.00665023
4.57	12.426	6.39992	0.00263425	0.0066633
4.58	12.4202	6.41247	0.00263301	0.00667637
4.59	12.4143	6.42501	0.00263178	0.00668943
4.6	12.4085	6.43755	0.00263054	0.00670249
4.61	12.4027	6.45008	0.0026293	0.00671553
4.62	12.3968	6.46261	0.00262806	0.00672858
4.63	12.391	6.47513	0.00262682	0.00674161
4.64	12.3851	6.48765	0.00262559	0.00675464
4.65	12.3793	6.50015	0.00262435	0.00676767
4.66	12.3735	6.51266	0.00262312	0.00678068
4.67	12.3677	6.52515	0.00262188	0.00679369
4.68	12.3618	6.53765	0.00262062	0.0068067
4.69	12.356	6.55013	0.00261934	0.0068197
4.7	12.3502	6.56261	0.00261805	0.00683269
4.71	12.3444	6.57508	0.00261674	0.00684568
4.72	12.3386	6.58755	0.00261541	0.00685866
4.73	12.3328	6.60001	0.00261407	0.00687163
4.74	12.327	6.61246	0.0026127	0.0068846
4.75	12.3212	6.62491	0.00261132	0.00689756
4.76	12.3154	6.63735	0.00260993	0.00691051
4.77	12.3096	6.64979	0.00260851	0.00692346
4.78	12.3038	6.66222	0.00260708	0.0069364
4.79	12.298	6.67464	0.00260563	0.00694933
4.8	12.2922	6.68705	0.00260416	0.00696225
4.81	12.2864	6.69946	0.00260267	0.00697517
4.82	12.2807	6.71186	0.00260117	0.00698808
4.83	12.2749	6.72425	0.00259965	0.00700098
4.84	12.2691	6.73663	0.00259811	0.00701388
4.85	12.2633	6.74901	0.00259656	0.00702677
4.86	12.2576	6.76138	0.00259498	0.00703964
4.87	12.2518	6.77375	0.00259339	0.00705252
4.88	12.2461	6.7861	0.00259178	0.00706538
4.89	12.2403	6.79845	0.00259016	0.00707824
4.9	12.2346	6.81079	0.00258852	0.00709109
4.91	12.2288	6.82312	0.00258686	0.00710392
4.92	12.2231	6.83545	0.00258518	0.00711676
4.93	12.2173	6.84776	0.00258348	0.00712958
4.94	12.2116	6.86007	0.00258177	0.00714239
4.95	12.2059	6.87237	0.00258004	0.0071552
4.96	12.2001	6.88466	0.00257829	0.007168
4.97	12.1944	6.89695	0.00257653	0.00718079
4.98	12.1887	6.90922	0.00257474	0.00719357
4.99	12.183	6.92149	0.00257294	0.00720634
5	12.1773	6.93375	0.00257113	0.0072191
5.01	12.1715	6.946	0.00256929	0.00723186
5.02	12.1658	6.95824	0.00256744	0.0072446
5.03	12.1601	6.97047	0.00256557	0.00725734
5.04	12.1544	6.98269	0.00256368	0.00727006
5.05	12.1487	6.99491	0.00256178	0.00728278
5.06	12.1431	7.00711	0.00255986	0.00729549
5.07	12.1374	7.01931	0.00255792	0.00730818
5.08	12.1317	7.03149	0.00255596	0.00732087
5.09	12.126	7.04367	0.00255399	0.00733355
5.1	12.1204	7.05584	0.002552	0.00734622
5.11	12.1147	7.068	0.00254999	0.00735888
5.12	12.109	7.08015	0.00254796	0.00737153
5.13	12.1034	7.09228	0.00254592	0.00738416
5.14	12.0977	7.10441	0.00254386	0.00739679
5.15	12.0921	7.11653	0.00254178	0.00740941
5.16	12.0864	7.12864	0.00253969	0.00742202
5.17	12.0808	7.14074	0.00253757	0.00743462
5.18	12.0752	7.15283	0.00253544	0.0074472
5.19	12.0695	7.16491	0.0025333	0.00745978
5.2	12.0639	7.17698	0.00253113	0.00747235
5.21	12.0583	7.18904	0.00252895	0.0074849
5.22	12.0527	7.20109	0.00252676	0.00749745
5.23	12.0471	7.21313	0.00252454	0.00750998
5.24	12.0414	7.22515	0.00252231	0.0075225
5.25	12.0358	7.23717	0.00252006	0.00753501
5.26	12.0303	7.24918	0.00251779	0.00754751
5.27	12.0247	7.26117	0.00251551	0.00756
5.28	12.0191	7.27316	0.00251321	0.00757248
5.29	12.0135	7.28513	0.00251089	0.00758495
5.3	12.0079	7.29709	0.00250855	0.0075974
5.31	12.0024	7.30904	0.0025062	0.00760985
5.32	11.9968	7.32099	0.00250383	0.00762228
5.33	11.9912	7.33291	0.00250144	0.0076347
5.34	11.9857	7.34483	0.00249904	0.0076471
5.35	11.9801	7.35674	0.00249662	0.0076595
5.36	11.9746	7.36863	0.00249418	0.00767189
5.37	11.969	7.38051	0.00249173	0.00768426
5.38	11.9635	7.39239	0.00248926	0.00769662
5.39	11.958	7.40425	0.00248677	0.00770896
5.4	11.9525	7.41609	0.00248426	0.0077213
5.41	11.9469	7.42793	0.00248174	0.00773362
5.42	11.9414	7.43975	0.0024792	0.00774593
5.43	11.9359	7.45156	0.00247664	0.00775823
5.44	11.9304	7.46336	0.00247407	0.00777051
5.45	11.9249	7.47515	0.00247148	0.00778279
5.46	11.9195	7.48693	0.00246887	0.00779505
5.47	11.914	7.49869	0.00246625	0.00780729
5.48	11.9085	7.51044	0.00246361	0.00781953
5.49	11.903	7.52217	0.00246095	0.00783175
5.5	11.8976	7.5339	0.00245827	0.00784395
5.51	11.8921	7.54561	0.00245558	0.00785615
5.52	11.8867	7.55731	0.00245287	0.00786833
5.53	11.8812	7.569	0.00245015	0.00788049
5.54	11.8758	7.58067	0.00244741	0.00789265
5.55	11.8703	7.59233	0.00244465	0.00790479
5.56	11.8649	7.60398	0.00244187	0.00791691
5.57	11.8595	7.61561	0.00243908	0.00792903
5.58	11.8541	7.62723	0.00243627	0.00794113
5.59	11.8487	7.63884	0.00243345	0.00795321
5.6	11.8433	7.65043	0.0024306	0.00796528
5.61	11.8379	7.66201	0.00242774	0.00797734
5.62	11.8325	7.67358	0.00242487	0.00798938
5.63	11.8271	7.68513	0.00242198	0.00800141
5.64	11.8217	7.69667	0.00241907	0.00801342
5.65	11.8163	7.70819	0.00241614	0.00802542
5.66	11.811	7.7197	0.0024132	0.00803741
5.67	11.8056	7.7312	0.00241024	0.00804938
5.68	11.8003	7.74268	0.00240727	0.00806133
5.69	11.7949	7.75415	0.00240428	0.00807327
5.7	11.7896	7.76561	0.00240127	0.0080852
5.71	11.7843	7.77705	0.00239824	0.00809711
5.72	11.7789	7.78847	0.0023952	0.00810901
5.73	11.7736	7.79989	0.00239214	0.00812089
5.74	11.7683	7.81128	0.00238907	0.00813275
5.75	11.763	7.82266	0.00238598	0.0081446
5.76	11.7577	7.83403	0.00238287	0.00815644
5.77	11.7524	7.84538	0.00237975	0.00816826
5.78	11.7471	7.85672	0.00237661	0.00818006
5.79	11.7418	7.86804	0.00237346	0.00819185
5.8	11.7366	7.87935	0.00237028	0.00820362
5.81	11.7313	7.89065	0.00236709	0.00821538
5.82	11.7261	7.90192	0.00236389	0.00822712
5.83	11.7208	7.91318	0.00236067	0.00823885
5.84	11.7156	7.92443	0.00235743	0.00825056
5.85	11.7103	7.93566	0.00235418	0.00826225
5.86	11.7051	7.94688	0.00235091	0.00827393
5.87	11.6999	7.95808	0.00234762	0.00828559
5.88	11.6947	7.96926	0.00234432	0.00829724
5.89	11.6895	7.98043	0.002341	0.00830886
5.9	11.6843	7.99159	0.00233767	0.00832048
5.91	11.6791	8.00272	0.00233432	0.00833207
5.92	11.6739	8.01384	0.00233095	0.00834365
5.93	11.6687	8.02495	0.00232757	0.00835521
5.94	11.6636	8.03604	0.00232417	0.00836676
5.95	11.6584	8.04711	0.00232076	0.00837829
5.96	11.6532	8.05817	0.00231732	0.0083898
5.97	11.6481	8.06921	0.00231388	0.00840129
5.98	11.643	8.08023	0.00231042	0.00841277
5.99	11.6378	8.09124	0.00230694	0.00842423
6	11.6327	8.10223	0.00230344	0.00843567
6.01	11.6276	8.1132	0.00229993	0.0084471
6.02	11.6225	8.12416	0.00229641	0.00845851
6.03	11.6174	8.1351	0.00229286	0.0084699
6.04	11.6123	8.14603	0.00228931	0.00848127
6.05	11.6072	8.15693	0.00228573	0.00849263
6.06	11.6021	8.16782	0.00228214	0.00850397
6.07	11.5971	8.1787	0.00227854	0.00851529
6.08	11.592	8.18955	0.00227492	0.00852659
6.09	11.587	8.20039	0.00227128	0.00853787
6.1	11.5819	8.21121	0.00226763	0.00854914
6.11	11.5769	8.22201	0.00226396	0.00856039
6.12	11.5719	8.2328	0.00226028	0.00857162
6.13	11.5668	8.24357	0.00225658	0.00858283
6.14	11.5618	8.25432	0.00225286	0.00859402
6.15	11.5568	8.26505	0.00224913	0.0086052
6.16	11.5518	8.27577	0.00224539	0.00861635
6.17	11.5468	8.28647	0.00224163	0.00862749
6.18	11.5419	8.29715	0.00223785	0.00863861
6.19	11.5369	8.30781	0.00223406	0.00864971
6.2	11.5319	8.31845	0.00223025	0.00866079
6.21	11.527	8.32908	0.00222643	0.00867186
6.22	11.522	8.33968	0.00222259	0.0086829
6.23	11.5171	8.35027	0.00221873	0.00869392
6.24	11.5122	8.36084	0.00221486	0.00870493
6.25	11.5073	8.3714	0.00221098	0.00871592
6.26	11.5024	8.38193	0.00220708	0.00872688
6.27	11.4975	8.39244	0.00220316	0.00873783
6.28	11.4926	8.40294	0.00219923	0.00874876
6.29	11.4877	8.41342	0.00219529	0.00875967
6.3	11.4828	8.42388	0.00219133	0.00877056
6.31	11.4779	8.43432	0.00218735	0.00878143
6.32	11.4731	8.44474	0.00218336	0.00879228
6.33	11.4682	8.45514	0.00217935	0.00880311
6.34	11.4634	8.46552	0.00217533	0.00881392
6.35	11.4586	8.47589	0.00217129	0.00882471
6.36	11.4538	8.48623	0.00216724	0.00883548
6.37	11.4489	8.49656	0.00216318	0.00884623
6.38	11.4441	8.50686	0.00215909	0.00885696
6.39	11.4393	8.51715	0.002155	0.00886767
6.4	11.4346	8.52742	0.00215089	0.00887836
6.41	11.4298	8.53766	0.00214676	0.00888903
6.42	11.425	8.54789	0.00214262	0.00889968
6.43	11.4203	8.5581	0.00213846	0.0089103
6.44	11.4155	8.56829	0.00213429	0.00892091
6.45	11.4108	8.57846	0.00213011	0.0089315
6.46	11.406	8.5886	0.00212591	0.00894206
6.47	11.4013	8.59873	0.00212169	0.00895261
6.48	11.3966	8.60884	0.00211746	0.00896313
6.49	11.3919	8.61893	0.00211322	0.00897364
6.5	11.3872	8.629	0.00210896	0.00898412
6.51	11.3825	8.63904	0.00210468	0.00899458
6.52	11.3779	8.64907	0.00210039	0.00900502
6.53	11.3732	8.65908	0.00209609	0.00901544
6.54	11.3685	8.66906	0.00209177	0.00902584
6.55	11.3639	8.67903	0.00208744	0.00903621
6.56	11.3593	8.68898	0.00208309	0.00904657
6.57	11.3546	8.6989	0.00207873	0.0090569
6.58	11.35	8.7088	0.00207436	0.00906721
6.59	11.3454	8.71869	0.00206997	0.0090775
6.6	11.3408	8.72855	0.00206556	0.00908777
6.61	11.3362	8.73839	0.00206114	0.00909801
6.62	11.3317	8.74821	0.00205671	0.00910824
6.63	11.3271	8.75801	0.00205226	0.00911844
6.64	11.3225	8.76778	0.0020478	0.00912862
6.65	11.318	8.77754	0.00204333	0.00913878
6.66	11.3135	8.78728	0.00203884	0.00914891
6.67	11.3089	8.79699	0.00203433	0.00915903
6.68	11.3044	8.80668	0.00202981	0.00916912
6.69	11.2999	8.81635	0.00202528	0.00917919
6.7	11.2954	8.826	0.00202073	0.00918923
6.71	11.2909	8.83563	0.00201617	0.00919925
6.72	11.2864	8.84523	0.0020116	0.00920926
6.73	11.282	8.85482	0.00200701	0.00921923
6.74	11.2775	8.86438	0.00200241	0.00922919
6.75	11.2731	8.87392	0.00199779	0.00923912
6.76	11.2686	8.88344	0.00199316	0.00924903
6.77	11.2642	8.89293	0.00198852	0.00925892
6.78	11.2598	8.90241	0.00198386	0.00926878
6.79	11.2554	8.91186	0.00197919	0.00927862
6.8	11.251	8.92129	0.0019745	0.00928844
6.81	11.2466	8.93069	0.0019698	0.00929823
6.82	11.2422	8.94008	0.00196509	0.009308
6.83	11.2379	8.94944	0.00196036	0.00931775
6.84	11.2335	8.95878	0.00195562	0.00932748
6.85	11.2292	8.9681	0.00195087	0.00933718
6.86	11.2249	8.97739	0.0019461	0.00934685
6.87	11.2205	8.98666	0.00194132	0.00935651
6.88	11.2162	8.99591	0.00193653	0.00936614
6.89	11.2119	9.00514	0.00193172	0.00937574
6.9	11.2076	9.01434	0.0019269	0.00938532
6.91	11.2034	9.02352	0.00192206	0.00939488
6.92	11.1991	9.03268	0.00191721	0.00940442
6.93	11.1948	9.04181	0.00191235	0.00941393
6.94	11.1906	9.05093	0.00190748	0.00942341
6.95	11.1864	9.06001	0.00190259	0.00943287
6.96	11.1821	9.06908	0.00189769	0.00944231
6.97	11.1779	9.07812	0.00189277	0.00945172
6.98	11.1737	9.08714	0.00188784	0.00946111
6.99	11.1695	9.09613	0.0018829	0.00947048
7	11.1653	9.1051	0.00187795	0.00947982
7.01	11.1612	9.11405	0.00187298	0.00948913
7.02	11.157	9.12297	0.001868	0.00949842
7.03	11.1529	9.13187	0.00186301	0.00950769
7.04	11.1487	9.14075	0.001858	0.00951693
7.05	11.1446	9.1496	0.00185298	0.00952615
7.06	11.1405	9.15843	0.00184795	0.00953534
7.07	11.1364	9.16723	0.0018429	0.0095445
7.08	11.1323	9.17601	0.00183785	0.00955365
7.09	11.1282	9.18477	0.00183278	0.00956276
7.1	11.1241	9.1935	0.00182769	0.00957185
7.11	11.1201	9.20221	0.0018226	0.00958092
7.12	11.116	9.21089	0.00181749	0.00958996
7.13	11.112	9.21955	0.00181236	0.00959897
7.14	11.108	9.22818	0.00180723	0.00960796
7.15	11.104	9.23679	0.00180208	0.00961693
7.16	11.1	9.24538	0.00179692	0.00962587
7.17	11.096	9.25394	0.00179175	0.00963478
7.18	11.092	9.26248	0.00178657	0.00964367
7.19	11.088	9.27099	0.00178137	0.00965253
7.2	11.0841	9.27947	0.00177616	0.00966137
7.21	11.0801	9.28794	0.00177094	0.00967018
7.22	11.0762	9.29637	0.0017657	0.00967896
7.23	11.0723	9.30479	0.00176046	0.00968772
7.24	11.0684	9.31317	0.0017552	0.00969645
7.25	11.0645	9.32154	0.00174993	0.00970516
7.26	11.0606	9.32987	0.00174464	0.00971384
7.27	11.0567	9.33818	0.00173935	0.00972249
7.28	11.0529	9.34647	0.00173404	0.00973112
7.29	11.049	9.35473	0.00172872	0.00973972
7.3	11.0452	9.36297	0.00172339	0.0097483
7.31	11.0413	9.37118	0.00171805	0.00975685
7.32	11.0375	9.37936	0.00171269	0.00976537
7.33	11.0337	9.38752	0.00170732	0.00977386
7.34	11.0299	9.39566	0.00170194	0.00978233
7.35	11.0262	9.40377	0.00169655	0.00979077
7.36	11.0224	9.41185	0.00169115	0.00979919
7.37	11.0186	9.41991	0.00168573	0.00980758
7.38	11.0149	9.42794	0.0016803	0.00981594
7.39	11.0112	9.43594	0.00167487	0.00982428
7.4	11.0074	9.44392	0.00166941	0.00983258
7.41	11.0037	9.45188	0.00166395	0.00984086
7.42	11	9.4598	0.00165848	0.00984912
7.43	10.9964	9.4677	0.00165299	0.00985734
7.44	10.9927	9.47558	0.0016475	0.00986554
7.45	10.989	9.48343	0.00164199	0.00987372
7.46	10.9854	9.49125	0.00163647	0.00988186
7.47	10.9818	9.49905	0.00163094	0.00988998
7.48	10.9781	9.50682	0.00162539	0.00989807
7.49	10.9745	9.51456	0.00161984	0.00990613
7.5	10.9709	9.52228	0.00161427	0.00991417
7.51	10.9673	9.52997	0.0016087	0.00992217
7.52	10.9638	9.53763	0.00160311	0.00993015
7.53	10.9602	9.54527	0.00159751	0.0099381
7.54	10.9567	9.55288	0.0015919	0.00994603
7.55	10.9531	9.56047	0.00158628	0.00995392
7.56	10.9496	9.56802	0.00158064	0.00996179
7.57	10.9461	9.57556	0.001575	0.00996963
7.58	10.9426	9.58306	0.00156934	0.00997745
7.59	10.9391	9.59054	0.00156368	0.00998523
7.6	10.9356	9.59799	0.001558	0.00999299
7.61	10.9322	9.60541	0.00155231	0.0100007
7.62	10.9287	9.6128	0.00154661	0.0100084
7.63	10.9253	9.62017	0.0015409	0.0100161
7.64	10.9219	9.62751	0.00153518	0.0100237
7.65	10.9185	9.63483	0.00152945	0.0100313
7.66	10.9151	9.64211	0.00152371	0.0100389
7.67	10.9117	9.64937	0.00151796	0.0100465
7.68	10.9083	9.65661	0.00151219	0.010054
7.69	10.905	9.66381	0.00150642	0.0100615
7.7	10.9016	9.67099	0.00150064	0.010069
7.71	10.8983	9.67814	0.00149484	0.0100764
7.72	10.895	9.68526	0.00148904	0.0100839
7.73	10.8917	9.69235	0.00148322	0.0100912
7.74	10.8884	9.69942	0.00147739	0.0100986
7.75	10.8851	9.70646	0.00147156	0.0101059
7.76	10.8818	9.71347	0.00146571	0.0101132
7.77	10.8786	9.72045	0.00145985	0.0101205
7.78	10.8753	9.72741	0.00145399	0.0101277
7.79	10.8721	9.73433	0.00144811	0.0101349
7.8	10.8689	9.74123	0.00144222	0.0101421
7.81	10.8657	9.7481	0.00143632	0.0101493
7.82	10.8625	9.75495	0.00143041	0.0101564
7.83	10.8593	9.76176	0.0014245	0.0101635
7.84	10.8562	9.76855	0.00141857	0.0101706
7.85	10.853	9.77531	0.00141263	0.0101776
7.86	10.8499	9.78204	0.00140668	0.0101846
7.87	10.8468	9.78874	0.00140072	0.0101916
7.88	10.8436	9.79541	0.00139476	0.0101985
7.89	10.8405	9.80206	0.00138878	0.0102055
7.9	10.8375	9.80867	0.00138279	0.0102123
7.91	10.8344	9.81526	0.0013768	0.0102192
7.92	10.8313	9.82182	0.00137079	0.010226
7.93	10.8283	9.82835	0.00136477	0.0102328
7.94	10.8253	9.83485	0.00135875	0.0102396
7.95	10.8222	9.84133	0.00135271	0.0102463
7.96	10.8192	9.84777	0.00134667	0.0102531
7.97	10.8163	9.85419	0.00134061	0.0102597
7.98	10.8133	9.86057	0.00133455	0.0102664
7.99	10.8103	9.86693	0.00132847	0.010273
8	10.8074	9.87326	0.00132239	0.0102796
8.01	10.8044	9.87956	0.0013163	0.0102862
8.02	10.8015	9.88583	0.0013102	0.0102927
8.03	10.7986	9.89208	0.00130409	0.0102992
8.04	10.7957	9.89829	0.00129797	0.0103056
8.05	10.7928	9.90447	0.00129184	0.0103121
8.06	10.7899	9.91063	0.0012857	0.0103185
8.07	10.7871	9.91675	0.00127955	0.0103249
8.08	10.7843	9.92285	0.0012734	0.0103312
8.09	10.7814	9.92892	0.00126723	0.0103375
8.1	10.7786	9.93495	0.00126106	0.0103438
8.11	10.7758	9.94096	0.00125488	0.0103501
8.12	10.773	9.94694	0.00124868	0.0103563
8.13	10.7703	9.95289	0.00124248	0.0103625
8.14	10.7675	9.95881	0.00123628	0.0103687
8.15	10.7648	9.9647	0.00123006	0.0103748
8.16	10.762	9.97056	0.00122383	0.0103809
8.17	10.7593	9.97639	0.0012176	0.010387
8.18	10.7566	9.98219	0.00121135	0.010393
8.19	10.7539	9.98796	0.0012051	0.010399
8.2	10.7512	9.9937	0.00119884	0.010405
8.21	10.7486	9.99941	0.00119257	0.0104109
8.22	10.7459	10.0051	0.00118629	0.0104169
8.23	10.7433	10.0107	0.00118	0.0104227
8.24	10.7407	10.0164	0.00117371	0.0104286
8.25	10.7381	10.022	0.00116741	0.0104344
8.26	10.7355	10.0275	0.00116109	0.0104402
8.27	10.7329	10.0331	0.00115478	0.010446
8.28	10.7303	10.0386	0.00114845	0.0104517
8.29	10.7278	10.044	0.00114211	0.0104574
8.3	10.7252	10.0495	0.00113577	0.0104631
8.31	10.7227	10.0549	0.00112942	0.0104687
8.32	10.7202	10.0603	0.00112306	0.0104743
8.33	10.7177	10.0656	0.00111669	0.0104799
8.34	10.7152	10.0709	0.00111031	0.0104854
8.35	10.7128	10.0762	0.00110393	0.0104909
8.36	10.7103	10.0815	0.00109754	0.0104964
8.37	10.7079	10.0867	0.00109114	0.0105018
8.38	10.7055	10.0919	0.00108473	0.0105072
8.39	10.7031	10.0971	0.00107832	0.0105126
8.4	10.7007	10.1022	0.00107189	0.010518
8.41	10.6983	10.1073	0.00106546	0.0105233
8.42	10.6959	10.1124	0.00105902	0.0105286
8.43	10.6936	10.1174	0.00105258	0.0105338
8.44	10.6912	10.1225	0.00104613	0.010539
8.45	10.6889	10.1274	0.00103967	0.0105442
8.46	10.6866	10.1324	0.0010332	0.0105494
8.47	10.6843	10.1373	0.00102672	0.0105545
8.48	10.682	10.1422	0.00102024	0.0105596
8.49	10.6798	10.1471	0.00101375	0.0105647
8.5	10.6775	10.1519	0.00100725	0.0105697
8.51	10.6753	10.1567	0.00100075	0.0105747
8.52	10.6731	10.1615	0.00099424	0.0105797
8.53	10.6708	10.1662	0.000987721	0.0105846
8.54	10.6687	10.1709	0.000981196	0.0105895
8.55	10.6665	10.1756	0.000974663	0.0105944
8.56	10.6643	10.1802	0.000968124	0.0105992
8.57	10.6622	10.1848	0.000961577	0.010604
8.58	10.66	10.1894	0.000955024	0.0106088
8.59	10.6579	10.194	0.000948464	0.0106135
8.6	10.6558	10.1985	0.000941897	0.0106182
8.61	10.6537	10.203	0.000935323	0.0106229
8.62	10.6516	10.2074	0.000928743	0.0106275
8.63	10.6496	10.2119	0.000922156	0.0106321
8.64	10.6475	10.2162	0.000915562	0.0106367
8.65	10.6455	10.2206	0.000908961	0.0106412
8.66	10.6435	10.2249	0.000902355	0.0106457
8.67	10.6415	10.2292	0.000895741	0.0106502
8.68	10.6395	10.2335	0.000889121	0.0106547
8.69	10.6375	10.2377	0.000882495	0.0106591
8.7	10.6355	10.2419	0.000875862	0.0106635
8.71	10.6336	10.2461	0.000869223	0.0106678
8.72	10.6317	10.2503	0.000862578	0.0106721
8.73	10.6298	10.2544	0.000855926	0.0106764
8.74	10.6279	10.2585	0.000849268	0.0106806
8.75	10.626	10.2625	0.000842604	0.0106848
8.76	10.6241	10.2665	0.000835934	0.010689
8.77	10.6222	10.2705	0.000829258	0.0106932
8.78	10.6204	10.2744	0.000822575	0.0106973
8.79	10.6186	10.2784	0.000815887	0.0107014
8.8	10.6168	10.2822	0.000809193	0.0107054
8.81	10.615	10.2861	0.000802493	0.0107094
8.82	10.6132	10.2899	0.000795787	0.0107134
8.83	10.6114	10.2937	0.000789075	0.0107174
8.84	10.6097	10.2975	0.000782357	0.0107213
8.85	10.6079	10.3012	0.000775634	0.0107251
8.86	10.6062	10.3049	0.000768904	0.010729
8.87	10.6045	10.3086	0.00076217	0.0107328
8.88	10.6028	10.3122	0.000755429	0.0107366
8.89	10.6011	10.3158	0.000748683	0.0107403
8.9	10.5995	10.3194	0.000741932	0.0107441
8.91	10.5978	10.3229	0.000735174	0.0107477
8.92	10.5962	10.3264	0.000728412	0.0107514
8.93	10.5946	10.3299	0.000721644	0.010755
8.94	10.593	10.3333	0.000714871	0.0107586
8.95	10.5914	10.3367	0.000708092	0.0107621
8.96	10.5898	10.3401	0.000701308	0.0107656
8.97	10.5883	10.3434	0.000694519	0.0107691
8.98	10.5867	10.3467	0.000687724	0.0107726
8.99	10.5852	10.35	0.000680925	0.010776
9	10.5837	10.3533	0.00067412	0.0107793
9.01	10.5822	10.3565	0.00066731	0.0107827
9.02	10.5807	10.3596	0.000660495	0.010786
9.03	10.5792	10.3628	0.000653675	0.0107893
9.04	10.5778	10.3659	0.00064685	0.0107925
9.05	10.5763	10.369	0.00064002	0.0107957
9.06	10.5749	10.372	0.000633186	0.0107989
9.07	10.5735	10.3751	0.000626346	0.010802
9.08	10.5721	10.378	0.000619501	0.0108051
9.09	10.5707	10.381	0.000612652	0.0108082
9.1	10.5694	10.3839	0.000605798	0.0108113
9.11	10.568	10.3868	0.000598939	0.0108143
9.12	10.5667	10.3897	0.000592076	0.0108172
9.13	10.5654	10.3925	0.000585208	0.0108202
9.14	10.5641	10.3953	0.000578335	0.0108231
9.15	10.5628	10.398	0.000571458	0.0108259
9.16	10.5615	10.4007	0.000564576	0.0108288
9.17	10.5603	10.4034	0.00055769	0.0108316
9.18	10.5591	10.4061	0.000550799	0.0108343
9.19	10.5578	10.4087	0.000543904	0.0108371
9.2	10.5566	10.4113	0.000537004	0.0108398
9.21	10.5554	10.4139	0.0005301	0.0108424
9.22	10.5543	10.4164	0.000523192	0.0108451
9.23	10.5531	10.4189	0.000516279	0.0108477
9.24	10.5519	10.4213	0.000509362	0.0108502
9.25	10.5508	10.4238	0.000502441	0.0108527
9.26	10.5497	10.4262	0.000495516	0.0108552
9.27	10.5486	10.4285	0.000488586	0.0108577
9.28	10.5475	10.4308	0.000481653	0.0108601
9.29	10.5464	10.4331	0.000474715	0.0108625
9.3	10.5454	10.4354	0.000467773	0.0108649
9.31	10.5444	10.4376	0.000460827	0.0108672
9.32	10.5433	10.4398	0.000453877	0.0108695
9.33	10.5423	10.442	0.000446922	0.0108717
9.34	10.5413	10.4441	0.000439964	0.0108739
9.35	10.5404	10.4462	0.000433002	0.0108761
9.36	10.5394	10.4483	0.000426036	0.0108783
9.37	10.5384	10.4503	0.000419066	0.0108804
9.38	10.5375	10.4523	0.000412092	0.0108825
9.39	10.5366	10.4543	0.000405114	0.0108845
9.4	10.5357	10.4562	0.000398132	0.0108865
9.41	10.5348	10.4581	0.000391146	0.0108885
9.42	10.5339	10.46	0.000384156	0.0108904
9.43	10.5331	10.4618	0.000377163	0.0108923
9.44	10.5323	10.4636	0.000370165	0.0108942
9.45	10.5314	10.4653	0.000363164	0.010896
9.46	10.5306	10.4671	0.000356158	0.0108978
9.47	10.5298	10.4688	0.000349149	0.0108996
9.48	10.5291	10.4704	0.000342136	0.0109013
9.49	10.5283	10.4721	0.000335119	0.010903
9.5	10.5276	10.4737	0.000328098	0.0109047
9.51	10.5268	10.4752	0.000321073	0.0109063
9.52	10.5261	10.4768	0.000314044	0.0109079
9.53	10.5254	10.4783	0.000307011	0.0109095
9.54	10.5247	10.4797	0.000299974	0.010911
9.55	10.5241	10.4811	0.000292933	0.0109125
9.56	10.5234	10.4825	0.000285888	0.0109139
9.57	10.5228	10.4839	0.000278838	0.0109154
9.58	10.5222	10.4852	0.000271785	0.0109167
9.59	10.5216	10.4865	0.000264726	0.0109181
9.6	10.521	10.4878	0.000257664	0.0109194
9.61	10.5204	10.489	0.000250597	0.0109207
9.62	10.5198	10.4902	0.000243525	0.0109219
9.63	10.5193	10.4914	0.000236449	0.0109231
9.64	10.5188	10.4925	0.000229368	0.0109243
9.65	10.5183	10.4936	0.000222281	0.0109254
9.66	10.5178	10.4946	0.00021519	0.0109266
9.67	10.5173	10.4957	0.000208093	0.0109276
9.68	10.5168	10.4967	0.00020099	0.0109286
9.69	10.5164	10.4976	0.000193882	0.0109296
9.7	10.516	10.4985	0.000186767	0.0109306
9.71	10.5155	10.4994	0.000179646	0.0109315
9.72	10.5152	10.5003	0.000172517	0.0109324
9.73	10.5148	10.5011	0.000165382	0.0109333
9.74	10.5144	10.5019	0.000158238	0.0109341
9.75	10.514	10.5027	0.000151086	0.0109349
9.76	10.5137	10.5034	0.000143925	0.0109356
9.77	10.5134	10.5041	0.000136754	0.0109364
