LeakagePort 1	Current turn 0.5	Pressure storage 8.42962	Pressure reaction 1.01731
Elapsed	Storage	Reaction	Flow rate	Modelled cm3 H2	
0	8.42962	1.01731	0.00088662	0.00105748
0.01	8.42962	1.01731	0.00088662	0.00105748
0.02	8.42765	1.02154	0.000886413	0.00106188
0.03	8.42567	1.02577	0.000886205	0.00106627
0.04	8.4237	1.03	0.000885998	0.00107067
0.05	8.42173	1.03423	0.00088579	0.00107506
0.06	8.41975	1.03846	0.000885583	0.00107946
0.07	8.41778	1.04268	0.000885375	0.00108385
0.08	8.41581	1.04691	0.000885168	0.00108824
0.09	8.41384	1.05113	0.000884961	0.00109263
0.1	8.41187	1.05535	0.000884753	0.00109702
0.11	8.4099	1.05958	0.000884546	0.00110141
0.12	8.40793	1.0638	0.000884339	0.0011058
0.13	8.40596	1.06802	0.000884132	0.00111019
0.14	8.40399	1.07224	0.000883925	0.00111457
0.15	8.40202	1.07645	0.000883718	0.00111896
0.16	8.40006	1.08067	0.000883511	0.00112334
0.17	8.39809	1.08489	0.000883304	0.00112772
0.18	8.39612	1.0891	0.000883097	0.0011321
0.19	8.39416	1.09332	0.00088289	0.00113648
0.2	8.39219	1.09753	0.000882683	0.00114086
0.21	8.39022	1.10174	0.000882477	0.00114524
0.22	8.38826	1.10595	0.00088227	0.00114962
0.23	8.38629	1.11016	0.000882063	0.001154
0.24	8.38433	1.11437	0.000881857	0.00115837
0.25	8.38237	1.11858	0.00088165	0.00116275
0.26	8.3804	1.12279	0.000881444	0.00116712
0.27	8.37844	1.12699	0.000881237	0.00117149
0.28	8.37648	1.1312	0.000881031	0.00117586
0.29	8.37452	1.1354	0.000880825	0.00118023
0.3	8.37256	1.1396	0.000880618	0.0011846
0.31	8.3706	1.14381	0.000880412	0.00118897
0.32	8.36863	1.14801	0.000880206	0.00119334
0.33	8.36667	1.15221	0.00088	0.0011977
0.34	8.36472	1.15641	0.000879794	0.00120207
0.35	8.36276	1.16061	0.000879588	0.00120643
0.36	8.3608	1.1648	0.000879382	0.0012108
0.37	8.35884	1.169	0.000879176	0.00121516
0.38	8.35688	1.17319	0.00087897	0.00121952
0.39	8.35493	1.17739	0.000878764	0.00122388
0.4	8.35297	1.18158	0.000878558	0.00122824
0.41	8.35101	1.18578	0.000878352	0.0012326
0.42	8.34906	1.18997	0.000878147	0.00123695
0.43	8.3471	1.19416	0.000877941	0.00124131
0.44	8.34515	1.19835	0.000877735	0.00124566
0.45	8.34319	1.20253	0.00087753	0.00125002
0.46	8.34124	1.20672	0.000877324	0.00125437
0.47	8.33928	1.21091	0.000877119	0.00125872
0.48	8.33733	1.21509	0.000876913	0.00126307
0.49	8.33538	1.21928	0.000876708	0.00126742
0.5	8.33343	1.22346	0.000876503	0.00127177
0.51	8.33147	1.22765	0.000876298	0.00127612
0.52	8.32952	1.23183	0.000876092	0.00128046
0.53	8.32757	1.23601	0.000875887	0.00128481
0.54	8.32562	1.24019	0.000875682	0.00128916
0.55	8.32367	1.24437	0.000875477	0.0012935
0.56	8.32172	1.24854	0.000875272	0.00129784
0.57	8.31977	1.25272	0.000875067	0.00130218
0.58	8.31783	1.2569	0.000874862	0.00130652
0.59	8.31588	1.26107	0.000874657	0.00131086
0.6	8.31393	1.26524	0.000874452	0.0013152
0.61	8.31198	1.26942	0.000874247	0.00131954
0.62	8.31004	1.27359	0.000874043	0.00132388
0.63	8.30809	1.27776	0.000873838	0.00132821
0.64	8.30614	1.28193	0.000873633	0.00133255
0.65	8.3042	1.2861	0.000873429	0.00133688
0.66	8.30225	1.29027	0.000873224	0.00134121
0.67	8.30031	1.29443	0.00087302	0.00134554
0.68	8.29837	1.2986	0.000872815	0.00134987
0.69	8.29642	1.30276	0.000872611	0.0013542
0.7	8.29448	1.30693	0.000872406	0.00135853
0.71	8.29254	1.31109	0.000872202	0.00136286
0.72	8.2906	1.31525	0.000871998	0.00136719
0.73	8.28865	1.31941	0.000871794	0.00137151
0.74	8.28671	1.32357	0.000871589	0.00137584
0.75	8.28477	1.32773	0.000871385	0.00138016
0.76	8.28283	1.33189	0.000871181	0.00138448
0.77	8.28089	1.33605	0.000870977	0.0013888
0.78	8.27895	1.34021	0.000870773	0.00139312
0.79	8.27701	1.34436	0.000870569	0.00139744
0.8	8.27507	1.34851	0.000870365	0.00140176
0.81	8.27314	1.35267	0.000870162	0.00140608
0.82	8.2712	1.35682	0.000869958	0.00141039
0.83	8.26926	1.36097	0.000869754	0.00141471
0.84	8.26733	1.36512	0.00086955	0.00141902
0.85	8.26539	1.36927	0.000869347	0.00142334
0.86	8.26345	1.37342	0.000869143	0.00142765
0.87	8.26152	1.37757	0.00086894	0.00143196
0.88	8.25958	1.38171	0.000868736	0.00143627
0.89	8.25765	1.38586	0.000868533	0.00144058
0.9	8.25572	1.39	0.000868329	0.00144489
0.91	8.25378	1.39415	0.000868126	0.0014492
0.92	8.25185	1.39829	0.000867922	0.0014535
0.93	8.24992	1.40243	0.000867719	0.00145781
0.94	8.24798	1.40657	0.000867516	0.00146211
0.95	8.24605	1.41071	0.000867313	0.00146641
0.96	8.24412	1.41485	0.00086711	0.00147072
0.97	8.24219	1.41899	0.000866907	0.00147502
0.98	8.24026	1.42313	0.000866704	0.00147932
0.99	8.23833	1.42726	0.000866501	0.00148362
1	8.2364	1.4314	0.000866298	0.00148791
1.01	8.23447	1.43553	0.000866095	0.00149221
1.02	8.23254	1.43966	0.000865892	0.00149651
1.03	8.23062	1.44379	0.000865689	0.0015008
1.04	8.22869	1.44793	0.000865486	0.0015051
1.05	8.22676	1.45206	0.000865284	0.00150939
1.06	8.22483	1.45619	0.000865081	0.00151368
1.07	8.22291	1.46031	0.000864879	0.00151797
1.08	8.22098	1.46444	0.000864676	0.00152226
1.09	8.21906	1.46857	0.000864473	0.00152655
1.1	8.21713	1.47269	0.000864271	0.00153084
1.11	8.21521	1.47682	0.000864069	0.00153513
1.12	8.21328	1.48094	0.000863866	0.00153941
1.13	8.21136	1.48506	0.000863664	0.0015437
1.14	8.20944	1.48918	0.000863462	0.00154798
1.15	8.20751	1.4933	0.000863259	0.00155227
1.16	8.20559	1.49742	0.000863057	0.00155655
1.17	8.20367	1.50154	0.000862855	0.00156083
1.18	8.20175	1.50566	0.000862653	0.00156511
1.19	8.19983	1.50977	0.000862451	0.00156939
1.2	8.19791	1.51389	0.000862249	0.00157367
1.21	8.19599	1.518	0.000862047	0.00157794
1.22	8.19407	1.52212	0.000861845	0.00158222
1.23	8.19215	1.52623	0.000861643	0.00158649
1.24	8.19023	1.53034	0.000861442	0.00159077
1.25	8.18831	1.53445	0.00086124	0.00159504
1.26	8.18639	1.53856	0.000861038	0.00159931
1.27	8.18448	1.54267	0.000860836	0.00160358
1.28	8.18256	1.54678	0.000860635	0.00160785
1.29	8.18064	1.55089	0.000860433	0.00161212
1.3	8.17873	1.55499	0.000860232	0.00161639
1.31	8.17681	1.5591	0.00086003	0.00162066
1.32	8.1749	1.5632	0.000859829	0.00162492
1.33	8.17298	1.5673	0.000859628	0.00162919
1.34	8.17107	1.57141	0.000859426	0.00163345
1.35	8.16916	1.57551	0.000859225	0.00163772
1.36	8.16724	1.57961	0.000859024	0.00164198
1.37	8.16533	1.58371	0.000858823	0.00164624
1.38	8.16342	1.58781	0.000858621	0.0016505
1.39	8.16151	1.5919	0.00085842	0.00165476
1.4	8.15959	1.596	0.000858219	0.00165902
1.41	8.15768	1.60009	0.000858018	0.00166327
1.42	8.15577	1.60419	0.000857817	0.00166753
1.43	8.15386	1.60828	0.000857616	0.00167178
1.44	8.15195	1.61237	0.000857416	0.00167604
1.45	8.15004	1.61647	0.000857215	0.00168029
1.46	8.14814	1.62056	0.000857014	0.00168454
1.47	8.14623	1.62465	0.000856813	0.00168879
1.48	8.14432	1.62873	0.000856613	0.00169304
1.49	8.14241	1.63282	0.000856412	0.00169729
1.5	8.1405	1.63691	0.000856211	0.00170154
1.51	8.1386	1.64099	0.000856011	0.00170579
1.52	8.13669	1.64508	0.00085581	0.00171004
1.53	8.13479	1.64916	0.00085561	0.00171428
1.54	8.13288	1.65325	0.00085541	0.00171852
1.55	8.13098	1.65733	0.000855209	0.00172277
1.56	8.12907	1.66141	0.000855009	0.00172701
1.57	8.12717	1.66549	0.000854809	0.00173125
1.58	8.12527	1.66957	0.000854609	0.00173549
1.59	8.12336	1.67365	0.000854408	0.00173973
1.6	8.12146	1.67772	0.000854208	0.00174397
1.61	8.11956	1.6818	0.000854008	0.00174821
1.62	8.11766	1.68587	0.000853808	0.00175244
1.63	8.11576	1.68995	0.000853608	0.00175668
1.64	8.11385	1.69402	0.000853408	0.00176091
1.65	8.11195	1.69809	0.000853209	0.00176514
1.66	8.11005	1.70217	0.000853009	0.00176938
1.67	8.10816	1.70624	0.000852809	0.00177361
1.68	8.10626	1.71031	0.000852609	0.00177784
1.69	8.10436	1.71437	0.00085241	0.00178207
1.7	8.10246	1.71844	0.00085221	0.00178629
1.71	8.10056	1.72251	0.00085201	0.00179052
1.72	8.09867	1.72657	0.000851811	0.00179475
1.73	8.09677	1.73064	0.000851611	0.00179897
1.74	8.09487	1.7347	0.000851412	0.0018032
1.75	8.09298	1.73877	0.000851212	0.00180742
1.76	8.09108	1.74283	0.000851013	0.00181164
1.77	8.08919	1.74689	0.000850814	0.00181586
1.78	8.08729	1.75095	0.000850615	0.00182008
1.79	8.0854	1.75501	0.000850415	0.0018243
1.8	8.0835	1.75907	0.000850216	0.00182852
1.81	8.08161	1.76312	0.000850017	0.00183274
1.82	8.07972	1.76718	0.000849818	0.00183696
1.83	8.07783	1.77123	0.000849619	0.00184117
1.84	8.07593	1.77529	0.00084942	0.00184539
1.85	8.07404	1.77934	0.000849221	0.0018496
1.86	8.07215	1.78339	0.000849022	0.00185381
1.87	8.07026	1.78745	0.000848823	0.00185802
1.88	8.06837	1.7915	0.000848624	0.00186223
1.89	8.06648	1.79555	0.000848426	0.00186644
1.9	8.06459	1.7996	0.000848227	0.00187065
1.91	8.0627	1.80364	0.000848028	0.00187486
1.92	8.06082	1.80769	0.00084783	0.00187907
1.93	8.05893	1.81174	0.000847631	0.00188327
1.94	8.05704	1.81578	0.000847433	0.00188748
1.95	8.05515	1.81982	0.000847234	0.00189168
1.96	8.05327	1.82387	0.000847036	0.00189588
1.97	8.05138	1.82791	0.000846837	0.00190008
1.98	8.0495	1.83195	0.000846639	0.00190428
1.99	8.04761	1.83599	0.000846441	0.00190848
2	8.04573	1.84003	0.000846243	0.00191268
2.01	8.04384	1.84407	0.000846044	0.00191688
2.02	8.04196	1.8481	0.000845846	0.00192108
2.03	8.04007	1.85214	0.000845648	0.00192527
2.04	8.03819	1.85618	0.00084545	0.00192947
2.05	8.03631	1.86021	0.000845252	0.00193366
2.06	8.03443	1.86424	0.000845054	0.00193785
2.07	8.03254	1.86828	0.000844856	0.00194204
2.08	8.03066	1.87231	0.000844658	0.00194624
2.09	8.02878	1.87634	0.000844461	0.00195043
2.1	8.0269	1.88037	0.000844263	0.00195461
2.11	8.02502	1.8844	0.000844065	0.0019588
2.12	8.02314	1.88842	0.000843867	0.00196299
2.13	8.02126	1.89245	0.00084367	0.00196717
2.14	8.01939	1.89648	0.000843472	0.00197136
2.15	8.01751	1.9005	0.000843275	0.00197554
2.16	8.01563	1.90453	0.000843077	0.00197973
2.17	8.01375	1.90855	0.00084288	0.00198391
2.18	8.01188	1.91257	0.000842682	0.00198809
2.19	8.01	1.91659	0.000842485	0.00199227
2.2	8.00812	1.92061	0.000842288	0.00199645
2.21	8.00625	1.92463	0.00084209	0.00200063
2.22	8.00437	1.92865	0.000841893	0.0020048
2.23	8.0025	1.93267	0.000841696	0.00200898
2.24	8.00062	1.93668	0.000841499	0.00201315
2.25	7.99875	1.9407	0.000841302	0.00201733
2.26	7.99688	1.94472	0.000841105	0.0020215
2.27	7.995	1.94873	0.000840908	0.00202567
2.28	7.99313	1.95274	0.000840711	0.00202984
2.29	7.99126	1.95675	0.000840514	0.00203402
2.3	7.98939	1.96076	0.000840317	0.00203818
2.31	7.98752	1.96477	0.00084012	0.00204235
2.32	7.98565	1.96878	0.000839924	0.00204652
2.33	7.98378	1.97279	0.000839727	0.00205069
2.34	7.98191	1.9768	0.00083953	0.00205485
2.35	7.98004	1.9808	0.000839334	0.00205902
2.36	7.97817	1.98481	0.000839137	0.00206318
2.37	7.9763	1.98881	0.00083894	0.00206734
2.38	7.97443	1.99282	0.000838744	0.0020715
2.39	7.97256	1.99682	0.000838548	0.00207566
2.4	7.9707	2.00082	0.000838351	0.00207982
2.41	7.96883	2.00482	0.000838155	0.00208398
2.42	7.96696	2.00882	0.000837959	0.00208814
2.43	7.9651	2.01282	0.000837762	0.0020923
2.44	7.96323	2.01682	0.000837566	0.00209645
2.45	7.96137	2.02081	0.00083737	0.00210061
2.46	7.9595	2.02481	0.000837174	0.00210476
2.47	7.95764	2.0288	0.000836978	0.00210891
2.48	7.95578	2.0328	0.000836782	0.00211306
2.49	7.95391	2.03679	0.000836586	0.00211721
2.5	7.95205	2.04078	0.00083639	0.00212136
2.51	7.95019	2.04478	0.000836194	0.00212551
2.52	7.94833	2.04877	0.000835998	0.00212966
2.53	7.94646	2.05275	0.000835802	0.00213381
2.54	7.9446	2.05674	0.000835607	0.00213795
2.55	7.94274	2.06073	0.000835411	0.0021421
2.56	7.94088	2.06472	0.000835215	0.00214624
2.57	7.93902	2.0687	0.00083502	0.00215038
2.58	7.93716	2.07269	0.000834824	0.00215453
2.59	7.9353	2.07667	0.000834629	0.00215867
2.6	7.93345	2.08065	0.000834433	0.00216281
2.61	7.93159	2.08464	0.000834238	0.00216695
2.62	7.92973	2.08862	0.000834042	0.00217108
2.63	7.92787	2.0926	0.000833847	0.00217522
2.64	7.92602	2.09658	0.000833652	0.00217936
2.65	7.92416	2.10055	0.000833456	0.00218349
2.66	7.9223	2.10453	0.000833261	0.00218763
2.67	7.92045	2.10851	0.000833066	0.00219176
2.68	7.91859	2.11248	0.000832871	0.00219589
2.69	7.91674	2.11646	0.000832676	0.00220002
2.7	7.91488	2.12043	0.000832481	0.00220415
2.71	7.91303	2.1244	0.000832286	0.00220828
2.72	7.91118	2.12837	0.000832091	0.00221241
2.73	7.90933	2.13234	0.000831896	0.00221654
2.74	7.90747	2.13631	0.000831701	0.00222067
2.75	7.90562	2.14028	0.000831507	0.00222479
2.76	7.90377	2.14425	0.000831312	0.00222892
2.77	7.90192	2.14822	0.000831117	0.00223304
2.78	7.90007	2.15218	0.000830922	0.00223716
2.79	7.89822	2.15615	0.000830728	0.00224128
2.8	7.89637	2.16011	0.000830533	0.0022454
2.81	7.89452	2.16408	0.000830339	0.00224952
2.82	7.89267	2.16804	0.000830144	0.00225364
2.83	7.89082	2.172	0.00082995	0.00225776
2.84	7.88897	2.17596	0.000829756	0.00226188
2.85	7.88713	2.17992	0.000829561	0.00226599
2.86	7.88528	2.18388	0.000829367	0.00227011
2.87	7.88343	2.18784	0.000829173	0.00227422
2.88	7.88159	2.19179	0.000828979	0.00227834
2.89	7.87974	2.19575	0.000828784	0.00228245
2.9	7.87789	2.1997	0.00082859	0.00228656
2.91	7.87605	2.20366	0.000828396	0.00229067
2.92	7.8742	2.20761	0.000828202	0.00229478
2.93	7.87236	2.21156	0.000828008	0.00229889
2.94	7.87052	2.21551	0.000827814	0.00230299
2.95	7.86867	2.21946	0.00082762	0.0023071
2.96	7.86683	2.22341	0.000827427	0.0023112
2.97	7.86499	2.22736	0.000827233	0.00231531
2.98	7.86315	2.23131	0.000827039	0.00231941
2.99	7.86131	2.23526	0.000826845	0.00232351
3	7.85946	2.2392	0.000826652	0.00232762
3.01	7.85762	2.24315	0.000826458	0.00233172
3.02	7.85578	2.24709	0.000826265	0.00233582
3.03	7.85394	2.25103	0.000826071	0.00233991
3.04	7.8521	2.25498	0.000825878	0.00234401
3.05	7.85026	2.25892	0.000825684	0.00234811
3.06	7.84843	2.26286	0.000825491	0.0023522
3.07	7.84659	2.2668	0.000825298	0.0023563
3.08	7.84475	2.27073	0.000825104	0.00236039
3.09	7.84291	2.27467	0.000824911	0.00236449
3.1	7.84108	2.27861	0.000824718	0.00236858
3.11	7.83924	2.28254	0.000824525	0.00237267
3.12	7.8374	2.28648	0.000824332	0.00237676
3.13	7.83557	2.29041	0.000824139	0.00238085
3.14	7.83373	2.29434	0.000823946	0.00238494
3.15	7.8319	2.29828	0.000823753	0.00238902
3.16	7.83006	2.30221	0.00082356	0.00239311
3.17	7.82823	2.30614	0.000823367	0.00239719
3.18	7.8264	2.31007	0.000823174	0.00240128
3.19	7.82456	2.31399	0.000822981	0.00240536
3.2	7.82273	2.31792	0.000822788	0.00240944
3.21	7.8209	2.32185	0.000822596	0.00241352
3.22	7.81907	2.32577	0.000822403	0.0024176
3.23	7.81724	2.3297	0.00082221	0.00242168
3.24	7.81541	2.33362	0.000822018	0.00242576
3.25	7.81358	2.33754	0.000821825	0.00242984
3.26	7.81175	2.34146	0.000821633	0.00243392
3.27	7.80992	2.34539	0.00082144	0.00243799
3.28	7.80809	2.3493	0.000821248	0.00244207
3.29	7.80626	2.35322	0.000821056	0.00244614
3.3	7.80443	2.35714	0.000820863	0.00245021
3.31	7.8026	2.36106	0.000820671	0.00245428
3.32	7.80078	2.36498	0.000820479	0.00245836
3.33	7.79895	2.36889	0.000820287	0.00246243
3.34	7.79712	2.3728	0.000820095	0.00246649
3.35	7.7953	2.37672	0.000819903	0.00247056
3.36	7.79347	2.38063	0.000819711	0.00247463
3.37	7.79165	2.38454	0.000819519	0.0024787
3.38	7.78982	2.38845	0.000819327	0.00248276
3.39	7.788	2.39236	0.000819135	0.00248682
3.4	7.78617	2.39627	0.000818943	0.00249089
3.41	7.78435	2.40018	0.000818751	0.00249495
3.42	7.78253	2.40409	0.00081856	0.00249901
3.43	7.7807	2.40799	0.000818368	0.00250307
3.44	7.77888	2.4119	0.000818176	0.00250713
3.45	7.77706	2.4158	0.000817985	0.00251119
3.46	7.77524	2.41971	0.000817793	0.00251525
3.47	7.77342	2.42361	0.000817601	0.0025193
3.48	7.7716	2.42751	0.00081741	0.00252336
3.49	7.76978	2.43141	0.000817219	0.00252741
3.5	7.76796	2.43531	0.000817027	0.00253147
3.51	7.76614	2.43921	0.000816836	0.00253552
3.52	7.76432	2.44311	0.000816644	0.00253957
3.53	7.7625	2.447	0.000816453	0.00254362
3.54	7.76068	2.4509	0.000816262	0.00254767
3.55	7.75886	2.45479	0.000816071	0.00255172
3.56	7.75705	2.45869	0.00081588	0.00255577
3.57	7.75523	2.46258	0.000815689	0.00255982
3.58	7.75341	2.46647	0.000815498	0.00256386
3.59	7.7516	2.47037	0.000815307	0.00256791
3.6	7.74978	2.47426	0.000815116	0.00257195
3.61	7.74797	2.47815	0.000814925	0.00257599
3.62	7.74615	2.48203	0.000814734	0.00258004
3.63	7.74434	2.48592	0.000814543	0.00258408
3.64	7.74253	2.48981	0.000814352	0.00258812
3.65	7.74071	2.4937	0.000814162	0.00259216
3.66	7.7389	2.49758	0.000813971	0.0025962
3.67	7.73709	2.50146	0.00081378	0.00260023
3.68	7.73528	2.50535	0.00081359	0.00260427
3.69	7.73346	2.50923	0.000813399	0.00260831
3.7	7.73165	2.51311	0.000813209	0.00261234
3.71	7.72984	2.51699	0.000813018	0.00261637
3.72	7.72803	2.52087	0.000812828	0.00262041
3.73	7.72622	2.52475	0.000812638	0.00262444
3.74	7.72441	2.52863	0.000812447	0.00262847
3.75	7.7226	2.53251	0.000812257	0.0026325
3.76	7.72079	2.53638	0.000812067	0.00263653
3.77	7.71899	2.54026	0.000811876	0.00264056
3.78	7.71718	2.54413	0.000811686	0.00264458
3.79	7.71537	2.548	0.000811496	0.00264861
3.8	7.71356	2.55188	0.000811306	0.00265264
3.81	7.71176	2.55575	0.000811116	0.00265666
3.82	7.70995	2.55962	0.000810926	0.00266068
3.83	7.70815	2.56349	0.000810736	0.00266471
3.84	7.70634	2.56736	0.000810546	0.00266873
3.85	7.70454	2.57122	0.000810357	0.00267275
3.86	7.70273	2.57509	0.000810167	0.00267677
3.87	7.70093	2.57896	0.000809977	0.00268079
3.88	7.69912	2.58282	0.000809787	0.0026848
3.89	7.69732	2.58669	0.000809598	0.00268882
3.9	7.69552	2.59055	0.000809408	0.00269284
3.91	7.69372	2.59441	0.000809219	0.00269685
3.92	7.69191	2.59827	0.000809029	0.00270087
3.93	7.69011	2.60213	0.00080884	0.00270488
3.94	7.68831	2.60599	0.00080865	0.00270889
3.95	7.68651	2.60985	0.000808461	0.0027129
3.96	7.68471	2.61371	0.000808271	0.00271691
3.97	7.68291	2.61757	0.000808082	0.00272092
3.98	7.68111	2.62142	0.000807893	0.00272493
3.99	7.67931	2.62528	0.000807704	0.00272894
4	7.67751	2.62913	0.000807515	0.00273294
4.01	7.67572	2.63299	0.000807325	0.00273695
4.02	7.67392	2.63684	0.000807136	0.00274095
4.03	7.67212	2.64069	0.000806947	0.00274496
4.04	7.67032	2.64454	0.000806758	0.00274896
4.05	7.66853	2.64839	0.000806569	0.00275296
4.06	7.66673	2.65224	0.00080638	0.00275696
4.07	7.66494	2.65609	0.000806192	0.00276096
4.08	7.66314	2.65994	0.000806003	0.00276496
4.09	7.66135	2.66378	0.000805814	0.00276896
4.1	7.65955	2.66763	0.000805625	0.00277296
4.11	7.65776	2.67147	0.000805437	0.00277695
4.12	7.65597	2.67531	0.000805248	0.00278095
4.13	7.65417	2.67916	0.000805059	0.00278494
4.14	7.65238	2.683	0.000804871	0.00278894
4.15	7.65059	2.68684	0.000804682	0.00279293
4.16	7.6488	2.69068	0.000804494	0.00279692
4.17	7.647	2.69452	0.000804306	0.00280091
4.18	7.64521	2.69836	0.000804117	0.0028049
4.19	7.64342	2.70219	0.000803929	0.00280889
4.2	7.64163	2.70603	0.000803741	0.00281288
4.21	7.63984	2.70987	0.000803552	0.00281686
4.22	7.63805	2.7137	0.000803364	0.00282085
4.23	7.63627	2.71753	0.000803176	0.00282483
4.24	7.63448	2.72137	0.000802988	0.00282882
4.25	7.63269	2.7252	0.0008028	0.0028328
4.26	7.6309	2.72903	0.000802612	0.00283678
4.27	7.62911	2.73286	0.000802424	0.00284076
4.28	7.62733	2.73669	0.000802236	0.00284475
4.29	7.62554	2.74052	0.000802048	0.00284872
4.3	7.62376	2.74434	0.00080186	0.0028527
4.31	7.62197	2.74817	0.000801672	0.00285668
4.32	7.62019	2.752	0.000801485	0.00286066
4.33	7.6184	2.75582	0.000801297	0.00286463
4.34	7.61662	2.75964	0.000801109	0.00286861
4.35	7.61483	2.76347	0.000800922	0.00287258
4.36	7.61305	2.76729	0.000800734	0.00287655
4.37	7.61127	2.77111	0.000800547	0.00288053
4.38	7.60948	2.77493	0.000800359	0.0028845
4.39	7.6077	2.77875	0.000800172	0.00288847
4.4	7.60592	2.78257	0.000799984	0.00289244
4.41	7.60414	2.78638	0.000799797	0.0028964
4.42	7.60236	2.7902	0.00079961	0.00290037
4.43	7.60058	2.79402	0.000799422	0.00290434
4.44	7.5988	2.79783	0.000799235	0.0029083
4.45	7.59702	2.80165	0.000799048	0.00291227
4.46	7.59524	2.80546	0.000798861	0.00291623
4.47	7.59346	2.80927	0.000798674	0.00292019
4.48	7.59168	2.81308	0.000798487	0.00292416
4.49	7.5899	2.81689	0.0007983	0.00292812
4.5	7.58813	2.8207	0.000798113	0.00293208
4.51	7.58635	2.82451	0.000797926	0.00293603
4.52	7.58457	2.82832	0.000797739	0.00293999
4.53	7.5828	2.83212	0.000797552	0.00294395
4.54	7.58102	2.83593	0.000797365	0.00294791
4.55	7.57924	2.83973	0.000797179	0.00295186
4.56	7.57747	2.84354	0.000796992	0.00295582
4.57	7.57569	2.84734	0.000796805	0.00295977
4.58	7.57392	2.85114	0.000796619	0.00296372
4.59	7.57215	2.85495	0.000796432	0.00296767
4.6	7.57037	2.85875	0.000796245	0.00297162
4.61	7.5686	2.86255	0.000796059	0.00297557
4.62	7.56683	2.86634	0.000795873	0.00297952
4.63	7.56506	2.87014	0.000795686	0.00298347
4.64	7.56328	2.87394	0.0007955	0.00298742
4.65	7.56151	2.87774	0.000795314	0.00299136
4.66	7.55974	2.88153	0.000795127	0.00299531
4.67	7.55797	2.88532	0.000794941	0.00299925
4.68	7.5562	2.88912	0.000794755	0.00300319
4.69	7.55443	2.89291	0.000794569	0.00300714
4.7	7.55266	2.8967	0.000794383	0.00301108
4.71	7.55089	2.90049	0.000794197	0.00301502
4.72	7.54913	2.90428	0.000794011	0.00301896
4.73	7.54736	2.90807	0.000793825	0.0030229
4.74	7.54559	2.91186	0.000793639	0.00302683
4.75	7.54382	2.91565	0.000793453	0.00303077
4.76	7.54206	2.91943	0.000793267	0.00303471
4.77	7.54029	2.92322	0.000793081	0.00303864
4.78	7.53852	2.927	0.000792896	0.00304257
4.79	7.53676	2.93079	0.00079271	0.00304651
4.8	7.53499	2.93457	0.000792524	0.00305044
4.81	7.53323	2.93835	0.000792339	0.00305437
4.82	7.53146	2.94213	0.000792153	0.0030583
4.83	7.5297	2.94591	0.000791967	0.00306223
4.84	7.52794	2.94969	0.000791782	0.00306616
4.85	7.52617	2.95347	0.000791597	0.00307009
4.86	7.52441	2.95725	0.000791411	0.00307401
4.87	7.52265	2.96102	0.000791226	0.00307794
4.88	7.52089	2.9648	0.000791041	0.00308186
4.89	7.51913	2.96857	0.000790855	0.00308579
4.9	7.51736	2.97235	0.00079067	0.00308971
4.91	7.5156	2.97612	0.000790485	0.00309363
4.92	7.51384	2.97989	0.0007903	0.00309755
4.93	7.51208	2.98366	0.000790115	0.00310147
4.94	7.51032	2.98743	0.00078993	0.00310539
4.95	7.50857	2.9912	0.000789745	0.00310931
4.96	7.50681	2.99497	0.00078956	0.00311323
4.97	7.50505	2.99874	0.000789375	0.00311714
4.98	7.50329	3.00251	0.00078919	0.00312106
4.99	7.50153	3.00627	0.000789005	0.00312498
5	7.49978	3.01004	0.00078882	0.00312889
5.01	7.49802	3.0138	0.000788636	0.0031328
5.02	7.49627	3.01757	0.000788451	0.00313671
5.03	7.49451	3.02133	0.000788266	0.00314062
5.04	7.49275	3.02509	0.000788082	0.00314453
5.05	7.491	3.02885	0.000787897	0.00314844
5.06	7.48925	3.03261	0.000787712	0.00315235
5.07	7.48749	3.03637	0.000787528	0.00315626
5.08	7.48574	3.04013	0.000787344	0.00316017
5.09	7.48398	3.04388	0.000787159	0.00316407
5.1	7.48223	3.04764	0.000786975	0.00316798
5.11	7.48048	3.0514	0.000786791	0.00317188
5.12	7.47873	3.05515	0.000786606	0.00317578
5.13	7.47698	3.0589	0.000786422	0.00317968
5.14	7.47522	3.06266	0.000786238	0.00318358
5.15	7.47347	3.06641	0.000786054	0.00318748
5.16	7.47172	3.07016	0.00078587	0.00319138
5.17	7.46997	3.07391	0.000785686	0.00319528
5.18	7.46822	3.07766	0.000785502	0.00319918
5.19	7.46648	3.08141	0.000785318	0.00320308
5.2	7.46473	3.08515	0.000785134	0.00320697
5.21	7.46298	3.0889	0.00078495	0.00321087
5.22	7.46123	3.09265	0.000784766	0.00321476
5.23	7.45948	3.09639	0.000784582	0.00321865
5.24	7.45774	3.10014	0.000784398	0.00322254
5.25	7.45599	3.10388	0.000784215	0.00322643
5.26	7.45424	3.10762	0.000784031	0.00323032
5.27	7.4525	3.11136	0.000783847	0.00323421
5.28	7.45075	3.1151	0.000783664	0.0032381
5.29	7.44901	3.11884	0.00078348	0.00324199
5.3	7.44726	3.12258	0.000783297	0.00324587
5.31	7.44552	3.12632	0.000783113	0.00324976
5.32	7.44378	3.13006	0.00078293	0.00325364
5.33	7.44203	3.13379	0.000782747	0.00325753
5.34	7.44029	3.13753	0.000782563	0.00326141
5.35	7.43855	3.14126	0.00078238	0.00326529
5.36	7.4368	3.14499	0.000782197	0.00326917
5.37	7.43506	3.14873	0.000782014	0.00327305
5.38	7.43332	3.15246	0.000781831	0.00327693
5.39	7.43158	3.15619	0.000781647	0.00328081
5.4	7.42984	3.15992	0.000781464	0.00328469
5.41	7.4281	3.16365	0.000781281	0.00328856
5.42	7.42636	3.16738	0.000781098	0.00329244
5.43	7.42462	3.1711	0.000780915	0.00329631
5.44	7.42288	3.17483	0.000780733	0.00330019
5.45	7.42114	3.17856	0.00078055	0.00330406
5.46	7.41941	3.18228	0.000780367	0.00330793
5.47	7.41767	3.186	0.000780184	0.0033118
5.48	7.41593	3.18973	0.000780001	0.00331567
5.49	7.41419	3.19345	0.000779819	0.00331954
5.5	7.41246	3.19717	0.000779636	0.00332341
5.51	7.41072	3.20089	0.000779454	0.00332728
5.52	7.40899	3.20461	0.000779271	0.00333114
5.53	7.40725	3.20833	0.000779088	0.00333501
5.54	7.40552	3.21205	0.000778906	0.00333887
5.55	7.40378	3.21576	0.000778724	0.00334274
5.56	7.40205	3.21948	0.000778541	0.0033466
5.57	7.40031	3.2232	0.000778359	0.00335046
5.58	7.39858	3.22691	0.000778177	0.00335432
5.59	7.39685	3.23062	0.000777994	0.00335818
5.6	7.39512	3.23434	0.000777812	0.00336204
5.61	7.39338	3.23805	0.00077763	0.0033659
5.62	7.39165	3.24176	0.000777448	0.00336976
5.63	7.38992	3.24547	0.000777266	0.00337361
5.64	7.38819	3.24918	0.000777084	0.00337747
5.65	7.38646	3.25288	0.000776902	0.00338132
5.66	7.38473	3.25659	0.00077672	0.00338518
5.67	7.383	3.2603	0.000776538	0.00338903
5.68	7.38127	3.264	0.000776356	0.00339288
5.69	7.37954	3.26771	0.000776174	0.00339673
5.7	7.37782	3.27141	0.000775992	0.00340058
5.71	7.37609	3.27512	0.000775811	0.00340443
5.72	7.37436	3.27882	0.000775629	0.00340828
5.73	7.37263	3.28252	0.000775447	0.00341213
5.74	7.37091	3.28622	0.000775266	0.00341597
5.75	7.36918	3.28992	0.000775084	0.00341982
5.76	7.36745	3.29362	0.000774903	0.00342366
5.77	7.36573	3.29732	0.000774721	0.00342751
5.78	7.364	3.30101	0.00077454	0.00343135
5.79	7.36228	3.30471	0.000774358	0.00343519
5.8	7.36055	3.3084	0.000774177	0.00343903
5.81	7.35883	3.3121	0.000773996	0.00344287
5.82	7.35711	3.31579	0.000773814	0.00344671
5.83	7.35538	3.31948	0.000773633	0.00345055
5.84	7.35366	3.32318	0.000773452	0.00345439
5.85	7.35194	3.32687	0.000773271	0.00345823
5.86	7.35022	3.33056	0.00077309	0.00346206
5.87	7.3485	3.33425	0.000772909	0.0034659
5.88	7.34678	3.33793	0.000772728	0.00346973
5.89	7.34506	3.34162	0.000772547	0.00347356
5.9	7.34333	3.34531	0.000772366	0.0034774
5.91	7.34162	3.34899	0.000772185	0.00348123
5.92	7.3399	3.35268	0.000772004	0.00348506
5.93	7.33818	3.35636	0.000771823	0.00348889
5.94	7.33646	3.36004	0.000771642	0.00349272
5.95	7.33474	3.36373	0.000771462	0.00349654
5.96	7.33302	3.36741	0.000771281	0.00350037
5.97	7.3313	3.37109	0.0007711	0.0035042
5.98	7.32959	3.37477	0.00077092	0.00350802
5.99	7.32787	3.37845	0.000770739	0.00351184
6	7.32616	3.38212	0.000770559	0.00351567
6.01	7.32444	3.3858	0.000770378	0.00351949
6.02	7.32272	3.38948	0.000770198	0.00352331
6.03	7.32101	3.39315	0.000770018	0.00352713
6.04	7.31929	3.39683	0.000769837	0.00353095
6.05	7.31758	3.4005	0.000769657	0.00353477
6.06	7.31587	3.40417	0.000769477	0.00353859
6.07	7.31415	3.40785	0.000769296	0.0035424
6.08	7.31244	3.41152	0.000769116	0.00354622
6.09	7.31073	3.41519	0.000768936	0.00355003
6.1	7.30902	3.41886	0.000768756	0.00355385
6.11	7.3073	3.42252	0.000768576	0.00355766
6.12	7.30559	3.42619	0.000768396	0.00356147
6.13	7.30388	3.42986	0.000768216	0.00356529
6.14	7.30217	3.43353	0.000768036	0.0035691
6.15	7.30046	3.43719	0.000767856	0.00357291
6.16	7.29875	3.44085	0.000767676	0.00357672
6.17	7.29704	3.44452	0.000767497	0.00358052
6.18	7.29533	3.44818	0.000767317	0.00358433
6.19	7.29362	3.45184	0.000767137	0.00358814
6.2	7.29192	3.4555	0.000766958	0.00359194
6.21	7.29021	3.45916	0.000766778	0.00359575
6.22	7.2885	3.46282	0.000766598	0.00359955
6.23	7.28679	3.46648	0.000766419	0.00360335
6.24	7.28509	3.47014	0.000766239	0.00360715
6.25	7.28338	3.47379	0.00076606	0.00361095
6.26	7.28168	3.47745	0.00076588	0.00361475
6.27	7.27997	3.4811	0.000765701	0.00361855
6.28	7.27827	3.48476	0.000765522	0.00362235
6.29	7.27656	3.48841	0.000765343	0.00362615
6.3	7.27486	3.49206	0.000765163	0.00362995
6.31	7.27315	3.49571	0.000764984	0.00363374
6.32	7.27145	3.49936	0.000764805	0.00363754
6.33	7.26975	3.50301	0.000764626	0.00364133
6.34	7.26804	3.50666	0.000764447	0.00364512
6.35	7.26634	3.51031	0.000764268	0.00364891
6.36	7.26464	3.51396	0.000764089	0.0036527
6.37	7.26294	3.5176	0.00076391	0.00365649
6.38	7.26124	3.52125	0.000763731	0.00366028
6.39	7.25954	3.52489	0.000763552	0.00366407
6.4	7.25784	3.52854	0.000763373	0.00366786
6.41	7.25614	3.53218	0.000763194	0.00367165
6.42	7.25444	3.53582	0.000763016	0.00367543
6.43	7.25274	3.53946	0.000762837	0.00367922
6.44	7.25104	3.5431	0.000762658	0.003683
6.45	7.24934	3.54674	0.00076248	0.00368678
6.46	7.24764	3.55038	0.000762301	0.00369057
6.47	7.24595	3.55402	0.000762123	0.00369435
6.48	7.24425	3.55765	0.000761944	0.00369813
6.49	7.24255	3.56129	0.000761766	0.00370191
6.5	7.24086	3.56493	0.000761587	0.00370569
6.51	7.23916	3.56856	0.000761409	0.00370946
6.52	7.23747	3.57219	0.000761231	0.00371324
6.53	7.23577	3.57583	0.000761052	0.00371702
6.54	7.23408	3.57946	0.000760874	0.00372079
6.55	7.23238	3.58309	0.000760696	0.00372457
6.56	7.23069	3.58672	0.000760518	0.00372834
6.57	7.22899	3.59035	0.00076034	0.00373211
6.58	7.2273	3.59398	0.000760162	0.00373588
6.59	7.22561	3.5976	0.000759983	0.00373965
6.6	7.22392	3.60123	0.000759806	0.00374342
6.61	7.22223	3.60486	0.000759628	0.00374719
6.62	7.22053	3.60848	0.00075945	0.00375096
6.63	7.21884	3.6121	0.000759272	0.00375473
6.64	7.21715	3.61573	0.000759094	0.00375849
6.65	7.21546	3.61935	0.000758916	0.00376226
6.66	7.21377	3.62297	0.000758738	0.00376602
6.67	7.21208	3.62659	0.000758561	0.00376979
6.68	7.21039	3.63021	0.000758383	0.00377355
6.69	7.2087	3.63383	0.000758206	0.00377731
6.7	7.20702	3.63745	0.000758028	0.00378107
6.71	7.20533	3.64107	0.00075785	0.00378483
6.72	7.20364	3.64468	0.000757673	0.00378859
6.73	7.20195	3.6483	0.000757495	0.00379235
6.74	7.20027	3.65191	0.000757318	0.00379611
6.75	7.19858	3.65553	0.000757141	0.00379986
6.76	7.1969	3.65914	0.000756963	0.00380362
6.77	7.19521	3.66275	0.000756786	0.00380737
6.78	7.19352	3.66636	0.000756609	0.00381113
6.79	7.19184	3.66997	0.000756432	0.00381488
6.8	7.19016	3.67358	0.000756255	0.00381863
6.81	7.18847	3.67719	0.000756077	0.00382238
6.82	7.18679	3.6808	0.0007559	0.00382613
6.83	7.18511	3.68441	0.000755723	0.00382988
6.84	7.18342	3.68801	0.000755546	0.00383363
6.85	7.18174	3.69162	0.000755369	0.00383738
6.86	7.18006	3.69522	0.000755192	0.00384113
6.87	7.17838	3.69883	0.000755016	0.00384487
6.88	7.1767	3.70243	0.000754839	0.00384862
6.89	7.17501	3.70603	0.000754662	0.00385236
6.9	7.17333	3.70963	0.000754485	0.00385611
6.91	7.17165	3.71323	0.000754309	0.00385985
6.92	7.16997	3.71683	0.000754132	0.00386359
6.93	7.1683	3.72043	0.000753955	0.00386733
6.94	7.16662	3.72403	0.000753779	0.00387107
6.95	7.16494	3.72763	0.000753602	0.00387481
6.96	7.16326	3.73122	0.000753426	0.00387855
6.97	7.16158	3.73482	0.000753249	0.00388229
6.98	7.15991	3.73841	0.000753073	0.00388602
6.99	7.15823	3.742	0.000752896	0.00388976
7	7.15655	3.7456	0.00075272	0.00389349
7.01	7.15488	3.74919	0.000752544	0.00389723
7.02	7.1532	3.75278	0.000752368	0.00390096
7.03	7.15153	3.75637	0.000752191	0.00390469
7.04	7.14985	3.75996	0.000752015	0.00390842
7.05	7.14818	3.76355	0.000751839	0.00391215
7.06	7.1465	3.76714	0.000751663	0.00391588
7.07	7.14483	3.77072	0.000751485	0.00391961
7.08	7.14315	3.77431	0.000751306	0.00392334
7.09	7.14148	3.77789	0.000751126	0.00392706
7.1	7.13981	3.78148	0.000750944	0.00393079
7.11	7.13814	3.78506	0.000750761	0.00393451
7.12	7.13647	3.78864	0.000750577	0.00393824
7.13	7.13479	3.79223	0.000750392	0.00394196
7.14	7.13312	3.79581	0.000750206	0.00394568
7.15	7.13145	3.79939	0.000750018	0.0039494
7.16	7.12978	3.80297	0.000749829	0.00395313
7.17	7.12811	3.80654	0.000749639	0.00395684
7.18	7.12644	3.81012	0.000749447	0.00396056
7.19	7.12478	3.8137	0.000749255	0.00396428
7.2	7.12311	3.81727	0.000749061	0.003968
7.21	7.12144	3.82085	0.000748866	0.00397171
7.22	7.11977	3.82442	0.000748669	0.00397543
7.23	7.1181	3.82799	0.000748472	0.00397914
7.24	7.11644	3.83157	0.000748273	0.00398285
7.25	7.11477	3.83514	0.000748073	0.00398657
7.26	7.11311	3.83871	0.000747871	0.00399028
7.27	7.11144	3.84227	0.000747669	0.00399399
7.28	7.10978	3.84584	0.000747465	0.00399769
7.29	7.10811	3.84941	0.00074726	0.0040014
7.3	7.10645	3.85297	0.000747053	0.00400511
7.31	7.10478	3.85654	0.000746846	0.00400881
7.32	7.10312	3.8601	0.000746637	0.00401252
7.33	7.10146	3.86367	0.000746427	0.00401622
7.34	7.0998	3.86723	0.000746215	0.00401992
7.35	7.09814	3.87079	0.000746003	0.00402363
7.36	7.09647	3.87435	0.000745789	0.00402733
7.37	7.09481	3.87791	0.000745574	0.00403103
7.38	7.09315	3.88147	0.000745358	0.00403472
7.39	7.09149	3.88502	0.00074514	0.00403842
7.4	7.08983	3.88858	0.000744922	0.00404212
7.41	7.08818	3.89213	0.000744702	0.00404581
7.42	7.08652	3.89569	0.00074448	0.00404951
7.43	7.08486	3.89924	0.000744258	0.0040532
7.44	7.0832	3.90279	0.000744034	0.00405689
7.45	7.08155	3.90634	0.000743809	0.00406058
7.46	7.07989	3.90989	0.000743583	0.00406427
7.47	7.07823	3.91344	0.000743356	0.00406796
7.48	7.07658	3.91699	0.000743127	0.00407165
7.49	7.07492	3.92053	0.000742897	0.00407533
7.5	7.07327	3.92408	0.000742666	0.00407902
7.51	7.07162	3.92762	0.000742434	0.0040827
7.52	7.06996	3.93116	0.0007422	0.00408638
7.53	7.06831	3.93471	0.000741965	0.00409007
7.54	7.06666	3.93825	0.000741729	0.00409375
7.55	7.06501	3.94179	0.000741492	0.00409743
7.56	7.06336	3.94532	0.000741253	0.0041011
7.57	7.06171	3.94886	0.000741014	0.00410478
7.58	7.06006	3.9524	0.000740773	0.00410846
7.59	7.05841	3.95593	0.00074053	0.00411213
7.6	7.05676	3.95947	0.000740287	0.0041158
7.61	7.05511	3.963	0.000740042	0.00411948
7.62	7.05346	3.96653	0.000739796	0.00412315
7.63	7.05181	3.97006	0.000739549	0.00412682
7.64	7.05017	3.97359	0.000739301	0.00413049
7.65	7.04852	3.97712	0.000739051	0.00413415
7.66	7.04688	3.98064	0.0007388	0.00413782
7.67	7.04523	3.98417	0.000738548	0.00414148
7.68	7.04359	3.98769	0.000738295	0.00414515
7.69	7.04194	3.99122	0.00073804	0.00414881
7.7	7.0403	3.99474	0.000737784	0.00415247
7.71	7.03866	3.99826	0.000737527	0.00415613
7.72	7.03701	4.00178	0.000737269	0.00415979
7.73	7.03537	4.0053	0.000737009	0.00416344
7.74	7.03373	4.00881	0.000736749	0.0041671
7.75	7.03209	4.01233	0.000736487	0.00417075
7.76	7.03045	4.01584	0.000736223	0.00417441
7.77	7.02881	4.01936	0.000735959	0.00417806
7.78	7.02717	4.02287	0.000735693	0.00418171
7.79	7.02553	4.02638	0.000735427	0.00418536
7.8	7.0239	4.02989	0.000735158	0.00418901
7.81	7.02226	4.0334	0.000734889	0.00419265
7.82	7.02062	4.0369	0.000734618	0.0041963
7.83	7.01899	4.04041	0.000734347	0.00419994
7.84	7.01735	4.04391	0.000734074	0.00420359
7.85	7.01572	4.04742	0.000733799	0.00420723
7.86	7.01408	4.05092	0.000733524	0.00421087
7.87	7.01245	4.05442	0.000733247	0.00421451
7.88	7.01082	4.05792	0.000732969	0.00421814
7.89	7.00919	4.06142	0.00073269	0.00422178
7.9	7.00755	4.06491	0.00073241	0.00422541
7.91	7.00592	4.06841	0.000732128	0.00422905
7.92	7.00429	4.0719	0.000731845	0.00423268
7.93	7.00266	4.07539	0.000731561	0.00423631
7.94	7.00103	4.07888	0.000731276	0.00423994
7.95	6.99941	4.08237	0.000730989	0.00424356
7.96	6.99778	4.08586	0.000730701	0.00424719
7.97	6.99615	4.08935	0.000730412	0.00425081
7.98	6.99453	4.09283	0.000730122	0.00425444
7.99	6.9929	4.09632	0.000729831	0.00425806
8	6.99127	4.0998	0.000729538	0.00426168
8.01	6.98965	4.10328	0.000729244	0.0042653
8.02	6.98803	4.10676	0.000728949	0.00426892
8.03	6.9864	4.11024	0.000728653	0.00427253
8.04	6.98478	4.11372	0.000728355	0.00427615
8.05	6.98316	4.11719	0.000728057	0.00427976
8.06	6.98154	4.12067	0.000727757	0.00428337
8.07	6.97992	4.12414	0.000727455	0.00428698
8.08	6.9783	4.12761	0.000727153	0.00429059
8.09	6.97668	4.13108	0.000726849	0.0042942
8.1	6.97506	4.13455	0.000726544	0.0042978
8.11	6.97344	4.13802	0.000726238	0.0043014
8.12	6.97183	4.14148	0.000725931	0.00430501
8.13	6.97021	4.14495	0.000725623	0.00430861
8.14	6.96859	4.14841	0.000725313	0.00431221
8.15	6.96698	4.15187	0.000725002	0.0043158
8.16	6.96536	4.15533	0.00072469	0.0043194
8.17	6.96375	4.15879	0.000724376	0.004323
8.18	6.96214	4.16224	0.000724062	0.00432659
8.19	6.96053	4.1657	0.000723746	0.00433018
8.2	6.95891	4.16915	0.000723429	0.00433377
8.21	6.9573	4.1726	0.000723111	0.00433736
8.22	6.95569	4.17606	0.000722791	0.00434095
8.23	6.95408	4.1795	0.00072247	0.00434453
8.24	6.95247	4.18295	0.000722148	0.00434811
8.25	6.95087	4.1864	0.000721825	0.0043517
8.26	6.94926	4.18984	0.000721501	0.00435528
8.27	6.94765	4.19329	0.000721176	0.00435886
8.28	6.94605	4.19673	0.000720849	0.00436243
8.29	6.94444	4.20017	0.000720521	0.00436601
8.3	6.94284	4.2036	0.000720192	0.00436958
8.31	6.94123	4.20704	0.000719861	0.00437316
8.32	6.93963	4.21048	0.00071953	0.00437673
8.33	6.93803	4.21391	0.000719197	0.0043803
8.34	6.93643	4.21734	0.000718863	0.00438386
8.35	6.93483	4.22077	0.000718528	0.00438743
8.36	6.93323	4.2242	0.000718191	0.00439099
8.37	6.93163	4.22763	0.000717854	0.00439456
8.38	6.93003	4.23105	0.000717515	0.00439812
8.39	6.92843	4.23448	0.000717175	0.00440167
8.4	6.92683	4.2379	0.000716833	0.00440523
8.41	6.92524	4.24132	0.000716491	0.00440879
8.42	6.92364	4.24474	0.000716147	0.00441234
8.43	6.92205	4.24816	0.000715802	0.00441589
8.44	6.92045	4.25157	0.000715456	0.00441945
8.45	6.91886	4.25499	0.000715109	0.00442299
8.46	6.91727	4.2584	0.00071476	0.00442654
8.47	6.91568	4.26181	0.000714411	0.00443009
8.48	6.91409	4.26522	0.00071406	0.00443363
8.49	6.9125	4.26863	0.000713708	0.00443717
8.5	6.91091	4.27203	0.000713354	0.00444071
8.51	6.90932	4.27544	0.000713	0.00444425
8.52	6.90773	4.27884	0.000712644	0.00444779
8.53	6.90615	4.28224	0.000712287	0.00445132
8.54	6.90456	4.28564	0.000711929	0.00445486
8.55	6.90297	4.28904	0.00071157	0.00445839
8.56	6.90139	4.29243	0.000711209	0.00446192
8.57	6.89981	4.29583	0.000710848	0.00446544
8.58	6.89822	4.29922	0.000710485	0.00446897
8.59	6.89664	4.30261	0.00071012	0.00447249
8.6	6.89506	4.306	0.000709755	0.00447602
8.61	6.89348	4.30938	0.000709389	0.00447954
8.62	6.8919	4.31277	0.000709021	0.00448306
8.63	6.89032	4.31615	0.000708652	0.00448657
8.64	6.88874	4.31953	0.000708282	0.00449009
8.65	6.88717	4.32291	0.000707911	0.0044936
8.66	6.88559	4.32629	0.000707538	0.00449711
8.67	6.88401	4.32967	0.000707164	0.00450062
8.68	6.88244	4.33304	0.00070679	0.00450413
8.69	6.88087	4.33641	0.000706414	0.00450764
8.7	6.87929	4.33979	0.000706036	0.00451114
8.71	6.87772	4.34315	0.000705658	0.00451464
8.72	6.87615	4.34652	0.000705278	0.00451814
8.73	6.87458	4.34989	0.000704897	0.00452164
8.74	6.87301	4.35325	0.000704515	0.00452514
8.75	6.87144	4.35661	0.000704132	0.00452863
8.76	6.86987	4.35997	0.000703748	0.00453213
8.77	6.86831	4.36333	0.000703362	0.00453562
8.78	6.86674	4.36669	0.000702975	0.00453911
8.79	6.86517	4.37004	0.000702587	0.00454259
8.8	6.86361	4.3734	0.000702198	0.00454608
8.81	6.86205	4.37675	0.000701808	0.00454956
8.82	6.86048	4.38009	0.000701416	0.00455304
8.83	6.85892	4.38344	0.000701024	0.00455652
8.84	6.85736	4.38679	0.00070063	0.00456
8.85	6.8558	4.39013	0.000700235	0.00456347
8.86	6.85424	4.39347	0.000699838	0.00456695
8.87	6.85268	4.39681	0.000699441	0.00457042
8.88	6.85113	4.40015	0.000699042	0.00457389
8.89	6.84957	4.40348	0.000698642	0.00457736
8.9	6.84801	4.40682	0.000698241	0.00458082
8.91	6.84646	4.41015	0.000697839	0.00458428
8.92	6.84491	4.41348	0.000697436	0.00458775
8.93	6.84335	4.41681	0.000697031	0.00459121
8.94	6.8418	4.42013	0.000696625	0.00459466
8.95	6.84025	4.42346	0.000696219	0.00459812
8.96	6.8387	4.42678	0.000695811	0.00460157
8.97	6.83715	4.4301	0.000695401	0.00460502
8.98	6.8356	4.43342	0.000694991	0.00460847
8.99	6.83405	4.43674	0.000694579	0.00461192
9	6.83251	4.44005	0.000694166	0.00461537
9.01	6.83096	4.44336	0.000693752	0.00461881
9.02	6.82942	4.44667	0.000693337	0.00462225
9.03	6.82787	4.44998	0.000692921	0.00462569
9.04	6.82633	4.45329	0.000692504	0.00462913
9.05	6.82479	4.45659	0.000692085	0.00463256
9.06	6.82325	4.4599	0.000691665	0.00463599
9.07	6.82171	4.4632	0.000691244	0.00463942
9.08	6.82017	4.4665	0.000690822	0.00464285
9.09	6.81863	4.46979	0.000690399	0.00464628
9.1	6.81709	4.47309	0.000689974	0.0046497
9.11	6.81556	4.47638	0.000689548	0.00465313
9.12	6.81402	4.47967	0.000689121	0.00465655
9.13	6.81249	4.48296	0.000688693	0.00465997
9.14	6.81095	4.48624	0.000688264	0.00466338
9.15	6.80942	4.48953	0.000687834	0.0046668
9.16	6.80789	4.49281	0.000687402	0.00467021
9.17	6.80636	4.49609	0.00068697	0.00467362
9.18	6.80483	4.49937	0.000686536	0.00467703
9.19	6.8033	4.50265	0.000686101	0.00468043
9.2	6.80177	4.50592	0.000685665	0.00468383
9.21	6.80025	4.50919	0.000685227	0.00468724
9.22	6.79872	4.51246	0.000684789	0.00469063
9.23	6.79719	4.51573	0.000684349	0.00469403
9.24	6.79567	4.51899	0.000683908	0.00469743
9.25	6.79415	4.52226	0.000683466	0.00470082
9.26	6.79263	4.52552	0.000683023	0.00470421
9.27	6.79111	4.52878	0.000682579	0.0047076
9.28	6.78959	4.53204	0.000682133	0.00471098
9.29	6.78807	4.53529	0.000681687	0.00471437
9.3	6.78655	4.53854	0.000681239	0.00471775
9.31	6.78503	4.54179	0.00068079	0.00472113
9.32	6.78352	4.54504	0.00068034	0.0047245
9.33	6.782	4.54829	0.000679889	0.00472788
9.34	6.78049	4.55153	0.000679436	0.00473125
9.35	6.77897	4.55478	0.000678983	0.00473462
9.36	6.77746	4.55802	0.000678528	0.00473799
9.37	6.77595	4.56125	0.000678072	0.00474135
9.38	6.77444	4.56449	0.000677615	0.00474472
9.39	6.77293	4.56772	0.000677157	0.00474808
9.4	6.77143	4.57095	0.000676698	0.00475144
9.41	6.76992	4.57418	0.000676237	0.00475479
9.42	6.76841	4.57741	0.000675776	0.00475815
9.43	6.76691	4.58064	0.000675313	0.0047615
9.44	6.7654	4.58386	0.000674849	0.00476485
9.45	6.7639	4.58708	0.000674384	0.0047682
9.46	6.7624	4.5903	0.000673918	0.00477154
9.47	6.7609	4.59351	0.000673451	0.00477489
9.48	6.7594	4.59673	0.000672982	0.00477823
9.49	6.7579	4.59994	0.000672513	0.00478156
9.5	6.7564	4.60315	0.000672042	0.0047849
9.51	6.75491	4.60635	0.00067157	0.00478823
9.52	6.75341	4.60956	0.000671097	0.00479157
9.53	6.75192	4.61276	0.000670623	0.00479489
9.54	6.75042	4.61596	0.000670147	0.00479822
9.55	6.74893	4.61916	0.000669671	0.00480154
9.56	6.74744	4.62235	0.000669193	0.00480487
9.57	6.74595	4.62555	0.000668715	0.00480819
9.58	6.74446	4.62874	0.000668235	0.0048115
9.59	6.74297	4.63193	0.000667754	0.00481482
9.6	6.74149	4.63511	0.000667272	0.00481813
9.61	6.74	4.6383	0.000666788	0.00482144
9.62	6.73852	4.64148	0.000666304	0.00482475
9.63	6.73703	4.64466	0.000665818	0.00482805
9.64	6.73555	4.64784	0.000665332	0.00483136
9.65	6.73407	4.65101	0.000664844	0.00483466
9.66	6.73259	4.65418	0.000664355	0.00483795
9.67	6.73111	4.65735	0.000663865	0.00484125
9.68	6.72963	4.66052	0.000663374	0.00484454
9.69	6.72815	4.66369	0.000662881	0.00484783
9.7	6.72668	4.66685	0.000662388	0.00485112
9.71	6.7252	4.67001	0.000661893	0.00485441
9.72	6.72373	4.67317	0.000661398	0.00485769
9.73	6.72226	4.67633	0.000660901	0.00486097
9.74	6.72079	4.67948	0.000660403	0.00486425
9.75	6.71931	4.68263	0.000659904	0.00486752
9.76	6.71785	4.68578	0.000659403	0.0048708
9.77	6.71638	4.68893	0.000658902	0.00487407
9.78	6.71491	4.69207	0.0006584	0.00487734
9.79	6.71344	4.69521	0.000657896	0.0048806
9.8	6.71198	4.69835	0.000657391	0.00488387
9.81	6.71052	4.70149	0.000656886	0.00488713
9.82	6.70905	4.70462	0.000656379	0.00489038
9.83	6.70759	4.70776	0.000655871	0.00489364
9.84	6.70613	4.71089	0.000655361	0.00489689
9.85	6.70467	4.71401	0.000654851	0.00490014
9.86	6.70321	4.71714	0.00065434	0.00490339
9.87	6.70176	4.72026	0.000653827	0.00490664
9.88	6.7003	4.72338	0.000653314	0.00490988
9.89	6.69885	4.7265	0.000652799	0.00491312
9.9	6.69739	4.72961	0.000652283	0.00491636
9.91	6.69594	4.73273	0.000651766	0.0049196
9.92	6.69449	4.73584	0.000651248	0.00492283
9.93	6.69304	4.73894	0.000650729	0.00492606
9.94	6.69159	4.74205	0.000650208	0.00492929
9.95	6.69014	4.74515	0.000649687	0.00493251
9.96	6.6887	4.74825	0.000649165	0.00493574
9.97	6.68725	4.75135	0.000648641	0.00493896
9.98	6.68581	4.75445	0.000648116	0.00494217
9.99	6.68436	4.75754	0.00064759	0.00494539
10	6.68292	4.76063	0.000647063	0.0049486
10.01	6.68148	4.76372	0.000646535	0.00495181
10.02	6.68004	4.7668	0.000646006	0.00495502
10.03	6.6786	4.76988	0.000645476	0.00495822
10.04	6.67716	4.77296	0.000644945	0.00496142
10.05	6.67573	4.77604	0.000644412	0.00496462
10.06	6.67429	4.77912	0.000643879	0.00496782
10.07	6.67286	4.78219	0.000643344	0.00497101
10.08	6.67143	4.78526	0.000642808	0.0049742
10.09	6.67	4.78833	0.000642272	0.00497739
10.1	6.66857	4.79139	0.000641734	0.00498058
10.11	6.66714	4.79445	0.000641195	0.00498376
10.12	6.66571	4.79751	0.000640655	0.00498694
10.13	6.66428	4.80057	0.000640113	0.00499012
10.14	6.66286	4.80362	0.000639571	0.00499329
10.15	6.66143	4.80668	0.000639028	0.00499647
10.16	6.66001	4.80973	0.000638483	0.00499964
10.17	6.65859	4.81277	0.000637938	0.0050028
10.18	6.65717	4.81582	0.000637391	0.00500597
10.19	6.65575	4.81886	0.000636843	0.00500913
10.2	6.65433	4.8219	0.000636294	0.00501229
10.21	6.65291	4.82493	0.000635744	0.00501545
10.22	6.6515	4.82797	0.000635194	0.0050186
10.23	6.65008	4.831	0.000634641	0.00502175
10.24	6.64867	4.83403	0.000634088	0.0050249
10.25	6.64726	4.83705	0.000633534	0.00502804
10.26	6.64585	4.84008	0.000632979	0.00503119
10.27	6.64444	4.8431	0.000632422	0.00503433
10.28	6.64303	4.84611	0.000631865	0.00503746
10.29	6.64162	4.84913	0.000631306	0.0050406
10.3	6.64022	4.85214	0.000630747	0.00504373
10.31	6.63881	4.85515	0.000630186	0.00504686
10.32	6.63741	4.85816	0.000629624	0.00504998
10.33	6.63601	4.86116	0.000629061	0.00505311
10.34	6.63461	4.86417	0.000628497	0.00505623
10.35	6.63321	4.86716	0.000627932	0.00505934
10.36	6.63181	4.87016	0.000627366	0.00506246
10.37	6.63041	4.87316	0.000626799	0.00506557
10.38	6.62902	4.87615	0.000626231	0.00506868
10.39	6.62762	4.87913	0.000625661	0.00507179
10.4	6.62623	4.88212	0.000625091	0.00507489
10.41	6.62484	4.8851	0.00062452	0.00507799
10.42	6.62345	4.88808	0.000623947	0.00508109
10.43	6.62206	4.89106	0.000623374	0.00508418
10.44	6.62067	4.89404	0.000622799	0.00508727
10.45	6.61928	4.89701	0.000622223	0.00509036
10.46	6.6179	4.89998	0.000621646	0.00509345
10.47	6.61651	4.90294	0.000621069	0.00509653
10.48	6.61513	4.90591	0.00062049	0.00509961
10.49	6.61375	4.90887	0.00061991	0.00510269
10.5	6.61237	4.91183	0.000619329	0.00510577
10.51	6.61099	4.91478	0.000618747	0.00510884
10.52	6.60961	4.91773	0.000618164	0.00511191
10.53	6.60824	4.92068	0.000617579	0.00511497
10.54	6.60686	4.92363	0.000616994	0.00511804
10.55	6.60549	4.92657	0.000616408	0.0051211
10.56	6.60411	4.92952	0.00061582	0.00512416
10.57	6.60274	4.93245	0.000615232	0.00512721
10.58	6.60137	4.93539	0.000614643	0.00513026
10.59	6.6	4.93832	0.000614052	0.00513331
10.6	6.59864	4.94125	0.000613461	0.00513636
10.61	6.59727	4.94418	0.000612868	0.0051394
10.62	6.59591	4.94711	0.000612274	0.00514244
10.63	6.59454	4.95003	0.00061168	0.00514548
10.64	6.59318	4.95295	0.000611084	0.00514851
10.65	6.59182	4.95586	0.000610487	0.00515154
10.66	6.59046	4.95878	0.000609889	0.00515457
10.67	6.5891	4.96169	0.00060929	0.0051576
10.68	6.58775	4.96459	0.00060869	0.00516062
10.69	6.58639	4.9675	0.00060809	0.00516364
10.7	6.58504	4.9704	0.000607488	0.00516665
10.71	6.58368	4.9733	0.000606884	0.00516967
10.72	6.58233	4.97619	0.00060628	0.00517268
10.73	6.58098	4.97909	0.000605675	0.00517569
10.74	6.57963	4.98198	0.000605069	0.00517869
10.75	6.57829	4.98486	0.000604462	0.00518169
10.76	6.57694	4.98775	0.000603854	0.00518469
10.77	6.5756	4.99063	0.000603244	0.00518768
10.78	6.57425	4.99351	0.000602634	0.00519068
10.79	6.57291	4.99639	0.000602023	0.00519367
10.8	6.57157	4.99926	0.000601411	0.00519665
10.81	6.57023	5.00213	0.000600797	0.00519964
10.82	6.56889	5.00499	0.000600183	0.00520262
10.83	6.56756	5.00786	0.000599567	0.00520559
10.84	6.56622	5.01072	0.000598951	0.00520857
10.85	6.56489	5.01358	0.000598333	0.00521154
10.86	6.56356	5.01643	0.000597715	0.00521451
10.87	6.56223	5.01929	0.000597095	0.00521747
10.88	6.5609	5.02213	0.000596475	0.00522043
10.89	6.55957	5.02498	0.000595853	0.00522339
10.9	6.55824	5.02782	0.000595231	0.00522635
10.91	6.55692	5.03066	0.000594607	0.0052293
10.92	6.55559	5.0335	0.000593982	0.00523225
10.93	6.55427	5.03634	0.000593357	0.00523519
10.94	6.55295	5.03917	0.00059273	0.00523814
10.95	6.55163	5.042	0.000592102	0.00524108
10.96	6.55031	5.04482	0.000591474	0.00524402
10.97	6.54899	5.04764	0.000590844	0.00524695
10.98	6.54768	5.05046	0.000590213	0.00524988
10.99	6.54636	5.05328	0.000589582	0.00525281
11	6.54505	5.05609	0.000588949	0.00525573
11.01	6.54374	5.0589	0.000588315	0.00525865
11.02	6.54243	5.06171	0.00058768	0.00526157
11.03	6.54112	5.06452	0.000587045	0.00526449
11.04	6.53981	5.06732	0.000586408	0.0052674
11.05	6.53851	5.07012	0.00058577	0.00527031
11.06	6.5372	5.07291	0.000585131	0.00527321
11.07	6.5359	5.0757	0.000584492	0.00527612
11.08	6.5346	5.07849	0.000583851	0.00527901
11.09	6.5333	5.08128	0.000583209	0.00528191
11.1	6.532	5.08406	0.000582566	0.0052848
11.11	6.5307	5.08684	0.000581922	0.00528769
11.12	6.52941	5.08962	0.000581278	0.00529058
11.13	6.52811	5.09239	0.000580632	0.00529346
11.14	6.52682	5.09516	0.000579985	0.00529634
11.15	6.52553	5.09793	0.000579337	0.00529922
11.16	6.52424	5.10069	0.000578689	0.00530209
11.17	6.52295	5.10346	0.000578039	0.00530496
11.18	6.52166	5.10621	0.000577388	0.00530783
11.19	6.52038	5.10897	0.000576736	0.0053107
11.2	6.51909	5.11172	0.000576084	0.00531356
11.21	6.51781	5.11447	0.00057543	0.00531641
11.22	6.51653	5.11722	0.000574775	0.00531927
11.23	6.51525	5.11996	0.00057412	0.00532212
11.24	6.51397	5.1227	0.000573463	0.00532497
11.25	6.51269	5.12544	0.000572805	0.00532781
11.26	6.51142	5.12817	0.000572147	0.00533065
11.27	6.51015	5.1309	0.000571487	0.00533349
11.28	6.50887	5.13363	0.000570827	0.00533633
11.29	6.5076	5.13635	0.000570165	0.00533916
11.3	6.50633	5.13907	0.000569502	0.00534199
11.31	6.50506	5.14179	0.000568839	0.00534481
11.32	6.5038	5.1445	0.000568174	0.00534763
11.33	6.50253	5.14721	0.000567509	0.00535045
11.34	6.50127	5.14992	0.000566843	0.00535327
11.35	6.50001	5.15263	0.000566175	0.00535608
11.36	6.49875	5.15533	0.000565507	0.00535889
11.37	6.49749	5.15803	0.000564837	0.00536169
11.38	6.49623	5.16072	0.000564167	0.00536449
11.39	6.49497	5.16342	0.000563496	0.00536729
11.4	6.49372	5.1661	0.000562824	0.00537009
11.41	6.49246	5.16879	0.00056215	0.00537288
11.42	6.49121	5.17147	0.000561476	0.00537567
11.43	6.48996	5.17415	0.000560801	0.00537845
11.44	6.48871	5.17683	0.000560125	0.00538123
11.45	6.48747	5.1795	0.000559448	0.00538401
11.46	6.48622	5.18217	0.00055877	0.00538679
11.47	6.48498	5.18484	0.000558091	0.00538956
11.48	6.48373	5.1875	0.000557411	0.00539233
11.49	6.48249	5.19016	0.00055673	0.00539509
11.5	6.48125	5.19282	0.000556048	0.00539785
11.51	6.48002	5.19547	0.000555365	0.00540061
11.52	6.47878	5.19812	0.000554682	0.00540337
11.53	6.47754	5.20077	0.000553997	0.00540612
11.54	6.47631	5.20341	0.000553311	0.00540887
11.55	6.47508	5.20605	0.000552625	0.00541161
11.56	6.47385	5.20869	0.000551937	0.00541435
11.57	6.47262	5.21132	0.000551249	0.00541709
11.58	6.47139	5.21395	0.000550559	0.00541982
11.59	6.47017	5.21658	0.000549869	0.00542255
11.6	6.46894	5.2192	0.000549177	0.00542528
11.61	6.46772	5.22182	0.000548485	0.00542801
11.62	6.4665	5.22444	0.000547792	0.00543073
11.63	6.46528	5.22706	0.000547098	0.00543344
11.64	6.46406	5.22967	0.000546403	0.00543616
11.65	6.46284	5.23227	0.000545707	0.00543887
11.66	6.46163	5.23488	0.00054501	0.00544157
11.67	6.46041	5.23748	0.000544312	0.00544428
11.68	6.4592	5.24008	0.000543613	0.00544698
11.69	6.45799	5.24267	0.000542913	0.00544967
11.7	6.45678	5.24526	0.000542212	0.00545237
11.71	6.45557	5.24785	0.000541511	0.00545506
11.72	6.45437	5.25043	0.000540808	0.00545774
11.73	6.45316	5.25301	0.000540105	0.00546043
11.74	6.45196	5.25559	0.0005394	0.00546311
11.75	6.45076	5.25816	0.000538695	0.00546578
11.76	6.44956	5.26073	0.000537988	0.00546845
11.77	6.44836	5.2633	0.000537281	0.00547112
11.78	6.44717	5.26587	0.000536573	0.00547379
11.79	6.44597	5.26843	0.000535864	0.00547645
11.8	6.44478	5.27098	0.000535154	0.00547911
11.81	6.44359	5.27354	0.000534443	0.00548176
11.82	6.4424	5.27609	0.000533731	0.00548441
11.83	6.44121	5.27863	0.000533019	0.00548706
11.84	6.44002	5.28118	0.000532305	0.0054897
11.85	6.43884	5.28372	0.000531591	0.00549234
11.86	6.43765	5.28625	0.000530875	0.00549498
11.87	6.43647	5.28879	0.000530159	0.00549761
11.88	6.43529	5.29132	0.000529441	0.00550024
11.89	6.43411	5.29384	0.000528723	0.00550287
11.9	6.43293	5.29637	0.000528004	0.00550549
11.91	6.43176	5.29889	0.000527284	0.00550811
11.92	6.43059	5.3014	0.000526563	0.00551073
11.93	6.42941	5.30392	0.000525841	0.00551334
11.94	6.42824	5.30642	0.000525119	0.00551595
11.95	6.42707	5.30893	0.000524395	0.00551855
11.96	6.4259	5.31143	0.00052367	0.00552115
11.97	6.42474	5.31393	0.000522945	0.00552375
11.98	6.42357	5.31643	0.000522219	0.00552634
11.99	6.42241	5.31892	0.000521491	0.00552893
12	6.42125	5.32141	0.000520763	0.00553152
12.01	6.42009	5.32389	0.000520034	0.0055341
12.02	6.41893	5.32637	0.000519304	0.00553668
12.03	6.41778	5.32885	0.000518574	0.00553926
12.04	6.41662	5.33133	0.000517842	0.00554183
12.05	6.41547	5.3338	0.000517109	0.0055444
12.06	6.41432	5.33627	0.000516376	0.00554697
12.07	6.41317	5.33873	0.000515641	0.00554953
12.08	6.41202	5.34119	0.000514906	0.00555209
12.09	6.41087	5.34365	0.00051417	0.00555464
12.1	6.40973	5.3461	0.000513433	0.00555719
12.11	6.40858	5.34855	0.000512695	0.00555974
12.12	6.40744	5.351	0.000511956	0.00556228
12.13	6.4063	5.35344	0.000511217	0.00556482
12.14	6.40516	5.35588	0.000510476	0.00556736
12.15	6.40403	5.35832	0.000509735	0.00556989
12.16	6.40289	5.36075	0.000508992	0.00557242
12.17	6.40176	5.36318	0.000508249	0.00557494
12.18	6.40063	5.3656	0.000507505	0.00557746
12.19	6.3995	5.36802	0.00050676	0.00557998
12.2	6.39837	5.37044	0.000506014	0.00558249
12.21	6.39724	5.37286	0.000505268	0.005585
12.22	6.39612	5.37527	0.00050452	0.00558751
12.23	6.39499	5.37768	0.000503772	0.00559001
12.24	6.39387	5.38008	0.000503023	0.00559251
12.25	6.39275	5.38248	0.000502273	0.00559501
12.26	6.39163	5.38488	0.000501522	0.0055975
12.27	6.39052	5.38727	0.00050077	0.00559998
12.28	6.3894	5.38966	0.000500017	0.00560247
12.29	6.38829	5.39205	0.000499263	0.00560495
12.3	6.38718	5.39443	0.000498509	0.00560743
12.31	6.38607	5.39681	0.000497754	0.0056099
12.32	6.38496	5.39918	0.000496998	0.00561237
12.33	6.38385	5.40155	0.000496241	0.00561483
12.34	6.38275	5.40392	0.000495483	0.00561729
12.35	6.38164	5.40629	0.000494724	0.00561975
12.36	6.38054	5.40865	0.000493964	0.00562221
12.37	6.37944	5.411	0.000493204	0.00562466
12.38	6.37834	5.41336	0.000492443	0.0056271
12.39	6.37725	5.41571	0.000491681	0.00562954
12.4	6.37615	5.41805	0.000490918	0.00563198
12.41	6.37506	5.4204	0.000490154	0.00563442
12.42	6.37397	5.42274	0.000489389	0.00563685
12.43	6.37288	5.42507	0.000488624	0.00563928
12.44	6.37179	5.4274	0.000487857	0.0056417
12.45	6.37071	5.42973	0.00048709	0.00564412
12.46	6.36962	5.43205	0.000486322	0.00564654
12.47	6.36854	5.43438	0.000485553	0.00564895
12.48	6.36746	5.43669	0.000484784	0.00565136
12.49	6.36638	5.43901	0.000484013	0.00565376
12.5	6.3653	5.44132	0.000483242	0.00565616
12.51	6.36422	5.44362	0.00048247	0.00565856
12.52	6.36315	5.44592	0.000481697	0.00566095
12.53	6.36208	5.44822	0.000480923	0.00566334
12.54	6.36101	5.45052	0.000480148	0.00566573
12.55	6.35994	5.45281	0.000479373	0.00566811
12.56	6.35887	5.4551	0.000478597	0.00567049
12.57	6.3578	5.45738	0.000477819	0.00567286
12.58	6.35674	5.45966	0.000477041	0.00567523
12.59	6.35568	5.46194	0.000476263	0.0056776
12.6	6.35462	5.46421	0.000475483	0.00567996
12.61	6.35356	5.46648	0.000474703	0.00568232
12.62	6.3525	5.46874	0.000473921	0.00568467
12.63	6.35145	5.471	0.000473139	0.00568703
12.64	6.35039	5.47326	0.000472357	0.00568937
12.65	6.34934	5.47552	0.000471573	0.00569172
12.66	6.34829	5.47777	0.000470788	0.00569405
12.67	6.34724	5.48001	0.000470003	0.00569639
12.68	6.3462	5.48226	0.000469217	0.00569872
12.69	6.34515	5.48449	0.00046843	0.00570105
12.7	6.34411	5.48673	0.000467642	0.00570337
12.71	6.34307	5.48896	0.000466854	0.00570569
12.72	6.34203	5.49119	0.000466065	0.00570801
12.73	6.34099	5.49341	0.000465274	0.00571032
12.74	6.33995	5.49563	0.000464483	0.00571263
12.75	6.33892	5.49785	0.000463692	0.00571493
12.76	6.33789	5.50006	0.000462899	0.00571723
12.77	6.33686	5.50227	0.000462106	0.00571953
12.78	6.33583	5.50448	0.000461312	0.00572182
12.79	6.3348	5.50668	0.000460517	0.00572411
12.8	6.33377	5.50888	0.000459721	0.00572639
12.81	6.33275	5.51107	0.000458925	0.00572867
12.82	6.33173	5.51326	0.000458127	0.00573095
12.83	6.33071	5.51545	0.000457329	0.00573322
12.84	6.32969	5.51763	0.00045653	0.00573549
12.85	6.32867	5.51981	0.000455731	0.00573775
12.86	6.32766	5.52198	0.00045493	0.00574002
12.87	6.32665	5.52415	0.000454129	0.00574227
12.88	6.32563	5.52632	0.000453327	0.00574452
12.89	6.32463	5.52848	0.000452524	0.00574677
12.9	6.32362	5.53064	0.000451721	0.00574902
12.91	6.32261	5.5328	0.000450916	0.00575126
12.92	6.32161	5.53495	0.000450111	0.00575349
12.93	6.32061	5.5371	0.000449305	0.00575573
12.94	6.31961	5.53924	0.000448499	0.00575796
12.95	6.31861	5.54138	0.000447691	0.00576018
12.96	6.31761	5.54352	0.000446883	0.0057624
12.97	6.31661	5.54565	0.000446074	0.00576462
12.98	6.31562	5.54778	0.000445264	0.00576683
12.99	6.31463	5.5499	0.000444454	0.00576904
13	6.31364	5.55202	0.000443642	0.00577124
13.01	6.31265	5.55414	0.00044283	0.00577344
13.02	6.31167	5.55625	0.000442018	0.00577564
13.03	6.31068	5.55836	0.000441204	0.00577783
13.04	6.3097	5.56047	0.00044039	0.00578002
13.05	6.30872	5.56257	0.000439575	0.00578221
13.06	6.30774	5.56467	0.000438759	0.00578439
13.07	6.30676	5.56676	0.000437942	0.00578656
13.08	6.30579	5.56885	0.000437125	0.00578874
13.09	6.30482	5.57094	0.000436307	0.0057909
13.1	6.30384	5.57302	0.000435488	0.00579307
13.11	6.30287	5.5751	0.000434668	0.00579523
13.12	6.30191	5.57717	0.000433848	0.00579738
13.13	6.30094	5.57924	0.000433027	0.00579954
13.14	6.29998	5.58131	0.000432205	0.00580168
13.15	6.29901	5.58337	0.000431382	0.00580383
13.16	6.29805	5.58543	0.000430559	0.00580597
13.17	6.29709	5.58748	0.000429735	0.0058081
13.18	6.29614	5.58953	0.00042891	0.00581024
13.19	6.29518	5.59158	0.000428084	0.00581236
13.2	6.29423	5.59362	0.000427258	0.00581449
13.21	6.29328	5.59566	0.000426431	0.00581661
13.22	6.29233	5.5977	0.000425603	0.00581872
13.23	6.29138	5.59973	0.000424775	0.00582083
13.24	6.29043	5.60176	0.000423945	0.00582294
13.25	6.28949	5.60378	0.000423115	0.00582504
13.26	6.28855	5.6058	0.000422285	0.00582714
13.27	6.28761	5.60781	0.000421453	0.00582924
13.28	6.28667	5.60982	0.000420621	0.00583133
13.29	6.28573	5.61183	0.000419788	0.00583341
13.3	6.2848	5.61383	0.000418955	0.0058355
13.31	6.28387	5.61583	0.00041812	0.00583757
13.32	6.28293	5.61783	0.000417285	0.00583965
13.33	6.28201	5.61982	0.000416449	0.00584172
13.34	6.28108	5.62181	0.000415613	0.00584378
13.35	6.28015	5.62379	0.000414776	0.00584584
13.36	6.27923	5.62577	0.000413938	0.0058479
13.37	6.27831	5.62775	0.000413099	0.00584996
13.38	6.27739	5.62972	0.00041226	0.005852
13.39	6.27647	5.63168	0.00041142	0.00585405
13.4	6.27555	5.63365	0.000410579	0.00585609
13.41	6.27464	5.63561	0.000409737	0.00585813
13.42	6.27373	5.63756	0.000408895	0.00586016
13.43	6.27282	5.63951	0.000408052	0.00586219
13.44	6.27191	5.64146	0.000407209	0.00586421
13.45	6.271	5.6434	0.000406364	0.00586623
13.46	6.2701	5.64534	0.000405519	0.00586825
13.47	6.26919	5.64728	0.000404674	0.00587026
13.48	6.26829	5.64921	0.000403827	0.00587227
13.49	6.26739	5.65114	0.00040298	0.00587427
13.5	6.2665	5.65306	0.000402132	0.00587627
13.51	6.2656	5.65498	0.000401284	0.00587826
13.52	6.26471	5.65689	0.000400435	0.00588025
13.53	6.26382	5.6588	0.000399585	0.00588224
13.54	6.26293	5.66071	0.000398734	0.00588422
13.55	6.26204	5.66261	0.000397883	0.0058862
13.56	6.26115	5.66451	0.000397031	0.00588817
13.57	6.26027	5.66641	0.000396179	0.00589014
13.58	6.25939	5.6683	0.000395325	0.00589211
13.59	6.25851	5.67018	0.000394471	0.00589407
13.6	6.25763	5.67207	0.000393617	0.00589603
13.61	6.25675	5.67394	0.000392761	0.00589798
13.62	6.25588	5.67582	0.000391905	0.00589993
13.63	6.255	5.67769	0.000391048	0.00590187
13.64	6.25413	5.67955	0.000390191	0.00590381
13.65	6.25326	5.68142	0.000389333	0.00590574
13.66	6.2524	5.68327	0.000388474	0.00590768
13.67	6.25153	5.68513	0.000387615	0.0059096
13.68	6.25067	5.68698	0.000386755	0.00591153
13.69	6.24981	5.68882	0.000385894	0.00591344
13.7	6.24895	5.69066	0.000385033	0.00591536
13.71	6.24809	5.6925	0.000384171	0.00591727
13.72	6.24724	5.69433	0.000383308	0.00591917
13.73	6.24638	5.69616	0.000382444	0.00592108
13.74	6.24553	5.69799	0.00038158	0.00592297
13.75	6.24468	5.69981	0.000380716	0.00592486
13.76	6.24383	5.70163	0.00037985	0.00592675
13.77	6.24299	5.70344	0.000378984	0.00592864
13.78	6.24214	5.70525	0.000378118	0.00593052
13.79	6.2413	5.70705	0.00037725	0.00593239
13.8	6.24046	5.70885	0.000376382	0.00593426
13.81	6.23962	5.71065	0.000375514	0.00593613
13.82	6.23879	5.71244	0.000374644	0.00593799
13.83	6.23795	5.71423	0.000373774	0.00593985
13.84	6.23712	5.71601	0.000372904	0.00594171
13.85	6.23629	5.71779	0.000372033	0.00594356
13.86	6.23546	5.71957	0.000371161	0.0059454
13.87	6.23464	5.72134	0.000370288	0.00594724
13.88	6.23381	5.7231	0.000369415	0.00594908
13.89	6.23299	5.72487	0.000368541	0.00595091
13.9	6.23217	5.72663	0.000367667	0.00595274
13.91	6.23135	5.72838	0.000366792	0.00595456
13.92	6.23053	5.73013	0.000365916	0.00595638
13.93	6.22972	5.73188	0.00036504	0.0059582
13.94	6.22891	5.73362	0.000364163	0.00596001
13.95	6.22809	5.73536	0.000363285	0.00596182
13.96	6.22729	5.73709	0.000362407	0.00596362
13.97	6.22648	5.73882	0.000361528	0.00596541
13.98	6.22567	5.74054	0.000360649	0.00596721
13.99	6.22487	5.74227	0.000359768	0.005969
14	6.22407	5.74398	0.000358888	0.00597078
14.01	6.22327	5.74569	0.000358006	0.00597256
14.02	6.22247	5.7474	0.000357124	0.00597434
14.03	6.22168	5.74911	0.000356242	0.00597611
14.04	6.22088	5.75081	0.000355359	0.00597788
14.05	6.22009	5.7525	0.000354475	0.00597964
14.06	6.2193	5.75419	0.00035359	0.0059814
14.07	6.21852	5.75588	0.000352705	0.00598315
14.08	6.21773	5.75756	0.00035182	0.0059849
14.09	6.21695	5.75924	0.000350934	0.00598665
14.1	6.21617	5.76092	0.000350047	0.00598839
14.11	6.21539	5.76259	0.000349159	0.00599012
14.12	6.21461	5.76425	0.000348271	0.00599185
14.13	6.21383	5.76592	0.000347382	0.00599358
14.14	6.21306	5.76757	0.000346493	0.00599531
14.15	6.21229	5.76923	0.000345603	0.00599702
14.16	6.21152	5.77088	0.000344713	0.00599874
14.17	6.21075	5.77252	0.000343822	0.00600045
14.18	6.20999	5.77416	0.00034293	0.00600215
14.19	6.20922	5.7758	0.000342038	0.00600385
14.2	6.20846	5.77743	0.000341145	0.00600555
14.21	6.2077	5.77906	0.000340252	0.00600724
14.22	6.20694	5.78068	0.000339358	0.00600893
14.23	6.20619	5.7823	0.000338463	0.00601061
14.24	6.20543	5.78392	0.000337568	0.00601229
14.25	6.20468	5.78553	0.000336672	0.00601397
14.26	6.20393	5.78713	0.000335776	0.00601564
14.27	6.20319	5.78874	0.000334879	0.0060173
14.28	6.20244	5.79034	0.000333981	0.00601896
14.29	6.2017	5.79193	0.000333083	0.00602062
14.3	6.20095	5.79352	0.000332184	0.00602227
14.31	6.20022	5.7951	0.000331285	0.00602392
14.32	6.19948	5.79668	0.000330385	0.00602556
14.33	6.19874	5.79826	0.000329485	0.0060272
14.34	6.19801	5.79983	0.000328584	0.00602884
14.35	6.19728	5.8014	0.000327682	0.00603047
14.36	6.19655	5.80296	0.00032678	0.00603209
14.37	6.19582	5.80452	0.000325877	0.00603371
14.38	6.19509	5.80608	0.000324974	0.00603533
14.39	6.19437	5.80763	0.00032407	0.00603694
14.4	6.19365	5.80918	0.000323166	0.00603855
14.41	6.19293	5.81072	0.000322261	0.00604015
14.42	6.19221	5.81226	0.000321355	0.00604175
14.43	6.1915	5.81379	0.000320449	0.00604335
14.44	6.19078	5.81532	0.000319543	0.00604493
14.45	6.19007	5.81684	0.000318636	0.00604652
14.46	6.18936	5.81836	0.000317728	0.0060481
14.47	6.18865	5.81988	0.00031682	0.00604968
14.48	6.18795	5.82139	0.000315911	0.00605125
14.49	6.18724	5.8229	0.000315001	0.00605282
14.5	6.18654	5.8244	0.000314092	0.00605438
14.51	6.18584	5.8259	0.000313181	0.00605594
14.52	6.18515	5.8274	0.00031227	0.00605749
14.53	6.18445	5.82889	0.000311359	0.00605904
14.54	6.18376	5.83037	0.000310446	0.00606058
14.55	6.18307	5.83185	0.000309534	0.00606212
14.56	6.18238	5.83333	0.000308621	0.00606366
14.57	6.18169	5.8348	0.000307707	0.00606519
14.58	6.18101	5.83627	0.000306793	0.00606671
14.59	6.18032	5.83774	0.000305878	0.00606824
14.6	6.17964	5.8392	0.000304963	0.00606975
14.61	6.17896	5.84065	0.000304047	0.00607127
14.62	6.17829	5.8421	0.00030313	0.00607277
14.63	6.17761	5.84355	0.000302214	0.00607428
14.64	6.17694	5.84499	0.000301296	0.00607578
14.65	6.17627	5.84643	0.000300378	0.00607727
14.66	6.1756	5.84786	0.00029946	0.00607876
14.67	6.17493	5.84929	0.000298541	0.00608025
14.68	6.17427	5.85071	0.000297621	0.00608173
14.69	6.1736	5.85213	0.000296701	0.0060832
14.7	6.17294	5.85355	0.000295781	0.00608468
14.71	6.17228	5.85496	0.00029486	0.00608614
14.72	6.17163	5.85637	0.000293938	0.00608761
14.73	6.17097	5.85777	0.000293016	0.00608906
14.74	6.17032	5.85917	0.000292094	0.00609052
14.75	6.16967	5.86056	0.000291171	0.00609197
14.76	6.16902	5.86195	0.000290247	0.00609341
14.77	6.16838	5.86334	0.000289323	0.00609485
14.78	6.16773	5.86472	0.000288398	0.00609629
14.79	6.16709	5.8661	0.000287473	0.00609772
14.8	6.16645	5.86747	0.000286548	0.00609914
14.81	6.16581	5.86883	0.000285621	0.00610056
14.82	6.16518	5.8702	0.000284695	0.00610198
14.83	6.16454	5.87156	0.000283768	0.00610339
14.84	6.16391	5.87291	0.00028284	0.0061048
14.85	6.16328	5.87426	0.000281912	0.0061062
14.86	6.16265	5.8756	0.000280983	0.0061076
14.87	6.16203	5.87695	0.000280054	0.006109
14.88	6.1614	5.87828	0.000279125	0.00611038
14.89	6.16078	5.87961	0.000278195	0.00611177
14.9	6.16016	5.88094	0.000277264	0.00611315
14.91	6.15954	5.88226	0.000276333	0.00611452
14.92	6.15893	5.88358	0.000275402	0.00611589
14.93	6.15832	5.8849	0.00027447	0.00611726
14.94	6.1577	5.88621	0.000273537	0.00611862
14.95	6.1571	5.88751	0.000272604	0.00611998
14.96	6.15649	5.88881	0.000271671	0.00612133
14.97	6.15588	5.89011	0.000270737	0.00612268
14.98	6.15528	5.8914	0.000269803	0.00612402
14.99	6.15468	5.89269	0.000268868	0.00612536
15	6.15408	5.89397	0.000267933	0.00612669
15.01	6.15348	5.89525	0.000266997	0.00612802
15.02	6.15289	5.89652	0.000266061	0.00612935
15.03	6.1523	5.89779	0.000265124	0.00613067
15.04	6.15171	5.89906	0.000264187	0.00613198
15.05	6.15112	5.90032	0.000263249	0.00613329
15.06	6.15053	5.90158	0.000262311	0.0061346
15.07	6.14995	5.90283	0.000261373	0.0061359
15.08	6.14937	5.90408	0.000260434	0.0061372
15.09	6.14879	5.90532	0.000259494	0.00613849
15.1	6.14821	5.90656	0.000258554	0.00613978
15.11	6.14763	5.90779	0.000257614	0.00614106
15.12	6.14706	5.90902	0.000256673	0.00614234
15.13	6.14649	5.91024	0.000255732	0.00614361
15.14	6.14592	5.91146	0.00025479	0.00614488
15.15	6.14535	5.91268	0.000253848	0.00614614
15.16	6.14479	5.91389	0.000252906	0.0061474
15.17	6.14422	5.9151	0.000251963	0.00614865
15.18	6.14366	5.9163	0.000251019	0.0061499
15.19	6.1431	5.9175	0.000250075	0.00615115
15.2	6.14255	5.91869	0.000249131	0.00615239
15.21	6.14199	5.91988	0.000248186	0.00615363
15.22	6.14144	5.92107	0.000247241	0.00615486
15.23	6.14089	5.92225	0.000246295	0.00615608
15.24	6.14034	5.92342	0.000245349	0.0061573
15.25	6.13979	5.92459	0.000244403	0.00615852
15.26	6.13925	5.92576	0.000243456	0.00615973
15.27	6.13871	5.92692	0.000242508	0.00616094
15.28	6.13817	5.92808	0.000241561	0.00616214
15.29	6.13763	5.92923	0.000240612	0.00616334
15.3	6.13709	5.93038	0.000239664	0.00616454
15.31	6.13656	5.93152	0.000238715	0.00616573
15.32	6.13603	5.93266	0.000237765	0.00616691
15.33	6.1355	5.93379	0.000236815	0.00616809
15.34	6.13497	5.93492	0.000235865	0.00616926
15.35	6.13445	5.93605	0.000234914	0.00617043
15.36	6.13392	5.93717	0.000233963	0.0061716
15.37	6.1334	5.93829	0.000233011	0.00617276
15.38	6.13288	5.9394	0.000232059	0.00617392
15.39	6.13237	5.94051	0.000231107	0.00617507
15.4	6.13185	5.94161	0.000230154	0.00617621
15.41	6.13134	5.94271	0.000229201	0.00617735
15.42	6.13083	5.9438	0.000228248	0.00617849
15.43	6.13032	5.94489	0.000227294	0.00617962
15.44	6.12982	5.94598	0.000226339	0.00618075
15.45	6.12931	5.94706	0.000225384	0.00618187
15.46	6.12881	5.94813	0.000224429	0.00618299
15.47	6.12831	5.9492	0.000223474	0.0061841
15.48	6.12781	5.95027	0.000222518	0.00618521
15.49	6.12732	5.95133	0.000221561	0.00618632
15.5	6.12682	5.95239	0.000220604	0.00618742
15.51	6.12633	5.95344	0.000219647	0.00618851
15.52	6.12584	5.95449	0.00021869	0.0061896
15.53	6.12536	5.95553	0.000217732	0.00619068
15.54	6.12487	5.95657	0.000216773	0.00619176
15.55	6.12439	5.95761	0.000215815	0.00619284
15.56	6.12391	5.95864	0.000214856	0.00619391
15.57	6.12343	5.95966	0.000213896	0.00619498
15.58	6.12295	5.96068	0.000212936	0.00619604
15.59	6.12248	5.9617	0.000211976	0.00619709
15.6	6.12201	5.96271	0.000211016	0.00619814
15.61	6.12154	5.96372	0.000210055	0.00619919
15.62	6.12107	5.96472	0.000209093	0.00620023
15.63	6.1206	5.96572	0.000208132	0.00620127
15.64	6.12014	5.96671	0.000207169	0.0062023
15.65	6.11968	5.9677	0.000206207	0.00620333
15.66	6.11922	5.96868	0.000205244	0.00620435
15.67	6.11876	5.96966	0.000204281	0.00620537
15.68	6.11831	5.97064	0.000203317	0.00620638
15.69	6.11786	5.97161	0.000202354	0.00620739
15.7	6.11741	5.97257	0.000201389	0.0062084
15.71	6.11696	5.97353	0.000200425	0.0062094
15.72	6.11651	5.97449	0.00019946	0.00621039
15.73	6.11607	5.97544	0.000198494	0.00621138
15.74	6.11562	5.97639	0.000197529	0.00621236
15.75	6.11518	5.97733	0.000196563	0.00621334
15.76	6.11475	5.97827	0.000195596	0.00621432
15.77	6.11431	5.9792	0.000194629	0.00621529
15.78	6.11388	5.98013	0.000193662	0.00621625
15.79	6.11345	5.98106	0.000192695	0.00621722
15.8	6.11302	5.98197	0.000191727	0.00621817
15.81	6.11259	5.98289	0.000190759	0.00621912
15.82	6.11217	5.9838	0.00018979	0.00622007
15.83	6.11174	5.98471	0.000188822	0.00622101
15.84	6.11132	5.98561	0.000187852	0.00622195
15.85	6.1109	5.9865	0.000186883	0.00622288
15.86	6.11049	5.98739	0.000185913	0.00622381
15.87	6.11007	5.98828	0.000184943	0.00622473
15.88	6.10966	5.98916	0.000183972	0.00622564
15.89	6.10925	5.99004	0.000183002	0.00622656
15.9	6.10885	5.99092	0.00018203	0.00622747
15.91	6.10844	5.99178	0.000181059	0.00622837
15.92	6.10804	5.99265	0.000180087	0.00622927
15.93	6.10764	5.99351	0.000179115	0.00623016
15.94	6.10724	5.99436	0.000178142	0.00623105
15.95	6.10684	5.99521	0.00017717	0.00623193
15.96	6.10645	5.99606	0.000176197	0.00623281
15.97	6.10605	5.9969	0.000175223	0.00623368
15.98	6.10566	5.99773	0.000174249	0.00623455
15.99	6.10528	5.99857	0.000173275	0.00623542
16	6.10489	5.99939	0.000172301	0.00623628
16.01	6.10451	6.00022	0.000171326	0.00623713
16.02	6.10412	6.00103	0.000170351	0.00623798
16.03	6.10375	6.00185	0.000169376	0.00623883
16.04	6.10337	6.00265	0.0001684	0.00623967
16.05	6.10299	6.00346	0.000167424	0.0062405
16.06	6.10262	6.00426	0.000166448	0.00624133
16.07	6.10225	6.00505	0.000165472	0.00624216
16.08	6.10188	6.00584	0.000164495	0.00624298
16.09	6.10152	6.00663	0.000163518	0.0062438
16.1	6.10115	6.00741	0.00016254	0.00624461
16.11	6.10079	6.00818	0.000161562	0.00624541
16.12	6.10043	6.00895	0.000160584	0.00624621
16.13	6.10007	6.00972	0.000159606	0.00624701
16.14	6.09972	6.01048	0.000158627	0.0062478
16.15	6.09936	6.01124	0.000157648	0.00624859
16.16	6.09901	6.01199	0.000156669	0.00624937
16.17	6.09866	6.01274	0.00015569	0.00625015
16.18	6.09832	6.01348	0.00015471	0.00625092
16.19	6.09797	6.01422	0.00015373	0.00625169
16.2	6.09763	6.01495	0.000152749	0.00625245
16.21	6.09729	6.01568	0.000151769	0.00625321
16.22	6.09695	6.0164	0.000150788	0.00625396
16.23	6.09662	6.01712	0.000149806	0.00625471
16.24	6.09628	6.01784	0.000148825	0.00625545
16.25	6.09595	6.01855	0.000147843	0.00625619
16.26	6.09562	6.01925	0.000146861	0.00625692
16.27	6.0953	6.01996	0.000145879	0.00625765
16.28	6.09497	6.02065	0.000144896	0.00625838
16.29	6.09465	6.02134	0.000143913	0.00625909
16.3	6.09433	6.02203	0.00014293	0.00625981
16.31	6.09401	6.02271	0.000141947	0.00626052
16.32	6.09369	6.02339	0.000140963	0.00626122
16.33	6.09338	6.02406	0.000139979	0.00626192
16.34	6.09307	6.02473	0.000138995	0.00626261
16.35	6.09276	6.02539	0.00013801	0.0062633
16.36	6.09245	6.02605	0.000137025	0.00626399
16.37	6.09215	6.02671	0.00013604	0.00626467
16.38	6.09184	6.02735	0.000135055	0.00626534
16.39	6.09154	6.028	0.00013407	0.00626601
16.4	6.09124	6.02864	0.000133084	0.00626668
16.41	6.09095	6.02927	0.000132098	0.00626734
16.42	6.09065	6.0299	0.000131111	0.00626799
16.43	6.09036	6.03053	0.000130125	0.00626864
16.44	6.09007	6.03115	0.000129138	0.00626929
16.45	6.08978	6.03177	0.000128151	0.00626993
16.46	6.0895	6.03238	0.000127163	0.00627057
16.47	6.08921	6.03299	0.000126176	0.0062712
16.48	6.08893	6.03359	0.000125188	0.00627182
16.49	6.08866	6.03419	0.0001242	0.00627244
16.5	6.08838	6.03478	0.000123212	0.00627306
16.51	6.0881	6.03537	0.000122223	0.00627367
16.52	6.08783	6.03595	0.000121234	0.00627428
16.53	6.08756	6.03653	0.000120245	0.00627488
16.54	6.08729	6.0371	0.000119256	0.00627547
16.55	6.08703	6.03767	0.000118266	0.00627607
16.56	6.08677	6.03823	0.000117276	0.00627665
16.57	6.0865	6.03879	0.000116286	0.00627723
16.58	6.08625	6.03935	0.000115296	0.00627781
16.59	6.08599	6.0399	0.000114306	0.00627838
16.6	6.08573	6.04044	0.000113315	0.00627895
16.61	6.08548	6.04099	0.000112324	0.00627951
16.62	6.08523	6.04152	0.000111333	0.00628007
16.63	6.08498	6.04205	0.000110341	0.00628062
16.64	6.08474	6.04258	0.00010935	0.00628117
16.65	6.08449	6.0431	0.000108358	0.00628171
16.66	6.08425	6.04362	0.000107365	0.00628225
16.67	6.08401	6.04413	0.000106373	0.00628278
16.68	6.08378	6.04464	0.000105381	0.00628331
16.69	6.08354	6.04514	0.000104388	0.00628383
16.7	6.08331	6.04564	0.000103395	0.00628435
16.71	6.08308	6.04613	0.000102401	0.00628486
16.72	6.08285	6.04662	0.000101408	0.00628537
16.73	6.08263	6.04711	0.000100414	0.00628587
16.74	6.0824	6.04758	9.94202e-05	0.00628637
16.75	6.08218	6.04806	9.8426e-05	0.00628686
16.76	6.08196	6.04853	9.74316e-05	0.00628735
16.77	6.08175	6.04899	9.6437e-05	0.00628784
16.78	6.08153	6.04945	9.54422e-05	0.00628831
16.79	6.08132	6.04991	9.44471e-05	0.00628879
16.8	6.08111	6.05036	9.34518e-05	0.00628926
16.81	6.0809	6.05081	9.24563e-05	0.00628972
16.82	6.08069	6.05125	9.14606e-05	0.00629018
16.83	6.08049	6.05168	9.04647e-05	0.00629063
16.84	6.08029	6.05212	8.94685e-05	0.00629108
16.85	6.08009	6.05254	8.84722e-05	0.00629152
16.86	6.07989	6.05296	8.74756e-05	0.00629196
16.87	6.0797	6.05338	8.64788e-05	0.0062924
16.88	6.07951	6.05379	8.54817e-05	0.00629283
16.89	6.07931	6.0542	8.44845e-05	0.00629325
16.9	6.07913	6.05461	8.3487e-05	0.00629367
16.91	6.07894	6.055	8.24894e-05	0.00629408
16.92	6.07876	6.0554	8.14915e-05	0.00629449
16.93	6.07858	6.05579	8.04934e-05	0.0062949
16.94	6.0784	6.05617	7.94951e-05	0.0062953
16.95	6.07822	6.05655	7.84965e-05	0.00629569
16.96	6.07804	6.05692	7.74977e-05	0.00629608
16.97	6.07787	6.05729	7.64988e-05	0.00629646
16.98	6.0777	6.05766	7.54996e-05	0.00629684
16.99	6.07753	6.05802	7.45002e-05	0.00629722
17	6.07737	6.05837	7.35005e-05	0.00629759
17.01	6.0772	6.05873	7.25007e-05	0.00629795
17.02	6.07704	6.05907	7.15006e-05	0.00629831
17.03	6.07688	6.05941	7.05003e-05	0.00629867
17.04	6.07673	6.05975	6.94997e-05	0.00629902
17.05	6.07657	6.06008	6.8499e-05	0.00629936
17.06	6.07642	6.06041	6.7498e-05	0.0062997
17.07	6.07627	6.06073	6.64968e-05	0.00630004
17.08	6.07612	6.06105	6.54954e-05	0.00630037
17.09	6.07598	6.06136	6.44937e-05	0.00630069
17.1	6.07583	6.06167	6.34918e-05	0.00630101
17.11	6.07569	6.06197	6.24896e-05	0.00630133
17.12	6.07555	6.06227	6.14873e-05	0.00630164
17.13	6.07541	6.06256	6.04846e-05	0.00630194
17.14	6.07528	6.06285	5.94818e-05	0.00630224
17.15	6.07515	6.06313	5.84787e-05	0.00630254
17.16	6.07502	6.06341	5.74753e-05	0.00630283
17.17	6.07489	6.06369	5.64717e-05	0.00630311
17.18	6.07476	6.06396	5.54678e-05	0.00630339
17.19	6.07464	6.06422	5.44637e-05	0.00630367
17.2	6.07452	6.06448	5.34593e-05	0.00630394
17.21	6.0744	6.06474	5.24546e-05	0.0063042
