LeakagePort 1	Current turn 0.5	Pressure storage 41.496	Pressure reaction 0.0441185
Elapsed	Storage	Reaction	Flow rate	Modelled cm3 H2	
0	41.496	0.0441185	0.0189585	4.58865e-05
0.01	41.496	0.0441185	0.0189585	4.58865e-05
0.02	41.4537	0.134535	0.0189023	0.000139927
0.03	41.4115	0.224684	0.0188463	0.000233688
0.04	41.3694	0.314566	0.0187905	0.000327172
0.05	41.3275	0.404181	0.018735	0.000420379
0.06	41.2857	0.493532	0.0186798	0.000513311
0.07	41.244	0.58262	0.0186247	0.000605968
0.08	41.2025	0.671445	0.0185699	0.000698353
0.09	41.161	0.760008	0.0185154	0.000790465
0.1	41.1197	0.848312	0.018461	0.000882308
0.11	41.0785	0.936356	0.0184069	0.00097388
0.12	41.0374	1.02414	0.0183531	0.00106518
0.13	40.9965	1.11167	0.0182994	0.00115622
0.14	40.9556	1.19895	0.018246	0.00124699
0.15	40.9149	1.28596	0.0181928	0.0013375
0.16	40.8743	1.37273	0.0181398	0.00142774
0.17	40.8339	1.45924	0.0180871	0.00151772
0.18	40.7935	1.5455	0.0180346	0.00160744
0.19	40.7532	1.63151	0.0179823	0.00169689
0.2	40.7131	1.71727	0.0179302	0.00178609
0.21	40.6731	1.80279	0.0178783	0.00187503
0.22	40.6332	1.88805	0.0178267	0.00196371
0.23	40.5934	1.97307	0.0177753	0.00205214
0.24	40.5538	2.05784	0.017724	0.00214031
0.25	40.5142	2.14237	0.017673	0.00222823
0.26	40.4748	2.22666	0.0176222	0.00231589
0.27	40.4355	2.3107	0.0175717	0.0024033
0.28	40.3962	2.39451	0.0175213	0.00249046
0.29	40.3572	2.47807	0.0174711	0.00257738
0.3	40.3182	2.56139	0.0174212	0.00266404
0.31	40.2793	2.64448	0.0173714	0.00275045
0.32	40.2405	2.72732	0.0173219	0.00283662
0.33	40.2019	2.80994	0.0172726	0.00292254
0.34	40.1633	2.89231	0.0172234	0.00300822
0.35	40.1249	2.97445	0.0171745	0.00309365
0.36	40.0866	3.05636	0.0171258	0.00317885
0.37	40.0484	3.13804	0.0170772	0.00326379
0.38	40.0103	3.21948	0.0170289	0.0033485
0.39	39.9723	3.3007	0.0169808	0.00343297
0.4	39.9344	3.38168	0.0169328	0.0035172
0.41	39.8966	3.46244	0.0168851	0.00360119
0.42	39.8589	3.54297	0.0168375	0.00368495
0.43	39.8213	3.62327	0.0167902	0.00376847
0.44	39.7839	3.70334	0.016743	0.00385175
0.45	39.7465	3.78319	0.0166961	0.0039348
0.46	39.7092	3.86282	0.0166493	0.00401762
0.47	39.6721	3.94223	0.0166027	0.00410021
0.48	39.635	4.02141	0.0165563	0.00418256
0.49	39.5981	4.10037	0.0165101	0.00426469
0.5	39.5613	4.17911	0.016464	0.00434658
0.51	39.5245	4.25763	0.0164182	0.00442825
0.52	39.4879	4.33593	0.0163725	0.00450969
0.53	39.4513	4.41401	0.0163271	0.0045909
0.54	39.4149	4.49188	0.0162818	0.00467189
0.55	39.3786	4.56953	0.0162367	0.00475265
0.56	39.3423	4.64697	0.0161917	0.00483319
0.57	39.3062	4.72419	0.016147	0.00491351
0.58	39.2702	4.8012	0.0161024	0.0049936
0.59	39.2343	4.87799	0.016058	0.00507347
0.6	39.1984	4.95457	0.0160138	0.00515313
0.61	39.1627	5.03095	0.0159697	0.00523256
0.62	39.127	5.10711	0.0159259	0.00531178
0.63	39.0915	5.18306	0.0158822	0.00539077
0.64	39.0561	5.25881	0.0158386	0.00546955
0.65	39.0207	5.33435	0.0157953	0.00554812
0.66	38.9855	5.40968	0.0157521	0.00562647
0.67	38.9503	5.4848	0.0157091	0.0057046
0.68	38.9153	5.55972	0.0156663	0.00578253
0.69	38.8803	5.63444	0.0156236	0.00586023
0.7	38.8455	5.70895	0.0155811	0.00593773
0.71	38.8107	5.78326	0.0155387	0.00601502
0.72	38.776	5.85737	0.0154966	0.0060921
0.73	38.7414	5.93127	0.0154546	0.00616896
0.74	38.7069	6.00498	0.0154127	0.00624562
0.75	38.6726	6.07848	0.015371	0.00632208
0.76	38.6383	6.15179	0.0153295	0.00639832
0.77	38.604	6.2249	0.0152882	0.00647436
0.78	38.5699	6.29781	0.015247	0.00655019
0.79	38.5359	6.37053	0.0152059	0.00662582
0.8	38.502	6.44305	0.015165	0.00670125
0.81	38.4681	6.51537	0.0151243	0.00677647
0.82	38.4344	6.5875	0.0150838	0.0068515
0.83	38.4007	6.65944	0.0150433	0.00692632
0.84	38.3672	6.73119	0.0150031	0.00700094
0.85	38.3337	6.80274	0.014963	0.00707536
0.86	38.3003	6.8741	0.0149231	0.00714958
0.87	38.267	6.94527	0.0148833	0.0072236
0.88	38.2338	7.01625	0.0148436	0.00729743
0.89	38.2007	7.08704	0.0148042	0.00737105
0.9	38.1676	7.15765	0.0147648	0.00744449
0.91	38.1347	7.22806	0.0147256	0.00751773
0.92	38.1018	7.29829	0.0146866	0.00759077
0.93	38.069	7.36834	0.0146477	0.00766362
0.94	38.0364	7.4382	0.014609	0.00773628
0.95	38.0038	7.50787	0.0145704	0.00780874
0.96	37.9712	7.57736	0.0145319	0.00788102
0.97	37.9388	7.64666	0.0144937	0.0079531
0.98	37.9065	7.71579	0.0144555	0.00802499
0.99	37.8742	7.78473	0.0144175	0.0080967
1	37.842	7.85349	0.0143796	0.00816821
1.01	37.81	7.92207	0.0143419	0.00823954
1.02	37.778	7.99047	0.0143043	0.00831068
1.03	37.746	8.05869	0.0142669	0.00838163
1.04	37.7142	8.12673	0.0142296	0.0084524
1.05	37.6824	8.19459	0.0141924	0.00852299
1.06	37.6508	8.26228	0.0141554	0.00859338
1.07	37.6192	8.32979	0.0141185	0.0086636
1.08	37.5877	8.39712	0.0140818	0.00873363
1.09	37.5563	8.46428	0.0140452	0.00880348
1.1	37.5249	8.53126	0.0140087	0.00887315
1.11	37.4937	8.59807	0.0139724	0.00894264
1.12	37.4625	8.66471	0.0139362	0.00901195
1.13	37.4314	8.73118	0.0139001	0.00908107
1.14	37.4004	8.79747	0.0138642	0.00915002
1.15	37.3694	8.86359	0.0138284	0.00921879
1.16	37.3386	8.92954	0.0137927	0.00928739
1.17	37.3078	8.99532	0.0137572	0.0093558
1.18	37.2771	9.06093	0.0137218	0.00942404
1.19	37.2465	9.12637	0.0136865	0.00949211
1.2	37.2159	9.19165	0.0136514	0.00956
1.21	37.1855	9.25675	0.0136164	0.00962771
1.22	37.1551	9.32169	0.0135815	0.00969525
1.23	37.1248	9.38647	0.0135468	0.00976262
1.24	37.0945	9.45107	0.0135121	0.00982982
1.25	37.0644	9.51551	0.0134776	0.00989684
1.26	37.0343	9.57979	0.0134433	0.0099637
1.27	37.0043	9.64391	0.013409	0.0100304
1.28	36.9744	9.70786	0.0133749	0.0100969
1.29	36.9446	9.77164	0.0133409	0.0101632
1.3	36.9148	9.83527	0.013307	0.0102294
1.31	36.8851	9.89873	0.0132733	0.0102954
1.32	36.8555	9.96203	0.0132396	0.0103613
1.33	36.8259	10.0252	0.0132061	0.0104269
1.34	36.7965	10.0882	0.0131728	0.0104924
1.35	36.7671	10.151	0.0131395	0.0105578
1.36	36.7377	10.2136	0.0131064	0.010623
1.37	36.7085	10.2762	0.0130733	0.010688
1.38	36.6793	10.3385	0.0130404	0.0107528
1.39	36.6502	10.4007	0.0130076	0.0108175
1.4	36.6212	10.4627	0.012975	0.010882
1.41	36.5922	10.5246	0.0129424	0.0109464
1.42	36.5634	10.5863	0.01291	0.0110106
1.43	36.5346	10.6479	0.0128777	0.0110746
1.44	36.5058	10.7093	0.0128455	0.0111385
1.45	36.4772	10.7706	0.0128134	0.0112022
1.46	36.4486	10.8317	0.0127814	0.0112658
1.47	36.42	10.8927	0.0127495	0.0113292
1.48	36.3916	10.9535	0.0127178	0.0113924
1.49	36.3632	11.0141	0.0126862	0.0114555
1.5	36.3349	11.0746	0.0126546	0.0115184
1.51	36.3067	11.135	0.0126232	0.0115812
1.52	36.2785	11.1952	0.0125919	0.0116438
1.53	36.2504	11.2552	0.0125608	0.0117063
1.54	36.2224	11.3151	0.0125297	0.0117686
1.55	36.1944	11.3749	0.0124987	0.0118307
1.56	36.1665	11.4345	0.0124679	0.0118927
1.57	36.1387	11.494	0.0124371	0.0119546
1.58	36.111	11.5533	0.0124065	0.0120163
1.59	36.0833	11.6124	0.0123759	0.0120778
1.6	36.0556	11.6715	0.0123455	0.0121392
1.61	36.0281	11.7303	0.0123152	0.0122004
1.62	36.0006	11.7891	0.012285	0.0122615
1.63	35.9732	11.8477	0.0122549	0.0123225
1.64	35.9459	11.9061	0.0122249	0.0123832
1.65	35.9186	11.9644	0.012195	0.0124439
1.66	35.8914	12.0226	0.0121652	0.0125044
1.67	35.8642	12.0806	0.0121355	0.0125647
1.68	35.8371	12.1385	0.0121059	0.0126249
1.69	35.8101	12.1962	0.0120765	0.012685
1.7	35.7832	12.2538	0.0120471	0.0127449
1.71	35.7563	12.3113	0.0120178	0.0128046
1.72	35.7295	12.3686	0.0119886	0.0128642
1.73	35.7027	12.4257	0.0119595	0.0129237
1.74	35.676	12.4828	0.0119306	0.012983
1.75	35.6494	12.5397	0.0119017	0.0130422
1.76	35.6229	12.5964	0.0118729	0.0131012
1.77	35.5964	12.6531	0.0118443	0.0131601
1.78	35.5699	12.7096	0.0118157	0.0132189
1.79	35.5436	12.7659	0.0117872	0.0132775
1.8	35.5173	12.8221	0.0117588	0.013336
1.81	35.491	12.8782	0.0117305	0.0133943
1.82	35.4649	12.9341	0.0117024	0.0134525
1.83	35.4387	12.99	0.0116743	0.0135105
1.84	35.4127	13.0456	0.0116463	0.0135684
1.85	35.3867	13.1012	0.0116184	0.0136262
1.86	35.3608	13.1566	0.0115906	0.0136838
1.87	35.3349	13.2119	0.0115629	0.0137413
1.88	35.3091	13.267	0.0115352	0.0137987
1.89	35.2834	13.322	0.0115077	0.0138559
1.9	35.2577	13.3769	0.0114803	0.013913
1.91	35.2321	13.4317	0.011453	0.0139699
1.92	35.2065	13.4863	0.0114257	0.0140267
1.93	35.181	13.5408	0.0113986	0.0140834
1.94	35.1556	13.5951	0.0113715	0.01414
1.95	35.1302	13.6494	0.0113446	0.0141964
1.96	35.1049	13.7035	0.0113177	0.0142526
1.97	35.0796	13.7574	0.0112909	0.0143088
1.98	35.0544	13.8113	0.0112642	0.0143648
1.99	35.0293	13.865	0.0112376	0.0144207
2	35.0042	13.9186	0.0112111	0.0144764
2.01	34.9792	13.9721	0.0111847	0.014532
2.02	34.9543	14.0254	0.0111583	0.0145875
2.03	34.9294	14.0786	0.0111321	0.0146428
2.04	34.9045	14.1317	0.0111059	0.0146981
2.05	34.8797	14.1847	0.0110798	0.0147531
2.06	34.855	14.2375	0.0110539	0.0148081
2.07	34.8303	14.2903	0.011028	0.0148629
2.08	34.8057	14.3428	0.0110021	0.0149176
2.09	34.7812	14.3953	0.0109764	0.0149722
2.1	34.7567	14.4477	0.0109508	0.0150267
2.11	34.7323	14.4999	0.0109252	0.015081
2.12	34.7079	14.552	0.0108997	0.0151352
2.13	34.6836	14.604	0.0108743	0.0151892
2.14	34.6593	14.6558	0.010849	0.0152432
2.15	34.6351	14.7076	0.0108238	0.015297
2.16	34.6109	14.7592	0.0107987	0.0153507
2.17	34.5868	14.8107	0.0107736	0.0154042
2.18	34.5628	14.8621	0.0107487	0.0154577
2.19	34.5388	14.9134	0.0107238	0.015511
2.2	34.5149	14.9645	0.010699	0.0155642
2.21	34.491	15.0155	0.0106742	0.0156173
2.22	34.4672	15.0664	0.0106496	0.0156702
2.23	34.4434	15.1172	0.010625	0.015723
2.24	34.4197	15.1679	0.0106005	0.0157757
2.25	34.396	15.2184	0.0105761	0.0158283
2.26	34.3724	15.2689	0.0105518	0.0158808
2.27	34.3489	15.3192	0.0105276	0.0159331
2.28	34.3254	15.3694	0.0105034	0.0159853
2.29	34.302	15.4195	0.0104793	0.0160374
2.3	34.2786	15.4695	0.0104553	0.0160894
2.31	34.2553	15.5194	0.0104314	0.0161413
2.32	34.232	15.5691	0.0104075	0.016193
2.33	34.2088	15.6187	0.0103837	0.0162446
2.34	34.1856	15.6683	0.01036	0.0162962
2.35	34.1625	15.7177	0.0103364	0.0163475
2.36	34.1394	15.767	0.0103129	0.0163988
2.37	34.1164	15.8161	0.0102894	0.01645
2.38	34.0934	15.8652	0.010266	0.016501
2.39	34.0705	15.9142	0.0102427	0.0165519
2.4	34.0477	15.963	0.0102194	0.0166027
2.41	34.0249	16.0118	0.0101962	0.0166534
2.42	34.0021	16.0604	0.0101731	0.016704
2.43	33.9794	16.1089	0.0101501	0.0167545
2.44	33.9568	16.1573	0.0101272	0.0168048
2.45	33.9342	16.2056	0.0101043	0.0168551
2.46	33.9116	16.2538	0.0100815	0.0169052
2.47	33.8891	16.3019	0.0100588	0.0169552
2.48	33.8667	16.3499	0.0100361	0.0170051
2.49	33.8443	16.3977	0.0100135	0.0170549
2.5	33.8219	16.4455	0.00999101	0.0171045
2.51	33.7996	16.4931	0.00996857	0.0171541
2.52	33.7774	16.5407	0.0099462	0.0172035
2.53	33.7552	16.5881	0.0099239	0.0172529
2.54	33.7331	16.6354	0.00990167	0.0173021
2.55	33.711	16.6827	0.00987951	0.0173512
2.56	33.6889	16.7298	0.00985742	0.0174002
2.57	33.6669	16.7768	0.00983541	0.0174491
2.58	33.645	16.8237	0.00981346	0.0174979
2.59	33.6231	16.8705	0.00979158	0.0175466
2.6	33.6012	16.9172	0.00976976	0.0175951
2.61	33.5794	16.9638	0.00974802	0.0176436
2.62	33.5577	17.0103	0.00972635	0.017692
2.63	33.536	17.0567	0.00970474	0.0177402
2.64	33.5143	17.103	0.0096832	0.0177883
2.65	33.4927	17.1491	0.00966173	0.0178364
2.66	33.4711	17.1952	0.00964033	0.0178843
2.67	33.4496	17.2412	0.00961899	0.0179321
2.68	33.4282	17.2871	0.00959772	0.0179798
2.69	33.4067	17.3328	0.00957652	0.0180274
2.7	33.3854	17.3785	0.00955538	0.0180749
2.71	33.3641	17.4241	0.00953431	0.0181223
2.72	33.3428	17.4696	0.0095133	0.0181696
2.73	33.3215	17.5149	0.00949236	0.0182168
2.74	33.3004	17.5602	0.00438433	0.0182639
2.75	33.2906	17.5811	0.0043822	0.0182857
2.76	33.2808	17.602	0.00438005	0.0183074
2.77	33.271	17.6229	0.00437789	0.0183291
2.78	33.2613	17.6438	0.00437573	0.0183508
2.79	33.2515	17.6646	0.00437355	0.0183725
2.8	33.2417	17.6855	0.00437136	0.0183942
2.81	33.232	17.7063	0.00436916	0.0184159
2.82	33.2222	17.7272	0.00436696	0.0184376
2.83	33.2125	17.748	0.00436474	0.0184593
2.84	33.2028	17.7688	0.00436251	0.0184809
2.85	33.193	17.7896	0.00436027	0.0185025
2.86	33.1833	17.8104	0.00435803	0.0185242
2.87	33.1736	17.8312	0.00435577	0.0185458
2.88	33.1638	17.852	0.0043535	0.0185674
2.89	33.1541	17.8727	0.00435122	0.018589
2.9	33.1444	17.8935	0.00434893	0.0186106
2.91	33.1347	17.9142	0.00434664	0.0186321
2.92	33.125	17.935	0.00434433	0.0186537
2.93	33.1153	17.9557	0.00434201	0.0186753
2.94	33.1056	17.9764	0.00433968	0.0186968
2.95	33.0959	17.9971	0.00433735	0.0187183
2.96	33.0863	18.0178	0.004335	0.0187398
2.97	33.0766	18.0385	0.00433264	0.0187613
2.98	33.0669	18.0591	0.00433027	0.0187828
2.99	33.0573	18.0798	0.0043279	0.0188043
3	33.0476	18.1004	0.00432551	0.0188258
3.01	33.038	18.121	0.00432311	0.0188472
3.02	33.0283	18.1417	0.00432071	0.0188687
3.03	33.0187	18.1623	0.00431829	0.0188901
3.04	33.009	18.1829	0.00431586	0.0189115
3.05	32.9994	18.2034	0.00431343	0.0189329
3.06	32.9898	18.224	0.00431098	0.0189543
3.07	32.9802	18.2446	0.00430853	0.0189757
3.08	32.9705	18.2651	0.00430606	0.0189971
3.09	32.9609	18.2857	0.00430359	0.0190184
3.1	32.9513	18.3062	0.0043011	0.0190398
3.11	32.9417	18.3267	0.00429861	0.0190611
3.12	32.9321	18.3472	0.0042961	0.0190825
3.13	32.9226	18.3677	0.00429359	0.0191038
3.14	32.913	18.3882	0.00429107	0.0191251
3.15	32.9034	18.4086	0.00428853	0.0191463
3.16	32.8938	18.4291	0.00428599	0.0191676
3.17	32.8843	18.4495	0.00428344	0.0191889
3.18	32.8747	18.4699	0.00428088	0.0192101
3.19	32.8651	18.4904	0.00427831	0.0192314
3.2	32.8556	18.5108	0.00427573	0.0192526
3.21	32.8461	18.5312	0.00427314	0.0192738
3.22	32.8365	18.5515	0.00427054	0.019295
3.23	32.827	18.5719	0.00426793	0.0193162
3.24	32.8175	18.5923	0.00426531	0.0193373
3.25	32.808	18.6126	0.00426268	0.0193585
3.26	32.7984	18.6329	0.00426005	0.0193796
3.27	32.7889	18.6532	0.0042574	0.0194008
3.28	32.7794	18.6736	0.00425474	0.0194219
3.29	32.7699	18.6938	0.00425208	0.019443
3.3	32.7605	18.7141	0.0042494	0.0194641
3.31	32.751	18.7344	0.00424672	0.0194852
3.32	32.7415	18.7546	0.00424403	0.0195062
3.33	32.732	18.7749	0.00424132	0.0195273
3.34	32.7226	18.7951	0.00423861	0.0195483
3.35	32.7131	18.8153	0.00423589	0.0195693
3.36	32.7036	18.8355	0.00423316	0.0195904
3.37	32.6942	18.8557	0.00423042	0.0196114
3.38	32.6848	18.8759	0.00422767	0.0196323
3.39	32.6753	18.8961	0.00422491	0.0196533
3.4	32.6659	18.9162	0.00422214	0.0196743
3.41	32.6565	18.9363	0.00421937	0.0196952
3.42	32.6471	18.9565	0.00421658	0.0197161
3.43	32.6377	18.9766	0.00421379	0.0197371
3.44	32.6283	18.9967	0.00421098	0.019758
3.45	32.6189	19.0168	0.00420817	0.0197788
3.46	32.6095	19.0368	0.00420535	0.0197997
3.47	32.6001	19.0569	0.00420251	0.0198206
3.48	32.5907	19.0769	0.00419967	0.0198414
3.49	32.5813	19.097	0.00419682	0.0198623
3.5	32.572	19.117	0.00419397	0.0198831
3.51	32.5626	19.137	0.0041911	0.0199039
3.52	32.5533	19.157	0.00418822	0.0199247
3.53	32.5439	19.1769	0.00418534	0.0199454
3.54	32.5346	19.1969	0.00418244	0.0199662
3.55	32.5252	19.2168	0.00417954	0.0199869
3.56	32.5159	19.2368	0.00417662	0.0200077
3.57	32.5066	19.2567	0.0041737	0.0200284
3.58	32.4973	19.2766	0.00417077	0.0200491
3.59	32.488	19.2965	0.00416783	0.0200698
3.6	32.4787	19.3164	0.00416489	0.0200905
3.61	32.4694	19.3362	0.00416193	0.0201111
3.62	32.4601	19.3561	0.00415896	0.0201318
3.63	32.4508	19.3759	0.00415599	0.0201524
3.64	32.4415	19.3957	0.004153	0.020173
3.65	32.4323	19.4155	0.00415001	0.0201936
3.66	32.423	19.4353	0.00414701	0.0202142
3.67	32.4138	19.4551	0.004144	0.0202348
3.68	32.4045	19.4749	0.00414098	0.0202553
3.69	32.3953	19.4946	0.00413795	0.0202759
3.7	32.386	19.5144	0.00413492	0.0202964
3.71	32.3768	19.5341	0.00413187	0.0203169
3.72	32.3676	19.5538	0.00412882	0.0203374
3.73	32.3584	19.5735	0.00412576	0.0203579
3.74	32.3492	19.5931	0.00412269	0.0203783
3.75	32.34	19.6128	0.00411961	0.0203988
3.76	32.3308	19.6325	0.00411652	0.0204192
3.77	32.3216	19.6521	0.00411342	0.0204396
3.78	32.3124	19.6717	0.00411032	0.02046
3.79	32.3032	19.6913	0.0041072	0.0204804
3.8	32.2941	19.7109	0.00410408	0.0205008
3.81	32.2849	19.7305	0.00410095	0.0205212
3.82	32.2758	19.75	0.00409781	0.0205415
3.83	32.2666	19.7696	0.00409466	0.0205618
3.84	32.2575	19.7891	0.0040915	0.0205821
3.85	32.2484	19.8086	0.00408834	0.0206024
3.86	32.2392	19.8281	0.00408517	0.0206227
3.87	32.2301	19.8476	0.00408198	0.020643
3.88	32.221	19.8671	0.00407879	0.0206632
3.89	32.2119	19.8865	0.00407559	0.0206835
3.9	32.2028	19.906	0.00407239	0.0207037
3.91	32.1937	19.9254	0.00406917	0.0207239
3.92	32.1846	19.9448	0.00406595	0.0207441
3.93	32.1756	19.9642	0.00406271	0.0207642
3.94	32.1665	19.9836	0.00405947	0.0207844
3.95	32.1574	20.0029	0.00405622	0.0208045
3.96	32.1484	20.0223	0.00405297	0.0208246
3.97	32.1393	20.0416	0.0040497	0.0208447
3.98	32.1303	20.0609	0.00404643	0.0208648
3.99	32.1213	20.0802	0.00404315	0.0208849
4	32.1123	20.0995	0.00403985	0.020905
4.01	32.1032	20.1187	0.00403656	0.020925
4.02	32.0942	20.138	0.00403325	0.020945
4.03	32.0852	20.1572	0.00402993	0.020965
4.04	32.0762	20.1765	0.00402661	0.020985
4.05	32.0673	20.1957	0.00402328	0.021005
4.06	32.0583	20.2148	0.00401994	0.0210249
4.07	32.0493	20.234	0.00401659	0.0210449
4.08	32.0403	20.2532	0.00401324	0.0210648
4.09	32.0314	20.2723	0.00400987	0.0210847
4.1	32.0224	20.2914	0.0040065	0.0211046
4.11	32.0135	20.3105	0.00400312	0.0211245
4.12	32.0046	20.3296	0.00399973	0.0211443
4.13	31.9956	20.3487	0.00399634	0.0211642
4.14	31.9867	20.3678	0.00399293	0.021184
4.15	31.9778	20.3868	0.00398952	0.0212038
4.16	31.9689	20.4058	0.0039861	0.0212236
4.17	31.96	20.4249	0.00398267	0.0212434
4.18	31.9511	20.4438	0.00397924	0.0212631
4.19	31.9423	20.4628	0.00397579	0.0212829
4.2	31.9334	20.4818	0.00397234	0.0213026
4.21	31.9245	20.5007	0.00396888	0.0213223
4.22	31.9157	20.5197	0.00396541	0.021342
4.23	31.9068	20.5386	0.00396194	0.0213616
4.24	31.898	20.5575	0.00395845	0.0213813
4.25	31.8891	20.5763	0.00395496	0.0214009
4.26	31.8803	20.5952	0.00395146	0.0214205
4.27	31.8715	20.614	0.00394796	0.0214401
4.28	31.8627	20.6329	0.00394444	0.0214597
4.29	31.8539	20.6517	0.00394092	0.0214793
4.3	31.8451	20.6705	0.00393739	0.0214988
4.31	31.8363	20.6893	0.00393385	0.0215184
4.32	31.8275	20.708	0.0039303	0.0215379
4.33	31.8188	20.7268	0.00392675	0.0215574
4.34	31.81	20.7455	0.00392319	0.0215769
4.35	31.8012	20.7642	0.00391962	0.0215963
4.36	31.7925	20.7829	0.00391604	0.0216158
4.37	31.7838	20.8016	0.00391246	0.0216352
4.38	31.775	20.8202	0.00390887	0.0216546
4.39	31.7663	20.8389	0.00390527	0.021674
4.4	31.7576	20.8575	0.00390166	0.0216934
4.41	31.7489	20.8761	0.00389805	0.0217127
4.42	31.7402	20.8947	0.00389443	0.021732
4.43	31.7315	20.9133	0.0038908	0.0217514
4.44	31.7228	20.9318	0.00388716	0.0217707
4.45	31.7141	20.9504	0.00388351	0.0217899
4.46	31.7055	20.9689	0.00387986	0.0218092
4.47	31.6968	20.9874	0.0038762	0.0218285
4.48	31.6882	21.0059	0.00387253	0.0218477
4.49	31.6795	21.0243	0.00386886	0.0218669
4.5	31.6709	21.0428	0.00386518	0.0218861
4.51	31.6623	21.0612	0.00386149	0.0219053
4.52	31.6536	21.0797	0.00385779	0.0219244
4.53	31.645	21.098	0.00385409	0.0219435
4.54	31.6364	21.1164	0.00385037	0.0219627
4.55	31.6278	21.1348	0.00384665	0.0219818
4.56	31.6193	21.1531	0.00384293	0.0220008
4.57	31.6107	21.1715	0.00383919	0.0220199
4.58	31.6021	21.1898	0.00383545	0.0220389
4.59	31.5936	21.2081	0.0038317	0.022058
4.6	31.585	21.2263	0.00382795	0.022077
4.61	31.5765	21.2446	0.00382419	0.022096
4.62	31.5679	21.2628	0.00382041	0.0221149
4.63	31.5594	21.2811	0.00381664	0.0221339
4.64	31.5509	21.2993	0.00381285	0.0221528
4.65	31.5424	21.3174	0.00380906	0.0221717
4.66	31.5339	21.3356	0.00380526	0.0221906
4.67	31.5254	21.3538	0.00380145	0.0222095
4.68	31.5169	21.3719	0.00379764	0.0222284
4.69	31.5084	21.39	0.00379382	0.0222472
4.7	31.5	21.4081	0.00378999	0.022266
4.71	31.4915	21.4262	0.00378616	0.0222848
4.72	31.4831	21.4442	0.00378231	0.0223036
4.73	31.4746	21.4623	0.00377847	0.0223224
4.74	31.4662	21.4803	0.00377461	0.0223411
4.75	31.4578	21.4983	0.00377075	0.0223598
4.76	31.4494	21.5163	0.00376687	0.0223785
4.77	31.441	21.5342	0.003763	0.0223972
4.78	31.4326	21.5522	0.00375911	0.0224159
4.79	31.4242	21.5701	0.00375522	0.0224345
4.8	31.4158	21.588	0.00375132	0.0224531
4.81	31.4074	21.6059	0.00374742	0.0224718
4.82	31.3991	21.6238	0.0037435	0.0224903
4.83	31.3907	21.6416	0.00373959	0.0225089
4.84	31.3824	21.6595	0.00373566	0.0225275
4.85	31.374	21.6773	0.00373173	0.022546
4.86	31.3657	21.6951	0.00372779	0.0225645
4.87	31.3574	21.7129	0.00372384	0.022583
4.88	31.3491	21.7306	0.00371989	0.0226015
4.89	31.3408	21.7484	0.00371592	0.0226199
4.9	31.3325	21.7661	0.00371196	0.0226384
4.91	31.3242	21.7838	0.00370798	0.0226568
4.92	31.3159	21.8015	0.003704	0.0226752
4.93	31.3076	21.8191	0.00370001	0.0226935
4.94	31.2994	21.8368	0.00369602	0.0227119
4.95	31.2911	21.8544	0.00369202	0.0227302
4.96	31.2829	21.872	0.00368801	0.0227485
4.97	31.2747	21.8896	0.00368399	0.0227668
4.98	31.2665	21.9072	0.00367997	0.0227851
4.99	31.2582	21.9247	0.00367594	0.0228033
5	31.25	21.9423	0.00367191	0.0228216
5.01	31.2418	21.9598	0.00366787	0.0228398
5.02	31.2337	21.9773	0.00366382	0.022858
5.03	31.2255	21.9947	0.00365976	0.0228762
5.04	31.2173	22.0122	0.0036557	0.0228943
5.05	31.2092	22.0296	0.00365163	0.0229125
5.06	31.201	22.047	0.00364756	0.0229306
5.07	31.1929	22.0644	0.00364348	0.0229487
5.08	31.1847	22.0818	0.00363939	0.0229667
5.09	31.1766	22.0992	0.0036353	0.0229848
5.1	31.1685	22.1165	0.0036312	0.0230028
5.11	31.1604	22.1338	0.00362709	0.0230208
5.12	31.1523	22.1511	0.00362297	0.0230388
5.13	31.1442	22.1684	0.00361885	0.0230568
5.14	31.1362	22.1857	0.00361473	0.0230747
5.15	31.1281	22.2029	0.00361059	0.0230927
5.16	31.12	22.2201	0.00360645	0.0231106
5.17	31.112	22.2373	0.00360231	0.0231285
5.18	31.1039	22.2545	0.00359815	0.0231463
5.19	31.0959	22.2717	0.003594	0.0231642
5.2	31.0879	22.2888	0.00358983	0.023182
5.21	31.0799	22.3059	0.00358566	0.0231998
5.22	31.0719	22.323	0.00358148	0.0232176
5.23	31.0639	22.3401	0.0035773	0.0232354
5.24	31.0559	22.3572	0.0035731	0.0232531
5.25	31.0479	22.3742	0.00356891	0.0232708
5.26	31.04	22.3912	0.0035647	0.0232885
5.27	31.032	22.4082	0.00356049	0.0233062
5.28	31.0241	22.4252	0.00355628	0.0233239
5.29	31.0161	22.4422	0.00355206	0.0233415
5.3	31.0082	22.4591	0.00354783	0.0233591
5.31	31.0003	22.476	0.00354359	0.0233767
5.32	30.9924	22.4929	0.00353935	0.0233943
5.33	30.9845	22.5098	0.00353511	0.0234119
5.34	30.9766	22.5267	0.00353085	0.0234294
5.35	30.9687	22.5435	0.00352659	0.0234469
5.36	30.9609	22.5603	0.00352233	0.0234644
5.37	30.953	22.5771	0.00351806	0.0234819
5.38	30.9451	22.5939	0.00351378	0.0234993
5.39	30.9373	22.6107	0.00350949	0.0235168
5.4	30.9295	22.6274	0.0035052	0.0235342
5.41	30.9216	22.6441	0.00350091	0.0235516
5.42	30.9138	22.6608	0.00349661	0.0235689
5.43	30.906	22.6775	0.0034923	0.0235863
5.44	30.8982	22.6941	0.00348798	0.0236036
5.45	30.8905	22.7108	0.00348366	0.0236209
5.46	30.8827	22.7274	0.00347934	0.0236382
5.47	30.8749	22.744	0.00347501	0.0236554
5.48	30.8672	22.7606	0.00347067	0.0236727
5.49	30.8594	22.7771	0.00346632	0.0236899
5.5	30.8517	22.7936	0.00346197	0.0237071
5.51	30.844	22.8102	0.00345762	0.0237243
5.52	30.8362	22.8266	0.00345325	0.0237414
5.53	30.8285	22.8431	0.00344889	0.0237585
5.54	30.8208	22.8596	0.00344451	0.0237756
5.55	30.8132	22.876	0.00344013	0.0237927
5.56	30.8055	22.8924	0.00343575	0.0238098
5.57	30.7978	22.9088	0.00343136	0.0238268
5.58	30.7902	22.9251	0.00342696	0.0238439
5.59	30.7825	22.9415	0.00342256	0.0238609
5.6	30.7749	22.9578	0.00341815	0.0238778
5.61	30.7672	22.9741	0.00341373	0.0238948
5.62	30.7596	22.9904	0.00340931	0.0239117
5.63	30.752	23.0067	0.00340489	0.0239286
5.64	30.7444	23.0229	0.00340046	0.0239455
5.65	30.7368	23.0391	0.00339602	0.0239624
5.66	30.7293	23.0553	0.00339158	0.0239792
5.67	30.7217	23.0715	0.00338713	0.0239961
5.68	30.7141	23.0876	0.00338267	0.0240129
5.69	30.7066	23.1038	0.00337821	0.0240296
5.7	30.699	23.1199	0.00337375	0.0240464
5.71	30.6915	23.136	0.00336927	0.0240631
5.72	30.684	23.152	0.0033648	0.0240798
5.73	30.6765	23.1681	0.00336031	0.0240965
5.74	30.669	23.1841	0.00335583	0.0241132
5.75	30.6615	23.2001	0.00335133	0.0241299
5.76	30.654	23.2161	0.00334683	0.0241465
5.77	30.6466	23.2321	0.00334233	0.0241631
5.78	30.6391	23.248	0.00333782	0.0241797
5.79	30.6316	23.2639	0.0033333	0.0241962
5.8	30.6242	23.2798	0.00332878	0.0242127
5.81	30.6168	23.2957	0.00332425	0.0242293
5.82	30.6094	23.3115	0.00331972	0.0242457
5.83	30.602	23.3274	0.00331518	0.0242622
5.84	30.5946	23.3432	0.00331064	0.0242787
5.85	30.5872	23.359	0.00330609	0.0242951
5.86	30.5798	23.3747	0.00330153	0.0243115
5.87	30.5724	23.3905	0.00329697	0.0243279
5.88	30.5651	23.4062	0.00329241	0.0243442
5.89	30.5577	23.4219	0.00328784	0.0243605
5.9	30.5504	23.4376	0.00328326	0.0243768
5.91	30.5431	23.4533	0.00327868	0.0243931
5.92	30.5357	23.4689	0.00327409	0.0244094
5.93	30.5284	23.4845	0.0032695	0.0244256
5.94	30.5211	23.5001	0.0032649	0.0244419
5.95	30.5139	23.5157	0.0032603	0.0244581
5.96	30.5066	23.5312	0.00325569	0.0244742
5.97	30.4993	23.5467	0.00325108	0.0244904
5.98	30.4921	23.5623	0.00324646	0.0245065
5.99	30.4848	23.5777	0.00324184	0.0245226
6	30.4776	23.5932	0.00323721	0.0245387
6.01	30.4704	23.6086	0.00323257	0.0245547
6.02	30.4631	23.6241	0.00322793	0.0245708
6.03	30.4559	23.6394	0.00322329	0.0245868
6.04	30.4487	23.6548	0.00321864	0.0246028
6.05	30.4416	23.6702	0.00321398	0.0246187
6.06	30.4344	23.6855	0.00320932	0.0246347
6.07	30.4272	23.7008	0.00320466	0.0246506
6.08	30.4201	23.7161	0.00319999	0.0246665
6.09	30.4129	23.7313	0.00319531	0.0246824
6.1	30.4058	23.7466	0.00319063	0.0246982
6.11	30.3987	23.7618	0.00318594	0.024714
6.12	30.3916	23.777	0.00318125	0.0247299
6.13	30.3845	23.7922	0.00317655	0.0247456
6.14	30.3774	23.8073	0.00317185	0.0247614
6.15	30.3703	23.8224	0.00316715	0.0247771
6.16	30.3633	23.8376	0.00316244	0.0247928
6.17	30.3562	23.8526	0.00315772	0.0248085
6.18	30.3491	23.8677	0.003153	0.0248242
6.19	30.3421	23.8827	0.00314827	0.0248398
6.2	30.3351	23.8977	0.00314354	0.0248554
6.21	30.3281	23.9127	0.0031388	0.024871
6.22	30.3211	23.9277	0.00313406	0.0248866
6.23	30.3141	23.9427	0.00312932	0.0249021
6.24	30.3071	23.9576	0.00312457	0.0249177
6.25	30.3001	23.9725	0.00311981	0.0249332
6.26	30.2932	23.9874	0.00311505	0.0249486
6.27	30.2862	24.0022	0.00311028	0.0249641
6.28	30.2793	24.0171	0.00310551	0.0249795
6.29	30.2723	24.0319	0.00310074	0.0249949
6.3	30.2654	24.0466	0.00309596	0.0250103
6.31	30.2585	24.0614	0.00309117	0.0250257
6.32	30.2516	24.0762	0.00308638	0.025041
6.33	30.2447	24.0909	0.00308159	0.0250563
6.34	30.2378	24.1056	0.00307679	0.0250716
6.35	30.231	24.1202	0.00307198	0.0250869
6.36	30.2241	24.1349	0.00306717	0.0251021
6.37	30.2173	24.1495	0.00306236	0.0251173
6.38	30.2104	24.1641	0.00305754	0.0251325
6.39	30.2036	24.1787	0.00305272	0.0251477
6.4	30.1968	24.1933	0.00304789	0.0251628
6.41	30.19	24.2078	0.00304306	0.0251779
6.42	30.1832	24.2223	0.00303822	0.025193
6.43	30.1764	24.2368	0.00303338	0.0252081
6.44	30.1697	24.2513	0.00302853	0.0252231
6.45	30.1629	24.2657	0.00302368	0.0252382
6.46	30.1562	24.2801	0.00301882	0.0252532
6.47	30.1494	24.2945	0.00301396	0.0252681
6.48	30.1427	24.3089	0.00300909	0.0252831
6.49	30.136	24.3233	0.00300422	0.025298
6.5	30.1293	24.3376	0.00299935	0.0253129
6.51	30.1226	24.3519	0.00299447	0.0253278
6.52	30.1159	24.3662	0.00298959	0.0253426
6.53	30.1092	24.3804	0.0029847	0.0253575
6.54	30.1026	24.3947	0.00297981	0.0253723
6.55	30.0959	24.4089	0.00297491	0.0253871
6.56	30.0893	24.4231	0.00297001	0.0254018
6.57	30.0827	24.4372	0.0029651	0.0254165
6.58	30.076	24.4514	0.00296019	0.0254313
6.59	30.0694	24.4655	0.00295527	0.0254459
6.6	30.0628	24.4796	0.00295035	0.0254606
6.61	30.0563	24.4937	0.00294543	0.0254752
6.62	30.0497	24.5077	0.0029405	0.0254898
6.63	30.0431	24.5217	0.00293557	0.0255044
6.64	30.0366	24.5357	0.00293063	0.025519
6.65	30.03	24.5497	0.00292569	0.0255335
6.66	30.0235	24.5637	0.00292074	0.025548
6.67	30.017	24.5776	0.00291579	0.0255625
6.68	30.0105	24.5915	0.00291083	0.025577
6.69	30.004	24.6054	0.00290587	0.0255914
6.7	29.9975	24.6192	0.00290091	0.0256058
6.71	29.991	24.6331	0.00289594	0.0256202
6.72	29.9846	24.6469	0.00289097	0.0256346
6.73	29.9781	24.6607	0.00288599	0.0256489
6.74	29.9717	24.6744	0.00288101	0.0256633
6.75	29.9653	24.6882	0.00287603	0.0256775
6.76	29.9588	24.7019	0.00287104	0.0256918
6.77	29.9524	24.7156	0.00286604	0.025706
6.78	29.946	24.7293	0.00286104	0.0257203
6.79	29.9396	24.7429	0.00285604	0.0257345
6.8	29.9333	24.7565	0.00285103	0.0257486
6.81	29.9269	24.7701	0.00284602	0.0257628
6.82	29.9206	24.7837	0.00284101	0.0257769
6.83	29.9142	24.7972	0.00283599	0.025791
6.84	29.9079	24.8108	0.00283097	0.025805
6.85	29.9016	24.8243	0.00282594	0.0258191
6.86	29.8953	24.8377	0.00282091	0.0258331
6.87	29.889	24.8512	0.00281587	0.0258471
6.88	29.8827	24.8646	0.00281083	0.0258611
6.89	29.8764	24.878	0.00280579	0.025875
6.9	29.8702	24.8914	0.00280074	0.0258889
6.91	29.8639	24.9048	0.00279569	0.0259028
6.92	29.8577	24.9181	0.00279063	0.0259167
6.93	29.8514	24.9314	0.00278557	0.0259305
6.94	29.8452	24.9447	0.0027805	0.0259443
6.95	29.839	24.958	0.00277544	0.0259581
6.96	29.8328	24.9712	0.00277036	0.0259719
6.97	29.8266	24.9844	0.00276529	0.0259856
6.98	29.8205	24.9976	0.00276021	0.0259994
6.99	29.8143	25.0108	0.00275512	0.0260131
7	29.8082	25.0239	0.00275003	0.0260267
7.01	29.802	25.037	0.00274494	0.0260404
7.02	29.7959	25.0501	0.00273984	0.026054
7.03	29.7898	25.0632	0.00273474	0.0260676
7.04	29.7837	25.0762	0.00272964	0.0260811
7.05	29.7776	25.0892	0.00272453	0.0260947
7.06	29.7715	25.1022	0.00271942	0.0261082
7.07	29.7655	25.1152	0.0027143	0.0261217
7.08	29.7594	25.1281	0.00270918	0.0261351
7.09	29.7534	25.1411	0.00270406	0.0261486
7.1	29.7473	25.154	0.00269893	0.026162
7.11	29.7413	25.1668	0.0026938	0.0261754
7.12	29.7353	25.1797	0.00268866	0.0261887
7.13	29.7293	25.1925	0.00268352	0.0262021
7.14	29.7233	25.2053	0.00267838	0.0262154
7.15	29.7173	25.2181	0.00267323	0.0262287
7.16	29.7114	25.2308	0.00266808	0.0262419
7.17	29.7054	25.2435	0.00266293	0.0262552
7.18	29.6995	25.2562	0.00265777	0.0262684
7.19	29.6935	25.2689	0.0026526	0.0262816
7.2	29.6876	25.2816	0.00264744	0.0262947
7.21	29.6817	25.2942	0.00264227	0.0263078
7.22	29.6758	25.3068	0.00263709	0.026321
7.23	29.6699	25.3194	0.00263192	0.026334
7.24	29.664	25.3319	0.00262674	0.0263471
7.25	29.6582	25.3445	0.00262155	0.0263601
7.26	29.6523	25.357	0.00261636	0.0263731
7.27	29.6465	25.3694	0.00261117	0.0263861
7.28	29.6407	25.3819	0.00260598	0.0263991
7.29	29.6349	25.3943	0.00260078	0.026412
7.3	29.6291	25.4067	0.00259557	0.0264249
7.31	29.6233	25.4191	0.00259037	0.0264378
7.32	29.6175	25.4315	0.00258516	0.0264506
7.33	29.6117	25.4438	0.00257994	0.0264634
7.34	29.606	25.4561	0.00257473	0.0264762
7.35	29.6002	25.4684	0.0025695	0.026489
7.36	29.5945	25.4806	0.00256428	0.0265017
7.37	29.5888	25.4928	0.00255905	0.0265145
7.38	29.583	25.5051	0.00255382	0.0265272
7.39	29.5773	25.5172	0.00254858	0.0265398
7.4	29.5717	25.5294	0.00254335	0.0265525
7.41	29.566	25.5415	0.0025381	0.0265651
7.42	29.5603	25.5536	0.00253286	0.0265777
7.43	29.5547	25.5657	0.00252761	0.0265902
7.44	29.549	25.5778	0.00252236	0.0266028
7.45	29.5434	25.5898	0.0025171	0.0266153
7.46	29.5378	25.6018	0.00251184	0.0266278
7.47	29.5322	25.6138	0.00250658	0.0266402
7.48	29.5266	25.6257	0.00250131	0.0266527
7.49	29.521	25.6377	0.00249604	0.0266651
7.5	29.5154	25.6496	0.00249076	0.0266775
7.51	29.5099	25.6614	0.00248549	0.0266898
7.52	29.5043	25.6733	0.00248021	0.0267021
7.53	29.4988	25.6851	0.00247492	0.0267144
7.54	29.4933	25.6969	0.00246964	0.0267267
7.55	29.4878	25.7087	0.00246435	0.026739
7.56	29.4823	25.7205	0.00245905	0.0267512
7.57	29.4768	25.7322	0.00245375	0.0267634
7.58	29.4713	25.7439	0.00244845	0.0267756
7.59	29.4658	25.7556	0.00244315	0.0267877
7.6	29.4604	25.7672	0.00243784	0.0267998
7.61	29.4549	25.7788	0.00243253	0.0268119
7.62	29.4495	25.7904	0.00242722	0.026824
7.63	29.4441	25.802	0.0024219	0.026836
7.64	29.4387	25.8136	0.00241658	0.026848
7.65	29.4333	25.8251	0.00241126	0.02686
7.66	29.4279	25.8366	0.00240593	0.026872
7.67	29.4226	25.8481	0.0024006	0.0268839
7.68	29.4172	25.8595	0.00239527	0.0268958
7.69	29.4118	25.8709	0.00238993	0.0269077
7.7	29.4065	25.8823	0.00238459	0.0269196
7.71	29.4012	25.8937	0.00237925	0.0269314
7.72	29.3959	25.9051	0.0023739	0.0269432
7.73	29.3906	25.9164	0.00236855	0.026955
7.74	29.3853	25.9277	0.0023632	0.0269667
7.75	29.38	25.9389	0.00235784	0.0269784
7.76	29.3748	25.9502	0.00235248	0.0269901
7.77	29.3695	25.9614	0.00234712	0.0270018
7.78	29.3643	25.9726	0.00234175	0.0270134
7.79	29.3591	25.9838	0.00233639	0.0270251
7.8	29.3538	25.9949	0.00233101	0.0270366
7.81	29.3486	26.006	0.00232564	0.0270482
7.82	29.3435	26.0171	0.00232026	0.0270597
7.83	29.3383	26.0282	0.00231488	0.0270713
7.84	29.3331	26.0392	0.0023095	0.0270827
7.85	29.328	26.0502	0.00230411	0.0270942
7.86	29.3228	26.0612	0.00229872	0.0271056
7.87	29.3177	26.0722	0.00229333	0.027117
7.88	29.3126	26.0831	0.00228793	0.0271284
7.89	29.3075	26.094	0.00228253	0.0271397
7.9	29.3024	26.1049	0.00227713	0.0271511
7.91	29.2973	26.1158	0.00227172	0.0271624
7.92	29.2922	26.1266	0.00226631	0.0271736
7.93	29.2872	26.1374	0.0022609	0.0271849
7.94	29.2821	26.1482	0.00225549	0.0271961
7.95	29.2771	26.159	0.00225007	0.0272073
7.96	29.2721	26.1697	0.00224465	0.0272184
7.97	29.2671	26.1804	0.00223923	0.0272296
7.98	29.2621	26.1911	0.0022338	0.0272407
7.99	29.2571	26.2017	0.00222837	0.0272518
8	29.2521	26.2124	0.00222294	0.0272628
8.01	29.2471	26.223	0.00221751	0.0272738
8.02	29.2422	26.2335	0.00221207	0.0272848
8.03	29.2373	26.2441	0.00220663	0.0272958
8.04	29.2323	26.2546	0.00220119	0.0273068
8.05	29.2274	26.2651	0.00219574	0.0273177
8.06	29.2225	26.2756	0.00219029	0.0273286
8.07	29.2176	26.286	0.00218484	0.0273394
8.08	29.2128	26.2965	0.00217938	0.0273503
8.09	29.2079	26.3068	0.00217393	0.0273611
8.1	29.203	26.3172	0.00216847	0.0273719
8.11	29.1982	26.3276	0.002163	0.0273826
8.12	29.1934	26.3379	0.00215754	0.0273934
8.13	29.1886	26.3482	0.00215207	0.0274041
8.14	29.1838	26.3584	0.0021466	0.0274147
8.15	29.179	26.3687	0.00214112	0.0274254
8.16	29.1742	26.3789	0.00213564	0.027436
8.17	29.1694	26.3891	0.00213016	0.0274466
8.18	29.1647	26.3992	0.00212468	0.0274572
8.19	29.1599	26.4094	0.0021192	0.0274677
8.2	29.1552	26.4195	0.00211371	0.0274782
8.21	29.1505	26.4295	0.00210822	0.0274887
8.22	29.1458	26.4396	0.00210272	0.0274992
8.23	29.1411	26.4496	0.00209723	0.0275096
8.24	29.1364	26.4596	0.00209173	0.02752
8.25	29.1317	26.4696	0.00208623	0.0275304
8.26	29.1271	26.4796	0.00208072	0.0275407
8.27	29.1224	26.4895	0.00207521	0.027551
8.28	29.1178	26.4994	0.00206971	0.0275613
8.29	29.1132	26.5092	0.00206419	0.0275716
8.3	29.1086	26.5191	0.00205868	0.0275818
8.31	29.104	26.5289	0.00205316	0.027592
8.32	29.0994	26.5387	0.00204764	0.0276022
8.33	29.0948	26.5485	0.00204212	0.0276124
8.34	29.0903	26.5582	0.00203659	0.0276225
8.35	29.0857	26.5679	0.00203106	0.0276326
8.36	29.0812	26.5776	0.00202553	0.0276427
8.37	29.0767	26.5873	0.00202	0.0276527
8.38	29.0722	26.5969	0.00201447	0.0276628
8.39	29.0677	26.6065	0.00200893	0.0276727
8.4	29.0632	26.6161	0.00200339	0.0276827
8.41	29.0587	26.6256	0.00199784	0.0276926
8.42	29.0543	26.6352	0.0019923	0.0277026
8.43	29.0498	26.6447	0.00198675	0.0277124
8.44	29.0454	26.6541	0.0019812	0.0277223
8.45	29.041	26.6636	0.00197564	0.0277321
8.46	29.0366	26.673	0.00197009	0.0277419
8.47	29.0322	26.6824	0.00196453	0.0277517
8.48	29.0278	26.6918	0.00195897	0.0277614
8.49	29.0234	26.7011	0.00195341	0.0277712
8.5	29.0191	26.7104	0.00194784	0.0277808
8.51	29.0147	26.7197	0.00194227	0.0277905
8.52	29.0104	26.729	0.0019367	0.0278001
8.53	29.0061	26.7382	0.00193113	0.0278097
8.54	29.0017	26.7474	0.00192555	0.0278193
8.55	28.9974	26.7566	0.00191998	0.0278289
8.56	28.9932	26.7658	0.0019144	0.0278384
8.57	28.9889	26.7749	0.00190881	0.0278479
8.58	28.9846	26.784	0.00190323	0.0278574
8.59	28.9804	26.7931	0.00189764	0.0278668
8.6	28.9761	26.8021	0.00189205	0.0278762
8.61	28.9719	26.8112	0.00188646	0.0278856
8.62	28.9677	26.8202	0.00188087	0.027895
8.63	28.9635	26.8291	0.00187527	0.0279043
8.64	28.9593	26.8381	0.00186967	0.0279136
8.65	28.9552	26.847	0.00186407	0.0279229
8.66	28.951	26.8559	0.00185846	0.0279321
8.67	28.9469	26.8647	0.00185286	0.0279413
8.68	28.9427	26.8736	0.00184725	0.0279505
8.69	28.9386	26.8824	0.00184164	0.0279597
8.7	28.9345	26.8912	0.00183603	0.0279688
8.71	28.9304	26.8999	0.00183041	0.0279779
8.72	28.9263	26.9087	0.00182479	0.027987
8.73	28.9222	26.9174	0.00181918	0.0279961
8.74	28.9182	26.926	0.00181355	0.0280051
8.75	28.9141	26.9347	0.00180793	0.0280141
8.76	28.9101	26.9433	0.0018023	0.028023
8.77	28.9061	26.9519	0.00179667	0.028032
8.78	28.9021	26.9605	0.00179104	0.0280409
8.79	28.8981	26.969	0.00178541	0.0280498
8.8	28.8941	26.9775	0.00177978	0.0280586
8.81	28.8901	26.986	0.00177414	0.0280675
8.82	28.8862	26.9945	0.0017685	0.0280763
8.83	28.8822	27.0029	0.00176286	0.028085
8.84	28.8783	27.0113	0.00175721	0.0280938
8.85	28.8744	27.0197	0.00175157	0.0281025
8.86	28.8704	27.0281	0.00174592	0.0281112
8.87	28.8665	27.0364	0.00174027	0.0281199
8.88	28.8627	27.0447	0.00173462	0.0281285
8.89	28.8588	27.053	0.00172896	0.0281371
8.9	28.8549	27.0612	0.00172331	0.0281457
8.91	28.8511	27.0694	0.00171765	0.0281542
8.92	28.8473	27.0776	0.00171199	0.0281627
8.93	28.8434	27.0858	0.00170632	0.0281712
8.94	28.8396	27.0939	0.00170066	0.0281797
8.95	28.8358	27.102	0.00169499	0.0281881
8.96	28.8321	27.1101	0.00168932	0.0281965
8.97	28.8283	27.1182	0.00168365	0.0282049
8.98	28.8245	27.1262	0.00167798	0.0282133
8.99	28.8208	27.1342	0.0016723	0.0282216
9	28.8171	27.1422	0.00166663	0.0282299
9.01	28.8133	27.1501	0.00166095	0.0282381
9.02	28.8096	27.158	0.00165527	0.0282464
9.03	28.8059	27.1659	0.00164958	0.0282546
9.04	28.8023	27.1738	0.0016439	0.0282628
9.05	28.7986	27.1816	0.00163821	0.0282709
9.06	28.7949	27.1895	0.00163252	0.0282791
9.07	28.7913	27.1972	0.00162683	0.0282872
9.08	28.7877	27.205	0.00162114	0.0282952
9.09	28.784	27.2127	0.00161544	0.0283033
9.1	28.7804	27.2204	0.00160974	0.0283113
9.11	28.7768	27.2281	0.00160405	0.0283193
9.12	28.7733	27.2358	0.00159834	0.0283272
9.13	28.7697	27.2434	0.00159264	0.0283352
9.14	28.7661	27.251	0.00158694	0.0283431
9.15	28.7626	27.2585	0.00158123	0.0283509
9.16	28.7591	27.2661	0.00157552	0.0283588
9.17	28.7556	27.2736	0.00156981	0.0283666
9.18	28.7521	27.2811	0.0015641	0.0283744
9.19	28.7486	27.2886	0.00155839	0.0283821
9.2	28.7451	27.296	0.00155267	0.0283899
9.21	28.7416	27.3034	0.00154695	0.0283976
9.22	28.7382	27.3108	0.00154123	0.0284052
9.23	28.7347	27.3181	0.00153551	0.0284129
9.24	28.7313	27.3254	0.00152979	0.0284205
9.25	28.7279	27.3327	0.00152406	0.0284281
9.26	28.7245	27.34	0.00151833	0.0284356
9.27	28.7211	27.3472	0.00151261	0.0284432
9.28	28.7177	27.3545	0.00150687	0.0284507
9.29	28.7144	27.3616	0.00150114	0.0284582
9.3	28.711	27.3688	0.00149541	0.0284656
9.31	28.7077	27.3759	0.00148967	0.028473
9.32	28.7043	27.383	0.00148393	0.0284804
9.33	28.701	27.3901	0.00147819	0.0284878
9.34	28.6977	27.3972	0.00147245	0.0284951
9.35	28.6945	27.4042	0.00146671	0.0285024
9.36	28.6912	27.4112	0.00146096	0.0285097
9.37	28.6879	27.4182	0.00145522	0.0285169
9.38	28.6847	27.4251	0.00144947	0.0285241
9.39	28.6814	27.432	0.00144372	0.0285313
9.4	28.6782	27.4389	0.00143797	0.0285385
9.41	28.675	27.4457	0.00143221	0.0285456
9.42	28.6718	27.4526	0.00142646	0.0285527
9.43	28.6686	27.4594	0.0014207	0.0285598
9.44	28.6655	27.4662	0.00141494	0.0285669
9.45	28.6623	27.4729	0.00140918	0.0285739
9.46	28.6592	27.4796	0.00140342	0.0285809
9.47	28.656	27.4863	0.00139766	0.0285878
9.48	28.6529	27.493	0.00139189	0.0285948
9.49	28.6498	27.4996	0.00138612	0.0286017
9.5	28.6467	27.5062	0.00138036	0.0286085
9.51	28.6436	27.5128	0.00137459	0.0286154
9.52	28.6406	27.5194	0.00136881	0.0286222
9.53	28.6375	27.5259	0.00136304	0.028629
9.54	28.6345	27.5324	0.00135727	0.0286358
9.55	28.6314	27.5389	0.00135149	0.0286425
9.56	28.6284	27.5453	0.00134571	0.0286492
9.57	28.6254	27.5517	0.00133993	0.0286559
9.58	28.6224	27.5581	0.00133415	0.0286625
9.59	28.6194	27.5645	0.00132837	0.0286691
9.6	28.6165	27.5708	0.00132258	0.0286757
9.61	28.6135	27.5771	0.00131679	0.0286823
9.62	28.6106	27.5834	0.00131101	0.0286888
9.63	28.6077	27.5897	0.00130522	0.0286953
9.64	28.6048	27.5959	0.00129943	0.0287018
9.65	28.6019	27.6021	0.00129363	0.0287082
9.66	28.599	27.6083	0.00128784	0.0287146
9.67	28.5961	27.6144	0.00128204	0.028721
9.68	28.5932	27.6205	0.00127625	0.0287274
9.69	28.5904	27.6266	0.00127045	0.0287337
9.7	28.5876	27.6327	0.00126465	0.02874
9.71	28.5847	27.6387	0.00125885	0.0287463
9.72	28.5819	27.6447	0.00125304	0.0287525
9.73	28.5791	27.6507	0.00124724	0.0287588
9.74	28.5763	27.6566	0.00124143	0.0287649
9.75	28.5736	27.6625	0.00123563	0.0287711
9.76	28.5708	27.6684	0.00122982	0.0287772
9.77	28.5681	27.6743	0.00122401	0.0287833
9.78	28.5653	27.6801	0.0012182	0.0287894
9.79	28.5626	27.6859	0.00121238	0.0287954
9.8	28.5599	27.6917	0.00120657	0.0288015
9.81	28.5572	27.6975	0.00120075	0.0288074
9.82	28.5545	27.7032	0.00119493	0.0288134
9.83	28.5519	27.7089	0.00118912	0.0288193
9.84	28.5492	27.7146	0.00118329	0.0288252
9.85	28.5466	27.7202	0.00117747	0.0288311
9.86	28.544	27.7258	0.00117165	0.0288369
9.87	28.5413	27.7314	0.00116583	0.0288428
9.88	28.5387	27.737	0.00116	0.0288485
9.89	28.5362	27.7425	0.00115417	0.0288543
9.9	28.5336	27.748	0.00114834	0.02886
9.91	28.531	27.7535	0.00114251	0.0288657
9.92	28.5285	27.7589	0.00113668	0.0288714
9.93	28.5259	27.7644	0.00113085	0.028877
9.94	28.5234	27.7698	0.00112502	0.0288826
9.95	28.5209	27.7751	0.00111918	0.0288882
9.96	28.5184	27.7805	0.00111334	0.0288938
9.97	28.5159	27.7858	0.0011075	0.0288993
9.98	28.5134	27.7911	0.00110167	0.0289048
9.99	28.511	27.7963	0.00109582	0.0289102
10	28.5085	27.8015	0.00108998	0.0289157
10.01	28.5061	27.8067	0.00108414	0.0289211
10.02	28.5037	27.8119	0.00107829	0.0289265
10.03	28.5013	27.8171	0.00107245	0.0289318
10.04	28.4989	27.8222	0.0010666	0.0289371
10.05	28.4965	27.8273	0.00106075	0.0289424
10.06	28.4941	27.8323	0.0010549	0.0289477
10.07	28.4918	27.8373	0.00104905	0.0289529
10.08	28.4894	27.8423	0.0010432	0.0289581
10.09	28.4871	27.8473	0.00103735	0.0289633
10.1	28.4848	27.8523	0.00103149	0.0289684
10.11	28.4825	27.8572	0.00102564	0.0289736
10.12	28.4802	27.8621	0.00101978	0.0289786
10.13	28.4779	27.8669	0.00101392	0.0289837
10.14	28.4757	27.8718	0.00100806	0.0289887
10.15	28.4734	27.8766	0.0010022	0.0289937
10.16	28.4712	27.8814	0.000996337	0.0289987
10.17	28.469	27.8861	0.000990474	0.0290036
10.18	28.4668	27.8908	0.00098461	0.0290086
10.19	28.4646	27.8955	0.000978744	0.0290134
10.2	28.4624	27.9002	0.000972877	0.0290183
10.21	28.4602	27.9048	0.000967009	0.0290231
10.22	28.458	27.9095	0.00096114	0.0290279
10.23	28.4559	27.914	0.000955269	0.0290327
10.24	28.4538	27.9186	0.000949398	0.0290374
10.25	28.4517	27.9231	0.000943525	0.0290421
10.26	28.4495	27.9276	0.000937651	0.0290468
10.27	28.4475	27.9321	0.000931776	0.0290515
10.28	28.4454	27.9365	0.0009259	0.0290561
10.29	28.4433	27.941	0.000920022	0.0290607
10.3	28.4413	27.9453	0.000914144	0.0290652
10.31	28.4392	27.9497	0.000908264	0.0290698
10.32	28.4372	27.954	0.000902383	0.0290743
10.33	28.4352	27.9583	0.000896501	0.0290788
10.34	28.4332	27.9626	0.000890618	0.0290832
10.35	28.4312	27.9669	0.000884734	0.0290876
10.36	28.4292	27.9711	0.000878849	0.029092
10.37	28.4273	27.9753	0.000872963	0.0290964
10.38	28.4253	27.9794	0.000867076	0.0291007
10.39	28.4234	27.9836	0.000861187	0.029105
10.4	28.4214	27.9877	0.000855298	0.0291093
10.41	28.4195	27.9918	0.000849407	0.0291135
10.42	28.4176	27.9958	0.000843515	0.0291177
10.43	28.4158	27.9998	0.000837622	0.0291219
10.44	28.4139	28.0038	0.000831729	0.0291261
10.45	28.412	28.0078	0.000825834	0.0291302
10.46	28.4102	28.0117	0.000819938	0.0291343
10.47	28.4084	28.0156	0.000814041	0.0291384
10.48	28.4065	28.0195	0.000808143	0.0291424
10.49	28.4047	28.0234	0.000802244	0.0291464
10.5	28.403	28.0272	0.000796344	0.0291504
10.51	28.4012	28.031	0.000790442	0.0291543
10.52	28.3994	28.0348	0.00078454	0.0291583
10.53	28.3977	28.0385	0.000778637	0.0291621
10.54	28.3959	28.0422	0.000772733	0.029166
10.55	28.3942	28.0459	0.000766828	0.0291698
10.56	28.3925	28.0496	0.000760921	0.0291736
10.57	28.3908	28.0532	0.000755014	0.0291774
10.58	28.3891	28.0568	0.000749106	0.0291812
10.59	28.3874	28.0604	0.000743196	0.0291849
10.6	28.3858	28.0639	0.000737286	0.0291886
10.61	28.3841	28.0674	0.000731375	0.0291922
10.62	28.3825	28.0709	0.000725463	0.0291958
10.63	28.3809	28.0744	0.000719549	0.0291994
10.64	28.3793	28.0778	0.000713635	0.029203
10.65	28.3777	28.0812	0.00070772	0.0292066
10.66	28.3761	28.0846	0.000701804	0.0292101
10.67	28.3745	28.0879	0.000695887	0.0292135
10.68	28.373	28.0913	0.000689969	0.029217
10.69	28.3714	28.0945	0.00068405	0.0292204
10.7	28.3699	28.0978	0.000678129	0.0292238
10.71	28.3684	28.101	0.000672208	0.0292272
10.72	28.3669	28.1042	0.000666286	0.0292305
10.73	28.3654	28.1074	0.000660364	0.0292338
10.74	28.3639	28.1106	0.00065444	0.0292371
10.75	28.3625	28.1137	0.000648515	0.0292403
10.76	28.361	28.1168	0.000642589	0.0292436
10.77	28.3596	28.1199	0.000636662	0.0292467
10.78	28.3582	28.1229	0.000630735	0.0292499
10.79	28.3568	28.1259	0.000624806	0.029253
10.8	28.3554	28.1289	0.000618876	0.0292561
10.81	28.354	28.1318	0.000612946	0.0292592
10.82	28.3526	28.1348	0.000607014	0.0292622
10.83	28.3513	28.1376	0.000601082	0.0292653
10.84	28.3499	28.1405	0.000595149	0.0292682
10.85	28.3486	28.1434	0.000589214	0.0292712
10.86	28.3473	28.1462	0.000583279	0.0292741
10.87	28.346	28.1489	0.000577343	0.029277
10.88	28.3447	28.1517	0.000571406	0.0292799
10.89	28.3434	28.1544	0.000565468	0.0292827
10.9	28.3422	28.1571	0.000559529	0.0292855
10.91	28.3409	28.1598	0.000553589	0.0292883
10.92	28.3397	28.1624	0.000547648	0.029291
10.93	28.3385	28.165	0.000541706	0.0292937
10.94	28.3373	28.1676	0.000535763	0.0292964
10.95	28.3361	28.1702	0.00052982	0.0292991
10.96	28.3349	28.1727	0.000523875	0.0293017
10.97	28.3337	28.1752	0.000517929	0.0293043
10.98	28.3325	28.1777	0.000511983	0.0293069
10.99	28.3314	28.1801	0.000506035	0.0293094
11	28.3303	28.1825	0.000500087	0.0293119
11.01	28.3292	28.1849	0.000494137	0.0293144
11.02	28.3281	28.1873	0.000488187	0.0293169
11.03	28.327	28.1896	0.000482236	0.0293193
11.04	28.3259	28.1919	0.000476283	0.0293217
11.05	28.3248	28.1942	0.00047033	0.029324
11.06	28.3238	28.1964	0.000464376	0.0293264
11.07	28.3227	28.1986	0.00045842	0.0293287
11.08	28.3217	28.2008	0.000452464	0.029331
11.09	28.3207	28.203	0.000446507	0.0293332
11.1	28.3197	28.2051	0.000440548	0.0293354
11.11	28.3187	28.2072	0.000434589	0.0293376
11.12	28.3178	28.2093	0.000428629	0.0293398
11.13	28.3168	28.2113	0.000422667	0.0293419
11.14	28.3159	28.2133	0.000416705	0.029344
11.15	28.3149	28.2153	0.000410741	0.029346
11.16	28.314	28.2173	0.000404777	0.0293481
11.17	28.3131	28.2192	0.000398811	0.0293501
11.18	28.3122	28.2211	0.000392844	0.0293521
11.19	28.3113	28.223	0.000386876	0.029354
11.2	28.3105	28.2248	0.000380907	0.0293559
11.21	28.3096	28.2267	0.000374937	0.0293578
11.22	28.3088	28.2284	0.000368966	0.0293597
11.23	28.308	28.2302	0.000362993	0.0293615
11.24	28.3072	28.2319	0.00035702	0.0293633
11.25	28.3064	28.2336	0.000351045	0.0293651
11.26	28.3056	28.2353	0.000345069	0.0293668
11.27	28.3048	28.237	0.000339091	0.0293685
11.28	28.3041	28.2386	0.000333112	0.0293702
11.29	28.3033	28.2402	0.000327132	0.0293719
11.3	28.3026	28.2417	0.000321151	0.0293735
11.31	28.3019	28.2433	0.000315168	0.0293751
11.32	28.3012	28.2448	0.000309184	0.0293766
11.33	28.3005	28.2462	0.000303198	0.0293782
11.34	28.2998	28.2477	0.000297211	0.0293797
11.35	28.2991	28.2491	0.000291222	0.0293812
11.36	28.2985	28.2505	0.000285232	0.0293826
11.37	28.2978	28.2518	0.00027924	0.029384
11.38	28.2972	28.2532	0.000273246	0.0293854
11.39	28.2966	28.2545	0.000267251	0.0293868
11.4	28.296	28.2557	0.000261254	0.0293881
11.41	28.2954	28.257	0.000255255	0.0293894
11.42	28.2949	28.2582	0.000249254	0.0293906
11.43	28.2943	28.2594	0.000243251	0.0293919
11.44	28.2938	28.2606	0.000237245	0.0293931
11.45	28.2932	28.2617	0.000231238	0.0293943
11.46	28.2927	28.2628	0.000225229	0.0293954
11.47	28.2922	28.2639	0.000219217	0.0293965
11.48	28.2917	28.2649	0.000213202	0.0293976
11.49	28.2913	28.2659	0.000207185	0.0293987
11.5	28.2908	28.2669	0.000201165	0.0293997
11.51	28.2903	28.2679	0.000195143	0.0294007
11.52	28.2899	28.2688	0.000189117	0.0294017
11.53	28.2895	28.2697	0.000183088	0.0294026
11.54	28.2891	28.2706	0.000177055	0.0294035
11.55	28.2887	28.2714	0.000171019	0.0294044
11.56	28.2883	28.2722	0.000164978	0.0294052
11.57	28.2879	28.273	0.000158934	0.0294061
11.58	28.2876	28.2738	0.000152885	0.0294069
11.59	28.2872	28.2745	0.000146831	0.0294076
11.6	28.2869	28.2752	0.000140772	0.0294083
11.61	28.2866	28.2759	0.000134707	0.029409
11.62	28.2863	28.2765	0.000128635	0.0294097
