LeakagePort 1	Current turn 0.5	Pressure storage 21.1477	Pressure reaction 1.02592	Used volumes E, B
Elapsed	Storage	Reaction	Flow rate	Modelled cm3 H2	
0	21.1477	1.02592	0.00664579	0.0010635
0.01	21.1477	1.02592	0.00664579	0.0010635
0.02	21.1328	1.05772	0.00664111	0.00109647
0.03	21.1179	1.0895	0.00663643	0.00112941
0.04	21.1031	1.12125	0.00663176	0.00116233
0.05	21.0882	1.15298	0.00662709	0.00119522
0.06	21.0734	1.1847	0.00662242	0.0012281
0.07	21.0585	1.21638	0.00661776	0.00126095
0.08	21.0437	1.24805	0.00661309	0.00129377
0.09	21.0289	1.27969	0.00660844	0.00132658
0.1	21.014	1.31132	0.00660378	0.00135936
0.11	20.9992	1.34291	0.00659913	0.00139211
0.12	20.9845	1.37449	0.00659448	0.00142485
0.13	20.9697	1.40605	0.00658984	0.00145756
0.14	20.9549	1.43758	0.00658519	0.00149024
0.15	20.9401	1.46909	0.00658056	0.00152291
0.16	20.9254	1.50058	0.00657592	0.00155555
0.17	20.9107	1.53204	0.00657129	0.00158817
0.18	20.8959	1.56349	0.00656666	0.00162077
0.19	20.8812	1.59491	0.00656204	0.00165334
0.2	20.8665	1.62631	0.00655741	0.00168589
0.21	20.8518	1.65768	0.00655279	0.00171841
0.22	20.8371	1.68904	0.00654818	0.00175092
0.23	20.8224	1.72037	0.00654357	0.0017834
0.24	20.8078	1.75168	0.00653896	0.00181586
0.25	20.7931	1.78297	0.00653435	0.00184829
0.26	20.7785	1.81424	0.00652975	0.00188071
0.27	20.7638	1.84549	0.00652515	0.0019131
0.28	20.7492	1.87671	0.00652055	0.00194546
0.29	20.7346	1.90791	0.00651596	0.00197781
0.3	20.72	1.93909	0.00651137	0.00201013
0.31	20.7054	1.97025	0.00650678	0.00204243
0.32	20.6908	2.00138	0.0065022	0.0020747
0.33	20.6762	2.03249	0.00649762	0.00210695
0.34	20.6617	2.06358	0.00649304	0.00213918
0.35	20.6471	2.09465	0.00648847	0.00217139
0.36	20.6326	2.1257	0.0064839	0.00220358
0.37	20.618	2.15673	0.00647933	0.00223574
0.38	20.6035	2.18773	0.00647477	0.00226788
0.39	20.589	2.21871	0.00647021	0.0023
0.4	20.5745	2.24967	0.00646565	0.00233209
0.41	20.56	2.28061	0.0064611	0.00236416
0.42	20.5455	2.31153	0.00645655	0.00239621
0.43	20.5311	2.34242	0.006452	0.00242824
0.44	20.5166	2.37329	0.00644745	0.00246024
0.45	20.5021	2.40415	0.00644291	0.00249222
0.46	20.4877	2.43498	0.00643838	0.00252418
0.47	20.4733	2.46578	0.00643384	0.00255612
0.48	20.4588	2.49657	0.00642931	0.00258803
0.49	20.4444	2.52733	0.00642478	0.00261992
0.5	20.43	2.55808	0.00642025	0.00265179
0.51	20.4156	2.5888	0.00641573	0.00268364
0.52	20.4013	2.6195	0.00641121	0.00271546
0.53	20.3869	2.65017	0.0064067	0.00274726
0.54	20.3725	2.68083	0.00640218	0.00277904
0.55	20.3582	2.71147	0.00639768	0.0028108
0.56	20.3438	2.74208	0.00639317	0.00284254
0.57	20.3295	2.77267	0.00638867	0.00287425
0.58	20.3152	2.80324	0.00638417	0.00290594
0.59	20.3009	2.83379	0.00637967	0.0029376
0.6	20.2866	2.86431	0.00637518	0.00296925
0.61	20.2723	2.89482	0.00637068	0.00300087
0.62	20.258	2.9253	0.0063662	0.00303247
0.63	20.2438	2.95577	0.00636171	0.00306405
0.64	20.2295	2.98621	0.00635723	0.00309561
0.65	20.2152	3.01663	0.00635275	0.00312714
0.66	20.201	3.04702	0.00634828	0.00315865
0.67	20.1868	3.0774	0.00634381	0.00319014
0.68	20.1726	3.10776	0.00633934	0.00322161
0.69	20.1583	3.13809	0.00633487	0.00325306
0.7	20.1442	3.1684	0.00633041	0.00328448
0.71	20.13	3.19869	0.00632595	0.00331588
0.72	20.1158	3.22896	0.0063215	0.00334726
0.73	20.1016	3.25921	0.00631705	0.00337861
0.74	20.0875	3.28944	0.0063126	0.00340995
0.75	20.0733	3.31964	0.00630815	0.00344126
0.76	20.0592	3.34983	0.00630371	0.00347255
0.77	20.045	3.37999	0.00629927	0.00350382
0.78	20.0309	3.41013	0.00629483	0.00353507
0.79	20.0168	3.44026	0.00629039	0.00356629
0.8	20.0027	3.47036	0.00628596	0.00359749
0.81	19.9886	3.50043	0.00628154	0.00362867
0.82	19.9745	3.53049	0.00627711	0.00365983
0.83	19.9605	3.56053	0.00627269	0.00369097
0.84	19.9464	3.59054	0.00626827	0.00372208
0.85	19.9324	3.62054	0.00626386	0.00375318
0.86	19.9183	3.65051	0.00625945	0.00378425
0.87	19.9043	3.68046	0.00625504	0.0038153
0.88	19.8903	3.71039	0.00625063	0.00384632
0.89	19.8763	3.7403	0.00624623	0.00387733
0.9	19.8623	3.77019	0.00624183	0.00390831
0.91	19.8483	3.80006	0.00623743	0.00393927
0.92	19.8343	3.8299	0.00623304	0.00397021
0.93	19.8203	3.85973	0.00622865	0.00400113
0.94	19.8064	3.88953	0.00622426	0.00403203
0.95	19.7924	3.91931	0.00621988	0.0040629
0.96	19.7785	3.94908	0.0062155	0.00409375
0.97	19.7645	3.97882	0.00621112	0.00412458
0.98	19.7506	4.00854	0.00620674	0.00415539
0.99	19.7367	4.03824	0.00620237	0.00418618
1	19.7228	4.06792	0.006198	0.00421695
1.01	19.7089	4.09757	0.00619364	0.00424769
1.02	19.695	4.12721	0.00618927	0.00427841
1.03	19.6812	4.15683	0.00618491	0.00430911
1.04	19.6673	4.18642	0.00618056	0.00433979
1.05	19.6534	4.21599	0.0061762	0.00437045
1.06	19.6396	4.24555	0.00617185	0.00440109
1.07	19.6258	4.27508	0.00616751	0.0044317
1.08	19.6119	4.30459	0.00616316	0.00446229
1.09	19.5981	4.33408	0.00615882	0.00449286
1.1	19.5843	4.36355	0.00615448	0.00452341
1.11	19.5705	4.393	0.00615015	0.00455394
1.12	19.5567	4.42243	0.00614582	0.00458445
1.13	19.543	4.45184	0.00614149	0.00461493
1.14	19.5292	4.48123	0.00613716	0.0046454
1.15	19.5154	4.51059	0.00613284	0.00467584
1.16	19.5017	4.53994	0.00612852	0.00470626
1.17	19.488	4.56926	0.0061242	0.00473666
1.18	19.4742	4.59857	0.00611989	0.00476704
1.19	19.4605	4.62785	0.00611558	0.00479739
1.2	19.4468	4.65711	0.00611127	0.00482773
1.21	19.4331	4.68636	0.00610697	0.00485804
1.22	19.4194	4.71558	0.00610266	0.00488834
1.23	19.4057	4.74478	0.00609837	0.00491861
1.24	19.3921	4.77396	0.00609407	0.00494886
1.25	19.3784	4.80312	0.00608978	0.00497909
1.26	19.3648	4.83226	0.00608549	0.00500929
1.27	19.3511	4.86138	0.0060812	0.00503948
1.28	19.3375	4.89048	0.00607692	0.00506964
1.29	19.3239	4.91956	0.00607264	0.00509979
1.3	19.3103	4.94861	0.00606836	0.00512991
1.31	19.2967	4.97765	0.00606409	0.00516001
1.32	19.2831	5.00667	0.00605981	0.00519009
1.33	19.2695	5.03566	0.00605555	0.00522015
1.34	19.2559	5.06464	0.00605128	0.00525019
1.35	19.2424	5.0936	0.00604702	0.0052802
1.36	19.2288	5.12253	0.00604276	0.0053102
1.37	19.2153	5.15145	0.0060385	0.00534017
1.38	19.2017	5.18034	0.00603425	0.00537012
1.39	19.1882	5.20921	0.00603	0.00540006
1.4	19.1747	5.23807	0.00602575	0.00542997
1.41	19.1612	5.2669	0.00602151	0.00545986
1.42	19.1477	5.29571	0.00601727	0.00548973
1.43	19.1342	5.32451	0.00601303	0.00551957
1.44	19.1207	5.35328	0.00600879	0.0055494
1.45	19.1072	5.38203	0.00600456	0.0055792
1.46	19.0938	5.41076	0.00600033	0.00560899
1.47	19.0803	5.43948	0.0059961	0.00563875
1.48	19.0669	5.46817	0.00599188	0.0056685
1.49	19.0535	5.49684	0.00598766	0.00569822
1.5	19.0401	5.52549	0.00598344	0.00572792
1.51	19.0266	5.55412	0.00597923	0.0057576
1.52	19.0132	5.58273	0.00597502	0.00578726
1.53	18.9998	5.61132	0.00597081	0.00581689
1.54	18.9865	5.63989	0.0059666	0.00584651
1.55	18.9731	5.66844	0.0059624	0.00587611
1.56	18.9597	5.69697	0.0059582	0.00590568
1.57	18.9464	5.72548	0.005954	0.00593524
1.58	18.933	5.75397	0.00594981	0.00596477
1.59	18.9197	5.78244	0.00594562	0.00599428
1.6	18.9064	5.81089	0.00594143	0.00602378
1.61	18.893	5.83932	0.00593725	0.00605325
1.62	18.8797	5.86773	0.00593306	0.0060827
1.63	18.8664	5.89612	0.00592888	0.00611213
1.64	18.8532	5.92449	0.00592471	0.00614154
1.65	18.8399	5.95284	0.00592054	0.00617093
1.66	18.8266	5.98117	0.00591637	0.00620029
1.67	18.8133	6.00948	0.0059122	0.00622964
1.68	18.8001	6.03777	0.00590803	0.00625897
1.69	18.7868	6.06604	0.00590387	0.00628827
1.7	18.7736	6.09429	0.00589971	0.00631756
1.71	18.7604	6.12252	0.00589556	0.00634682
1.72	18.7472	6.15073	0.00589141	0.00637607
1.73	18.734	6.17892	0.00588726	0.00640529
1.74	18.7208	6.20709	0.00588311	0.00643449
1.75	18.7076	6.23524	0.00587897	0.00646367
1.76	18.6944	6.26337	0.00587482	0.00649284
1.77	18.6812	6.29149	0.00587069	0.00652198
1.78	18.6681	6.31958	0.00586655	0.0065511
1.79	18.6549	6.34765	0.00586242	0.0065802
1.8	18.6418	6.3757	0.00585829	0.00660928
1.81	18.6287	6.40373	0.00585416	0.00663834
1.82	18.6155	6.43174	0.00585004	0.00666737
1.83	18.6024	6.45974	0.00584592	0.00669639
1.84	18.5893	6.48771	0.0058418	0.00672539
1.85	18.5762	6.51566	0.00583769	0.00675437
1.86	18.5632	6.5436	0.00583357	0.00678332
1.87	18.5501	6.57151	0.00582947	0.00681226
1.88	18.537	6.5994	0.00582536	0.00684118
1.89	18.524	6.62728	0.00582126	0.00687007
1.9	18.5109	6.65513	0.00581716	0.00689895
1.91	18.4979	6.68297	0.00581306	0.0069278
1.92	18.4848	6.71078	0.00580896	0.00695664
1.93	18.4718	6.73858	0.00580487	0.00698545
1.94	18.4588	6.76636	0.00580078	0.00701424
1.95	18.4458	6.79411	0.0057967	0.00704302
1.96	18.4328	6.82185	0.00579261	0.00707177
1.97	18.4198	6.84957	0.00578853	0.00710051
1.98	18.4069	6.87727	0.00578446	0.00712922
1.99	18.3939	6.90495	0.00578038	0.00715791
2	18.3809	6.9326	0.00577631	0.00718658
2.01	18.368	6.96024	0.00577224	0.00721524
2.02	18.355	6.98786	0.00576818	0.00724387
2.03	18.3421	7.01547	0.00576411	0.00727248
2.04	18.3292	7.04305	0.00576005	0.00730107
2.05	18.3163	7.07061	0.005756	0.00732964
2.06	18.3034	7.09815	0.00575194	0.0073582
2.07	18.2905	7.12567	0.00574789	0.00738673
2.08	18.2776	7.15318	0.00574384	0.00741524
2.09	18.2647	7.18066	0.0057398	0.00744373
2.1	18.2519	7.20813	0.00573575	0.0074722
2.11	18.239	7.23557	0.00573171	0.00750065
2.12	18.2262	7.263	0.00572768	0.00752908
2.13	18.2133	7.29041	0.00572364	0.00755749
2.14	18.2005	7.31779	0.00571961	0.00758588
2.15	18.1877	7.34516	0.00571558	0.00761426
2.16	18.1749	7.37251	0.00571156	0.00764261
2.17	18.1621	7.39984	0.00570753	0.00767094
2.18	18.1493	7.42715	0.00570351	0.00769925
2.19	18.1365	7.45444	0.0056995	0.00772754
2.2	18.1237	7.48172	0.00569548	0.00775581
2.21	18.111	7.50897	0.00569147	0.00778406
2.22	18.0982	7.5362	0.00568746	0.00781229
2.23	18.0854	7.56342	0.00568345	0.00784051
2.24	18.0727	7.59061	0.00567945	0.0078687
2.25	18.06	7.61779	0.00567545	0.00789687
2.26	18.0473	7.64495	0.00567145	0.00792502
2.27	18.0345	7.67208	0.00566746	0.00795315
2.28	18.0218	7.6992	0.00566347	0.00798127
2.29	18.0092	7.7263	0.00565948	0.00800936
2.3	17.9965	7.75338	0.00565549	0.00803743
2.31	17.9838	7.78044	0.00565151	0.00806548
2.32	17.9711	7.80749	0.00564753	0.00809352
2.33	17.9585	7.83451	0.00564355	0.00812153
2.34	17.9458	7.86152	0.00563957	0.00814953
2.35	17.9332	7.8885	0.0056356	0.0081775
2.36	17.9205	7.91547	0.00563163	0.00820545
2.37	17.9079	7.94241	0.00562766	0.00823339
2.38	17.8953	7.96934	0.0056237	0.0082613
2.39	17.8827	7.99625	0.00561974	0.0082892
2.4	17.8701	8.02314	0.00561578	0.00831707
2.41	17.8575	8.05001	0.00561183	0.00834493
2.42	17.8449	8.07687	0.00560787	0.00837277
2.43	17.8324	8.1037	0.00560392	0.00840058
2.44	17.8198	8.13052	0.00559998	0.00842838
2.45	17.8073	8.15731	0.00559603	0.00845616
2.46	17.7947	8.18409	0.00559209	0.00848392
2.47	17.7822	8.21085	0.00558815	0.00851166
2.48	17.7697	8.23759	0.00558421	0.00853937
2.49	17.7571	8.26431	0.00558028	0.00856707
2.5	17.7446	8.29101	0.00557635	0.00859475
2.51	17.7321	8.31769	0.00557242	0.00862241
2.52	17.7196	8.34436	0.0055685	0.00865006
2.53	17.7072	8.371	0.00556458	0.00867768
2.54	17.6947	8.39763	0.00556066	0.00870528
2.55	17.6822	8.42424	0.00555674	0.00873286
2.56	17.6698	8.45083	0.00555283	0.00876042
2.57	17.6573	8.4774	0.00554891	0.00878797
2.58	17.6449	8.50395	0.00554501	0.00881549
2.59	17.6325	8.53048	0.0055411	0.008843
2.6	17.62	8.55699	0.0055372	0.00887048
2.61	17.6076	8.58349	0.0055333	0.00889795
2.62	17.5952	8.60997	0.0055294	0.0089254
2.63	17.5828	8.63642	0.0055255	0.00895282
2.64	17.5704	8.66286	0.00552161	0.00898023
2.65	17.5581	8.68929	0.00551772	0.00900762
2.66	17.5457	8.71569	0.00551384	0.00903499
2.67	17.5333	8.74207	0.00550995	0.00906234
2.68	17.521	8.76844	0.00550607	0.00908967
2.69	17.5087	8.79478	0.00550219	0.00911698
2.7	17.4963	8.82111	0.00549832	0.00914428
2.71	17.484	8.84742	0.00549445	0.00917155
2.72	17.4717	8.87371	0.00549057	0.0091988
2.73	17.4594	8.89998	0.00548671	0.00922604
2.74	17.4471	8.92624	0.00548284	0.00925326
2.75	17.4348	8.95247	0.00547898	0.00928045
2.76	17.4225	8.97869	0.00547512	0.00930763
2.77	17.4102	9.00489	0.00547127	0.00933479
2.78	17.398	9.03107	0.00546741	0.00936193
2.79	17.3857	9.05723	0.00546356	0.00938905
2.8	17.3735	9.08337	0.00545971	0.00941615
2.81	17.3612	9.1095	0.00545587	0.00944323
2.82	17.349	9.13561	0.00545202	0.00947029
2.83	17.3368	9.16169	0.00302675	0.00949734
2.84	17.33	9.17618	0.00302553	0.00951235
2.85	17.3232	9.19065	0.0030243	0.00952736
2.86	17.3164	9.20513	0.00302305	0.00954236
2.87	17.3097	9.21959	0.00302179	0.00955735
2.88	17.3029	9.23405	0.00302052	0.00957234
2.89	17.2961	9.2485	0.00301923	0.00958733
2.9	17.2894	9.26295	0.00301793	0.0096023
2.91	17.2826	9.27739	0.00301662	0.00961727
2.92	17.2758	9.29183	0.00301529	0.00963224
2.93	17.2691	9.30625	0.00301395	0.00964719
2.94	17.2623	9.32068	0.00301259	0.00966214
2.95	17.2556	9.33509	0.00301122	0.00967709
2.96	17.2488	9.3495	0.00300984	0.00969202
2.97	17.2421	9.3639	0.00300844	0.00970695
2.98	17.2353	9.3783	0.00300703	0.00972188
2.99	17.2286	9.39269	0.00300561	0.00973679
3	17.2219	9.40707	0.00300417	0.0097517
3.01	17.2151	9.42144	0.00300271	0.0097666
3.02	17.2084	9.43581	0.00300125	0.0097815
3.03	17.2017	9.45017	0.00299977	0.00979638
3.04	17.1949	9.46453	0.00299827	0.00981126
3.05	17.1882	9.47887	0.00299676	0.00982614
3.06	17.1815	9.49321	0.00299524	0.009841
3.07	17.1748	9.50754	0.0029937	0.00985586
3.08	17.1681	9.52187	0.00299215	0.00987071
3.09	17.1614	9.53619	0.00299059	0.00988555
3.1	17.1547	9.5505	0.00298901	0.00990038
3.11	17.148	9.5648	0.00298742	0.00991521
3.12	17.1413	9.57909	0.00298582	0.00993003
3.13	17.1346	9.59338	0.0029842	0.00994484
3.14	17.1279	9.60766	0.00298256	0.00995964
3.15	17.1212	9.62193	0.00298092	0.00997444
3.16	17.1145	9.6362	0.00297926	0.00998922
3.17	17.1078	9.65045	0.00297758	0.010004
3.18	17.1012	9.6647	0.00297589	0.0100188
3.19	17.0945	9.67894	0.00297419	0.0100335
3.2	17.0878	9.69317	0.00297248	0.0100483
3.21	17.0812	9.70739	0.00297075	0.010063
3.22	17.0745	9.72161	0.002969	0.0100778
3.23	17.0679	9.73582	0.00296725	0.0100925
3.24	17.0612	9.75001	0.00296548	0.0101072
3.25	17.0546	9.7642	0.00296369	0.0101219
3.26	17.0479	9.77839	0.00296189	0.0101366
3.27	17.0413	9.79256	0.00296008	0.0101513
3.28	17.0346	9.80672	0.00295825	0.010166
3.29	17.028	9.82088	0.00295642	0.0101807
3.3	17.0214	9.83502	0.00295456	0.0101953
3.31	17.0148	9.84916	0.0029527	0.01021
3.32	17.0081	9.86329	0.00295081	0.0102246
3.33	17.0015	9.87741	0.00294892	0.0102393
3.34	16.9949	9.89152	0.00294701	0.0102539
3.35	16.9883	9.90562	0.00294509	0.0102685
3.36	16.9817	9.91971	0.00294316	0.0102831
3.37	16.9751	9.9338	0.00294121	0.0102977
3.38	16.9685	9.94787	0.00293924	0.0103123
3.39	16.9619	9.96194	0.00293727	0.0103269
3.4	16.9554	9.97599	0.00293528	0.0103415
3.41	16.9488	9.99004	0.00293327	0.010356
3.42	16.9422	10.0041	0.00293126	0.0103706
3.43	16.9356	10.0181	0.00292922	0.0103851
3.44	16.9291	10.0321	0.00292718	0.0103996
3.45	16.9225	10.0461	0.00292512	0.0104142
3.46	16.916	10.0601	0.00292305	0.0104287
3.47	16.9094	10.0741	0.00292096	0.0104432
3.48	16.9029	10.0881	0.00291886	0.0104577
3.49	16.8963	10.102	0.00291675	0.0104721
3.5	16.8898	10.116	0.00291463	0.0104866
3.51	16.8832	10.13	0.00291249	0.0105011
3.52	16.8767	10.1439	0.00291033	0.0105155
3.53	16.8702	10.1578	0.00290816	0.0105299
3.54	16.8637	10.1717	0.00290598	0.0105444
3.55	16.8572	10.1856	0.00290379	0.0105588
3.56	16.8506	10.1995	0.00290158	0.0105732
3.57	16.8441	10.2134	0.00289936	0.0105876
3.58	16.8376	10.2273	0.00289713	0.010602
3.59	16.8312	10.2411	0.00289488	0.0106163
3.6	16.8247	10.255	0.00289261	0.0106307
3.61	16.8182	10.2688	0.00289034	0.010645
3.62	16.8117	10.2827	0.00288805	0.0106594
3.63	16.8052	10.2965	0.00288575	0.0106737
3.64	16.7988	10.3103	0.00288343	0.010688
3.65	16.7923	10.3241	0.0028811	0.0107023
3.66	16.7858	10.3379	0.00287876	0.0107166
3.67	16.7794	10.3517	0.0028764	0.0107309
3.68	16.7729	10.3654	0.00287403	0.0107452
3.69	16.7665	10.3792	0.00287165	0.0107594
3.7	16.7601	10.3929	0.00286925	0.0107737
3.71	16.7536	10.4066	0.00286684	0.0107879
3.72	16.7472	10.4204	0.00286442	0.0108021
3.73	16.7408	10.4341	0.00286198	0.0108163
3.74	16.7344	10.4478	0.00285953	0.0108305
3.75	16.728	10.4614	0.00285707	0.0108447
3.76	16.7216	10.4751	0.00285459	0.0108589
3.77	16.7152	10.4888	0.0028521	0.010873
3.78	16.7088	10.5024	0.0028496	0.0108872
3.79	16.7024	10.5161	0.00284708	0.0109013
3.8	16.696	10.5297	0.00284455	0.0109154
3.81	16.6896	10.5433	0.00284201	0.0109296
3.82	16.6833	10.5569	0.00283945	0.0109437
3.83	16.6769	10.5705	0.00283688	0.0109577
3.84	16.6705	10.5841	0.00283429	0.0109718
3.85	16.6642	10.5976	0.0028317	0.0109859
3.86	16.6578	10.6112	0.00282909	0.0109999
3.87	16.6515	10.6247	0.00282646	0.0110139
3.88	16.6452	10.6382	0.00282383	0.011028
3.89	16.6388	10.6517	0.00282118	0.011042
3.9	16.6325	10.6652	0.00281851	0.011056
3.91	16.6262	10.6787	0.00281584	0.0110699
3.92	16.6199	10.6922	0.00281315	0.0110839
3.93	16.6136	10.7057	0.00281044	0.0110979
3.94	16.6073	10.7191	0.00280773	0.0111118
3.95	16.601	10.7325	0.002805	0.0111257
3.96	16.5947	10.746	0.00280225	0.0111397
3.97	16.5884	10.7594	0.0027995	0.0111536
3.98	16.5821	10.7728	0.00279673	0.0111674
3.99	16.5759	10.7862	0.00279395	0.0111813
4	16.5696	10.7995	0.00279115	0.0111952
4.01	16.5633	10.8129	0.00278834	0.011209
4.02	16.5571	10.8262	0.00278552	0.0112228
4.03	16.5509	10.8395	0.00278269	0.0112367
4.04	16.5446	10.8529	0.00277984	0.0112505
4.05	16.5384	10.8662	0.00277698	0.0112643
4.06	16.5322	10.8795	0.00277411	0.011278
4.07	16.5259	10.8927	0.00277122	0.0112918
4.08	16.5197	10.906	0.00276832	0.0113055
4.09	16.5135	10.9192	0.00276541	0.0113193
4.1	16.5073	10.9325	0.00276248	0.011333
4.11	16.5011	10.9457	0.00275954	0.0113467
4.12	16.495	10.9589	0.00275659	0.0113604
4.13	16.4888	10.9721	0.00275363	0.011374
4.14	16.4826	10.9853	0.00275065	0.0113877
4.15	16.4764	10.9984	0.00274766	0.0114014
4.16	16.4703	11.0116	0.00274465	0.011415
4.17	16.4641	11.0247	0.00274164	0.0114286
4.18	16.458	11.0378	0.00273861	0.0114422
4.19	16.4518	11.0509	0.00273556	0.0114558
4.2	16.4457	11.064	0.00273251	0.0114693
4.21	16.4396	11.0771	0.00272944	0.0114829
4.22	16.4335	11.0901	0.00272636	0.0114964
4.23	16.4274	11.1032	0.00272327	0.01151
4.24	16.4213	11.1162	0.00272016	0.0115235
4.25	16.4152	11.1292	0.00271704	0.011537
4.26	16.4091	11.1422	0.00271391	0.0115504
4.27	16.403	11.1552	0.00271076	0.0115639
4.28	16.3969	11.1682	0.0027076	0.0115774
4.29	16.3908	11.1812	0.00270443	0.0115908
4.3	16.3848	11.1941	0.00270125	0.0116042
4.31	16.3787	11.207	0.00269805	0.0116176
4.32	16.3727	11.2199	0.00269484	0.011631
4.33	16.3666	11.2328	0.00269162	0.0116443
4.34	16.3606	11.2457	0.00268839	0.0116577
4.35	16.3546	11.2586	0.00268514	0.011671
4.36	16.3486	11.2714	0.00268188	0.0116844
4.37	16.3425	11.2843	0.00267861	0.0116977
4.38	16.3365	11.2971	0.00267532	0.0117109
4.39	16.3305	11.3099	0.00267203	0.0117242
4.4	16.3246	11.3227	0.00266871	0.0117375
4.41	16.3186	11.3354	0.00266539	0.0117507
4.42	16.3126	11.3482	0.00266206	0.0117639
4.43	16.3066	11.3609	0.00265871	0.0117771
4.44	16.3007	11.3736	0.00265535	0.0117903
4.45	16.2947	11.3863	0.00265197	0.0118035
4.46	16.2888	11.399	0.00264859	0.0118166
4.47	16.2828	11.4117	0.00264519	0.0118298
4.48	16.2769	11.4244	0.00264178	0.0118429
4.49	16.271	11.437	0.00263836	0.011856
4.5	16.2651	11.4496	0.00263492	0.0118691
4.51	16.2592	11.4622	0.00263147	0.0118822
4.52	16.2533	11.4748	0.00262801	0.0118952
4.53	16.2474	11.4874	0.00262454	0.0119083
4.54	16.2415	11.5	0.00262105	0.0119213
4.55	16.2356	11.5125	0.00261755	0.0119343
4.56	16.2298	11.525	0.00261404	0.0119473
4.57	16.2239	11.5375	0.00261052	0.0119602
4.58	16.2181	11.55	0.00260699	0.0119732
4.59	16.2122	11.5625	0.00260344	0.0119861
4.6	16.2064	11.575	0.00259988	0.011999
4.61	16.2005	11.5874	0.00259631	0.0120119
4.62	16.1947	11.5998	0.00259272	0.0120248
4.63	16.1889	11.6122	0.00258913	0.0120377
4.64	16.1831	11.6246	0.00258552	0.0120505
4.65	16.1773	11.637	0.0025819	0.0120633
4.66	16.1715	11.6493	0.00257826	0.0120761
4.67	16.1657	11.6617	0.00257462	0.0120889
4.68	16.16	11.674	0.00257096	0.0121017
4.69	16.1542	11.6863	0.00256729	0.0121144
4.7	16.1485	11.6986	0.00256361	0.0121272
4.71	16.1427	11.7109	0.00255991	0.0121399
4.72	16.137	11.7231	0.00255621	0.0121526
4.73	16.1312	11.7353	0.00255249	0.0121653
4.74	16.1255	11.7476	0.00254876	0.0121779
4.75	16.1198	11.7597	0.00254501	0.0121906
4.76	16.1141	11.7719	0.00254126	0.0122032
4.77	16.1084	11.7841	0.00253749	0.0122158
4.78	16.1027	11.7962	0.00253371	0.0122284
4.79	16.097	11.8084	0.00252992	0.012241
4.8	16.0914	11.8205	0.00252612	0.0122535
4.81	16.0857	11.8325	0.00252231	0.012266
4.82	16.0801	11.8446	0.00251848	0.0122785
4.83	16.0744	11.8567	0.00251464	0.012291
4.84	16.0688	11.8687	0.00251079	0.0123035
4.85	16.0632	11.8807	0.00250693	0.012316
4.86	16.0575	11.8927	0.00250305	0.0123284
4.87	16.0519	11.9047	0.00249917	0.0123408
4.88	16.0463	11.9166	0.00249527	0.0123532
4.89	16.0407	11.9286	0.00249136	0.0123656
4.9	16.0351	11.9405	0.00248744	0.012378
4.91	16.0296	11.9524	0.0024835	0.0123903
4.92	16.024	11.9643	0.00247956	0.0124026
4.93	16.0184	11.9762	0.0024756	0.0124149
4.94	16.0129	11.988	0.00247163	0.0124272
4.95	16.0074	11.9998	0.00246765	0.0124394
4.96	16.0018	12.0116	0.00246366	0.0124517
4.97	15.9963	12.0234	0.00245965	0.0124639
4.98	15.9908	12.0352	0.00245564	0.0124761
4.99	15.9853	12.0469	0.00245161	0.0124883
5	15.9798	12.0587	0.00244757	0.0125005
5.01	15.9743	12.0704	0.00244352	0.0125126
5.02	15.9688	12.0821	0.00243946	0.0125247
5.03	15.9634	12.0938	0.00243538	0.0125368
5.04	15.9579	12.1054	0.0024313	0.0125489
5.05	15.9525	12.117	0.0024272	0.012561
5.06	15.947	12.1287	0.00242309	0.012573
5.07	15.9416	12.1402	0.00241897	0.012585
5.08	15.9362	12.1518	0.00241484	0.012597
5.09	15.9307	12.1634	0.0024107	0.012609
5.1	15.9253	12.1749	0.00240654	0.0126209
5.11	15.92	12.1864	0.00240238	0.0126329
5.12	15.9146	12.1979	0.0023982	0.0126448
5.13	15.9092	12.2094	0.00239401	0.0126567
5.14	15.9038	12.2209	0.00238981	0.0126686
5.15	15.8985	12.2323	0.0023856	0.0126804
5.16	15.8931	12.2437	0.00238138	0.0126923
5.17	15.8878	12.2551	0.00237714	0.0127041
5.18	15.8825	12.2665	0.0023729	0.0127159
5.19	15.8771	12.2778	0.00236864	0.0127276
5.2	15.8718	12.2892	0.00236437	0.0127394
5.21	15.8665	12.3005	0.00236009	0.0127511
5.22	15.8612	12.3118	0.0023558	0.0127628
5.23	15.856	12.323	0.0023515	0.0127745
5.24	15.8507	12.3343	0.00234719	0.0127862
5.25	15.8454	12.3455	0.00234286	0.0127978
5.26	15.8402	12.3567	0.00233853	0.0128094
5.27	15.8349	12.3679	0.00233418	0.012821
5.28	15.8297	12.3791	0.00232982	0.0128326
5.29	15.8245	12.3902	0.00232545	0.0128442
5.3	15.8193	12.4014	0.00232107	0.0128557
5.31	15.8141	12.4125	0.00231668	0.0128672
5.32	15.8089	12.4236	0.00231228	0.0128787
5.33	15.8037	12.4346	0.00230787	0.0128902
5.34	15.7985	12.4457	0.00230344	0.0129016
5.35	15.7934	12.4567	0.00229901	0.012913
5.36	15.7882	12.4677	0.00229456	0.0129245
5.37	15.7831	12.4787	0.00229011	0.0129358
5.38	15.7779	12.4896	0.00228564	0.0129472
5.39	15.7728	12.5006	0.00228116	0.0129585
5.4	15.7677	12.5115	0.00227667	0.0129698
5.41	15.7626	12.5224	0.00227217	0.0129811
5.42	15.7575	12.5332	0.00226766	0.0129924
5.43	15.7524	12.5441	0.00226314	0.0130037
5.44	15.7473	12.5549	0.0022586	0.0130149
5.45	15.7423	12.5657	0.00225406	0.0130261
5.46	15.7372	12.5765	0.00224951	0.0130373
5.47	15.7322	12.5873	0.00224494	0.0130484
5.48	15.7272	12.598	0.00224037	0.0130596
5.49	15.7221	12.6087	0.00223578	0.0130707
5.5	15.7171	12.6194	0.00223118	0.0130818
5.51	15.7121	12.6301	0.00222658	0.0130928
5.52	15.7071	12.6408	0.00222196	0.0131039
5.53	15.7021	12.6514	0.00221733	0.0131149
5.54	15.6972	12.662	0.00221269	0.0131259
5.55	15.6922	12.6726	0.00220804	0.0131369
5.56	15.6873	12.6832	0.00220338	0.0131478
5.57	15.6823	12.6937	0.00219871	0.0131588
5.58	15.6774	12.7042	0.00219403	0.0131697
5.59	15.6725	12.7147	0.00218933	0.0131805
5.6	15.6676	12.7252	0.00218463	0.0131914
5.61	15.6627	12.7357	0.00217992	0.0132022
5.62	15.6578	12.7461	0.0021752	0.0132131
5.63	15.6529	12.7565	0.00217046	0.0132238
5.64	15.6481	12.7669	0.00216572	0.0132346
5.65	15.6432	12.7773	0.00216096	0.0132454
5.66	15.6384	12.7876	0.0021562	0.0132561
5.67	15.6335	12.7979	0.00215143	0.0132668
5.68	15.6287	12.8082	0.00214664	0.0132774
5.69	15.6239	12.8185	0.00214184	0.0132881
5.7	15.6191	12.8287	0.00213704	0.0132987
5.71	15.6143	12.839	0.00213222	0.0133093
5.72	15.6095	12.8492	0.0021274	0.0133199
5.73	15.6048	12.8593	0.00212256	0.0133304
5.74	15.6	12.8695	0.00211771	0.013341
5.75	15.5952	12.8796	0.00211286	0.0133515
5.76	15.5905	12.8897	0.00210799	0.013362
5.77	15.5858	12.8998	0.00210312	0.0133724
5.78	15.5811	12.9099	0.00209823	0.0133828
5.79	15.5764	12.9199	0.00209333	0.0133933
5.8	15.5717	12.9299	0.00208843	0.0134036
5.81	15.567	12.9399	0.00208351	0.013414
5.82	15.5623	12.9499	0.00207858	0.0134243
5.83	15.5577	12.9598	0.00207365	0.0134346
5.84	15.553	12.9698	0.0020687	0.0134449
5.85	15.5484	12.9797	0.00206374	0.0134552
5.86	15.5438	12.9895	0.00205878	0.0134654
5.87	15.5391	12.9994	0.0020538	0.0134756
5.88	15.5345	13.0092	0.00204882	0.0134858
5.89	15.5299	13.019	0.00204382	0.013496
5.9	15.5254	13.0288	0.00203881	0.0135061
5.91	15.5208	13.0386	0.0020338	0.0135162
5.92	15.5162	13.0483	0.00202877	0.0135263
5.93	15.5117	13.058	0.00202374	0.0135364
5.94	15.5072	13.0677	0.0020187	0.0135464
5.95	15.5026	13.0773	0.00201364	0.0135564
5.96	15.4981	13.087	0.00200858	0.0135664
5.97	15.4936	13.0966	0.00200351	0.0135764
5.98	15.4891	13.1062	0.00199842	0.0135863
5.99	15.4846	13.1157	0.00199333	0.0135962
6	15.4802	13.1253	0.00198823	0.0136061
6.01	15.4757	13.1348	0.00198312	0.013616
6.02	15.4713	13.1443	0.001978	0.0136258
6.03	15.4668	13.1537	0.00197287	0.0136356
6.04	15.4624	13.1632	0.00196773	0.0136454
6.05	15.458	13.1726	0.00196258	0.0136552
6.06	15.4536	13.182	0.00195742	0.0136649
6.07	15.4492	13.1914	0.00195225	0.0136746
6.08	15.4448	13.2007	0.00194707	0.0136843
6.09	15.4405	13.21	0.00194189	0.013694
6.1	15.4361	13.2193	0.00193669	0.0137036
6.11	15.4318	13.2286	0.00193149	0.0137132
6.12	15.4275	13.2378	0.00192627	0.0137228
6.13	15.4231	13.247	0.00192105	0.0137323
6.14	15.4188	13.2562	0.00191582	0.0137419
6.15	15.4145	13.2654	0.00191058	0.0137514
6.16	15.4103	13.2745	0.00190532	0.0137609
6.17	15.406	13.2837	0.00190006	0.0137703
6.18	15.4017	13.2927	0.0018948	0.0137797
6.19	15.3975	13.3018	0.00188952	0.0137891
6.2	15.3932	13.3109	0.00188423	0.0137985
6.21	15.389	13.3199	0.00187893	0.0138079
6.22	15.3848	13.3289	0.00187363	0.0138172
6.23	15.3806	13.3378	0.00186831	0.0138265
6.24	15.3764	13.3468	0.00186299	0.0138357
6.25	15.3723	13.3557	0.00185766	0.013845
6.26	15.3681	13.3646	0.00185232	0.0138542
6.27	15.3639	13.3734	0.00184697	0.0138634
6.28	15.3598	13.3823	0.00184161	0.0138725
6.29	15.3557	13.3911	0.00183624	0.0138817
6.3	15.3516	13.3999	0.00183086	0.0138908
6.31	15.3474	13.4086	0.00182548	0.0138999
6.32	15.3434	13.4174	0.00182008	0.0139089
6.33	15.3393	13.4261	0.00181468	0.0139179
6.34	15.3352	13.4348	0.00180927	0.0139269
6.35	15.3312	13.4434	0.00180385	0.0139359
6.36	15.3271	13.452	0.00179842	0.0139449
6.37	15.3231	13.4607	0.00179298	0.0139538
6.38	15.3191	13.4692	0.00178754	0.0139627
6.39	15.3151	13.4778	0.00178208	0.0139716
6.4	15.3111	13.4863	0.00177662	0.0139804
6.41	15.3071	13.4948	0.00177115	0.0139892
6.42	15.3031	13.5033	0.00176567	0.013998
6.43	15.2992	13.5117	0.00176018	0.0140067
6.44	15.2952	13.5202	0.00175468	0.0140155
6.45	15.2913	13.5286	0.00174918	0.0140242
6.46	15.2874	13.5369	0.00174366	0.0140329
6.47	15.2834	13.5453	0.00173814	0.0140415
6.48	15.2795	13.5536	0.00173261	0.0140501
6.49	15.2757	13.5619	0.00172707	0.0140587
6.5	15.2718	13.5701	0.00172153	0.0140673
6.51	15.2679	13.5784	0.00171597	0.0140758
6.52	15.2641	13.5866	0.00171041	0.0140843
6.53	15.2603	13.5948	0.00170484	0.0140928
6.54	15.2564	13.6029	0.00169926	0.0141013
6.55	15.2526	13.6111	0.00169367	0.0141097
6.56	15.2488	13.6192	0.00168807	0.0141181
6.57	15.245	13.6272	0.00168247	0.0141265
6.58	15.2413	13.6353	0.00167685	0.0141348
6.59	15.2375	13.6433	0.00167123	0.0141431
6.6	15.2338	13.6513	0.00166561	0.0141514
6.61	15.23	13.6593	0.00165997	0.0141597
6.62	15.2263	13.6672	0.00165432	0.0141679
6.63	15.2226	13.6751	0.00164867	0.0141761
6.64	15.2189	13.683	0.00164301	0.0141843
6.65	15.2152	13.6909	0.00163734	0.0141925
6.66	15.2116	13.6987	0.00163167	0.0142006
6.67	15.2079	13.7065	0.00162598	0.0142087
6.68	15.2043	13.7143	0.00162029	0.0142167
6.69	15.2006	13.7221	0.00161459	0.0142248
6.7	15.197	13.7298	0.00160888	0.0142328
6.71	15.1934	13.7375	0.00160317	0.0142408
6.72	15.1898	13.7452	0.00159745	0.0142487
6.73	15.1862	13.7528	0.00159172	0.0142567
6.74	15.1827	13.7604	0.00158598	0.0142645
6.75	15.1791	13.768	0.00158023	0.0142724
6.76	15.1756	13.7756	0.00157448	0.0142803
6.77	15.172	13.7831	0.00156872	0.0142881
6.78	15.1685	13.7906	0.00156295	0.0142958
6.79	15.165	13.7981	0.00155717	0.0143036
6.8	15.1615	13.8055	0.00155139	0.0143113
6.81	15.158	13.813	0.0015456	0.014319
6.82	15.1546	13.8204	0.0015398	0.0143267
6.83	15.1511	13.8277	0.00153399	0.0143343
6.84	15.1477	13.8351	0.00152818	0.0143419
6.85	15.1443	13.8424	0.00152236	0.0143495
6.86	15.1409	13.8497	0.00151653	0.0143571
6.87	15.1375	13.8569	0.0015107	0.0143646
6.88	15.1341	13.8642	0.00150486	0.0143721
6.89	15.1307	13.8714	0.00149901	0.0143795
6.9	15.1273	13.8785	0.00149315	0.014387
6.91	15.124	13.8857	0.00148728	0.0143944
6.92	15.1207	13.8928	0.00148141	0.0144018
6.93	15.1173	13.8999	0.00147553	0.0144091
6.94	15.114	13.9069	0.00146965	0.0144164
6.95	15.1107	13.914	0.00146376	0.0144237
6.96	15.1075	13.921	0.00145786	0.014431
6.97	15.1042	13.928	0.00145195	0.0144382
6.98	15.1009	13.9349	0.00144604	0.0144454
6.99	15.0977	13.9418	0.00144012	0.0144526
7	15.0945	13.9487	0.00143419	0.0144597
7.01	15.0913	13.9556	0.00142825	0.0144668
7.02	15.0881	13.9624	0.00142231	0.0144739
7.03	15.0849	13.9692	0.00141636	0.014481
7.04	15.0817	13.976	0.00141041	0.014488
7.05	15.0785	13.9827	0.00140445	0.014495
7.06	15.0754	13.9895	0.00139848	0.014502
7.07	15.0722	13.9962	0.0013925	0.0145089
7.08	15.0691	14.0028	0.00138652	0.0145158
7.09	15.066	14.0094	0.00138053	0.0145227
7.1	15.0629	14.0161	0.00137454	0.0145295
7.11	15.0598	14.0226	0.00136853	0.0145364
7.12	15.0568	14.0292	0.00136252	0.0145431
7.13	15.0537	14.0357	0.00135651	0.0145499
7.14	15.0507	14.0422	0.00135049	0.0145566
7.15	15.0477	14.0487	0.00134446	0.0145633
7.16	15.0446	14.0551	0.00133842	0.01457
7.17	15.0416	14.0615	0.00133238	0.0145766
7.18	15.0387	14.0679	0.00132633	0.0145832
7.19	15.0357	14.0742	0.00132028	0.0145898
7.2	15.0327	14.0805	0.00131422	0.0145964
7.21	15.0298	14.0868	0.00130815	0.0146029
7.22	15.0268	14.0931	0.00130208	0.0146094
7.23	15.0239	14.0993	0.001296	0.0146158
7.24	15.021	14.1055	0.00128991	0.0146223
7.25	15.0181	14.1117	0.00128382	0.0146287
7.26	15.0153	14.1178	0.00127772	0.014635
7.27	15.0124	14.1239	0.00127162	0.0146414
7.28	15.0095	14.13	0.00126551	0.0146477
7.29	15.0067	14.1361	0.00125939	0.014654
7.3	15.0039	14.1421	0.00125326	0.0146602
7.31	15.0011	14.1481	0.00124714	0.0146664
7.32	14.9983	14.1541	0.001241	0.0146726
7.33	14.9955	14.16	0.00123486	0.0146788
7.34	14.9927	14.1659	0.00122871	0.0146849
7.35	14.99	14.1718	0.00122256	0.014691
7.36	14.9872	14.1776	0.0012164	0.0146971
7.37	14.9845	14.1835	0.00121023	0.0147031
7.38	14.9818	14.1893	0.00120406	0.0147091
7.39	14.9791	14.195	0.00119789	0.0147151
7.4	14.9764	14.2008	0.0011917	0.014721
7.41	14.9737	14.2065	0.00118551	0.0147269
7.42	14.9711	14.2121	0.00117932	0.0147328
7.43	14.9684	14.2178	0.00117312	0.0147386
7.44	14.9658	14.2234	0.00116691	0.0147445
7.45	14.9632	14.229	0.0011607	0.0147503
7.46	14.9606	14.2345	0.00115449	0.014756
7.47	14.958	14.24	0.00114826	0.0147617
7.48	14.9554	14.2455	0.00114203	0.0147674
7.49	14.9529	14.251	0.0011358	0.0147731
7.5	14.9503	14.2564	0.00112956	0.0147787
7.51	14.9478	14.2618	0.00112332	0.0147843
7.52	14.9453	14.2672	0.00111707	0.0147899
7.53	14.9428	14.2726	0.00111081	0.0147954
7.54	14.9403	14.2779	0.00110455	0.014801
7.55	14.9378	14.2832	0.00109828	0.0148064
7.56	14.9353	14.2884	0.00109201	0.0148119
7.57	14.9329	14.2936	0.00108573	0.0148173
7.58	14.9305	14.2988	0.00107945	0.0148227
7.59	14.928	14.304	0.00107316	0.014828
7.6	14.9256	14.3091	0.00106687	0.0148334
7.61	14.9232	14.3142	0.00106057	0.0148387
7.62	14.9209	14.3193	0.00105427	0.0148439
7.63	14.9185	14.3244	0.00104796	0.0148491
7.64	14.9162	14.3294	0.00104164	0.0148543
7.65	14.9138	14.3344	0.00103532	0.0148595
7.66	14.9115	14.3393	0.001029	0.0148646
7.67	14.9092	14.3442	0.00102267	0.0148698
7.68	14.9069	14.3491	0.00101633	0.0148748
7.69	14.9046	14.354	0.00101	0.0148799
7.7	14.9024	14.3588	0.00100365	0.0148849
7.71	14.9001	14.3636	0.000997301	0.0148899
7.72	14.8979	14.3684	0.000990947	0.0148948
7.73	14.8957	14.3731	0.000984588	0.0148997
7.74	14.8934	14.3779	0.000978224	0.0149046
7.75	14.8913	14.3825	0.000971855	0.0149095
7.76	14.8891	14.3872	0.000965481	0.0149143
7.77	14.8869	14.3918	0.000959103	0.0149191
7.78	14.8848	14.3964	0.000952719	0.0149238
7.79	14.8826	14.401	0.000946331	0.0149285
7.8	14.8805	14.4055	0.000939939	0.0149332
7.81	14.8784	14.41	0.000933541	0.0149379
7.82	14.8763	14.4145	0.000927139	0.0149425
7.83	14.8742	14.4189	0.000920733	0.0149471
7.84	14.8722	14.4233	0.000914322	0.0149517
7.85	14.8701	14.4277	0.000907906	0.0149562
7.86	14.8681	14.432	0.000901486	0.0149607
7.87	14.8661	14.4363	0.000895061	0.0149652
7.88	14.8641	14.4406	0.000888632	0.0149696
7.89	14.8621	14.4449	0.000882198	0.0149741
7.9	14.8601	14.4491	0.00087576	0.0149784
7.91	14.8581	14.4533	0.000869318	0.0149828
7.92	14.8562	14.4574	0.000862871	0.0149871
7.93	14.8542	14.4616	0.00085642	0.0149914
7.94	14.8523	14.4657	0.000849964	0.0149956
7.95	14.8504	14.4697	0.000843504	0.0149998
7.96	14.8485	14.4738	0.00083704	0.015004
7.97	14.8466	14.4778	0.000830572	0.0150082
7.98	14.8448	14.4817	0.0008241	0.0150123
7.99	14.8429	14.4857	0.000817623	0.0150164
8	14.8411	14.4896	0.000811142	0.0150204
8.01	14.8393	14.4935	0.000804658	0.0150245
8.02	14.8375	14.4973	0.000798169	0.0150284
8.03	14.8357	14.5011	0.000791676	0.0150324
8.04	14.8339	14.5049	0.000785179	0.0150363
8.05	14.8322	14.5087	0.000778678	0.0150402
8.06	14.8304	14.5124	0.000772173	0.0150441
8.07	14.8287	14.5161	0.000765664	0.0150479
8.08	14.827	14.5198	0.000759151	0.0150517
8.09	14.8253	14.5234	0.000752634	0.0150555
8.1	14.8236	14.527	0.000746113	0.0150592
8.11	14.8219	14.5306	0.000739589	0.0150629
8.12	14.8202	14.5341	0.000733061	0.0150666
8.13	14.8186	14.5376	0.000726528	0.0150702
8.14	14.817	14.5411	0.000719993	0.0150738
8.15	14.8154	14.5446	0.000713453	0.0150774
8.16	14.8138	14.548	0.00070691	0.0150809
8.17	14.8122	14.5513	0.000700363	0.0150844
8.18	14.8106	14.5547	0.000693812	0.0150879
8.19	14.8091	14.558	0.000687258	0.0150914
8.2	14.8075	14.5613	0.0006807	0.0150948
8.21	14.806	14.5646	0.000674138	0.0150981
8.22	14.8045	14.5678	0.000667573	0.0151015
8.23	14.803	14.571	0.000661004	0.0151048
8.24	14.8015	14.5741	0.000654432	0.0151081
8.25	14.8	14.5773	0.000647856	0.0151113
8.26	14.7986	14.5804	0.000641277	0.0151145
8.27	14.7971	14.5834	0.000634695	0.0151177
8.28	14.7957	14.5865	0.000628109	0.0151209
8.29	14.7943	14.5895	0.000621519	0.015124
8.3	14.7929	14.5925	0.000614927	0.0151271
8.31	14.7915	14.5954	0.00060833	0.0151301
8.32	14.7902	14.5983	0.000601731	0.0151331
8.33	14.7888	14.6012	0.000595128	0.0151361
8.34	14.7875	14.604	0.000588522	0.0151391
8.35	14.7862	14.6069	0.000581913	0.015142
8.36	14.7849	14.6096	0.0005753	0.0151449
8.37	14.7836	14.6124	0.000568684	0.0151477
8.38	14.7823	14.6151	0.000562065	0.0151506
8.39	14.781	14.6178	0.000555443	0.0151533
8.4	14.7798	14.6205	0.000548818	0.0151561
8.41	14.7786	14.6231	0.000542189	0.0151588
8.42	14.7774	14.6257	0.000535558	0.0151615
8.43	14.7762	14.6282	0.000528923	0.0151642
8.44	14.775	14.6308	0.000522285	0.0151668
8.45	14.7738	14.6333	0.000515645	0.0151694
8.46	14.7726	14.6357	0.000509001	0.0151719
8.47	14.7715	14.6382	0.000502354	0.0151745
8.48	14.7704	14.6406	0.000495704	0.015177
8.49	14.7693	14.643	0.000489051	0.0151794
8.5	14.7682	14.6453	0.000482395	0.0151818
8.51	14.7671	14.6476	0.000475736	0.0151842
8.52	14.766	14.6499	0.000469074	0.0151866
8.53	14.765	14.6521	0.000462409	0.0151889
8.54	14.7639	14.6543	0.000455741	0.0151912
8.55	14.7629	14.6565	0.00044907	0.0151935
8.56	14.7619	14.6587	0.000442397	0.0151957
8.57	14.7609	14.6608	0.00043572	0.0151979
8.58	14.7599	14.6629	0.000429041	0.0152001
8.59	14.759	14.6649	0.000422358	0.0152022
8.6	14.758	14.6669	0.000415673	0.0152043
8.61	14.7571	14.6689	0.000408985	0.0152063
8.62	14.7562	14.6709	0.000402294	0.0152084
8.63	14.7553	14.6728	0.0003956	0.0152104
8.64	14.7544	14.6747	0.000388903	0.0152123
8.65	14.7535	14.6766	0.000382204	0.0152143
8.66	14.7527	14.6784	0.000375501	0.0152161
8.67	14.7518	14.6802	0.000368795	0.015218
8.68	14.751	14.682	0.000362087	0.0152198
8.69	14.7502	14.6837	0.000355376	0.0152216
8.7	14.7494	14.6854	0.000348661	0.0152234
8.71	14.7486	14.6871	0.000341944	0.0152251
8.72	14.7478	14.6887	0.000335224	0.0152268
8.73	14.7471	14.6903	0.000328501	0.0152285
8.74	14.7464	14.6919	0.000321774	0.0152301
8.75	14.7456	14.6934	0.000315045	0.0152317
8.76	14.7449	14.6949	0.000308313	0.0152333
8.77	14.7442	14.6964	0.000301577	0.0152348
8.78	14.7436	14.6978	0.000294839	0.0152363
8.79	14.7429	14.6993	0.000288097	0.0152378
8.8	14.7423	14.7006	0.000281352	0.0152392
8.81	14.7416	14.702	0.000274603	0.0152406
8.82	14.741	14.7033	0.000267851	0.015242
8.83	14.7404	14.7046	0.000261096	0.0152433
8.84	14.7398	14.7058	0.000254337	0.0152446
8.85	14.7393	14.707	0.000247575	0.0152458
8.86	14.7387	14.7082	0.000240808	0.0152471
8.87	14.7382	14.7094	0.000234038	0.0152483
8.88	14.7376	14.7105	0.000227264	0.0152494
8.89	14.7371	14.7116	0.000220486	0.0152505
8.9	14.7366	14.7126	0.000213703	0.0152516
8.91	14.7362	14.7137	0.000206916	0.0152527
8.92	14.7357	14.7146	0.000200124	0.0152537
8.93	14.7352	14.7156	0.000193328	0.0152547
8.94	14.7348	14.7165	0.000186526	0.0152557
8.95	14.7344	14.7174	0.000179718	0.0152566
8.96	14.734	14.7183	0.000172905	0.0152575
8.97	14.7336	14.7191	0.000166086	0.0152584
8.98	14.7332	14.7199	0.00015926	0.0152592
8.99	14.7329	14.7207	0.000152427	0.01526
9	14.7325	14.7214	0.000145586	0.0152607
9.01	14.7322	14.7221	0.000138738	0.0152614
9.02	14.7319	14.7228	0.000131879	0.0152621
