LeakagePort 1	Current turn 0.5	Pressure storage 18.9856	Pressure reaction 0.62439	Used volumes E, B
Elapsed	Storage	Reaction	Flow rate	Modelled cm3 H2	
0	18.9856	0.62439	0.00578652	0.000647751
0.01	18.9856	0.314568	0.00578652	0.000647751
0.02	18.9727	0.328507	0.00578258	0.000676454
0.03	18.9598	0.342436	0.00577864	0.000705137
0.04	18.9469	0.356356	0.00577471	0.000733801
0.05	18.934	0.370267	0.00577077	0.000762445
0.06	18.9211	0.384168	0.00576684	0.00079107
0.07	18.9082	0.39806	0.00576292	0.000819676
0.08	18.8953	0.411942	0.00575899	0.000848261
0.09	18.8825	0.425815	0.00575507	0.000876828
0.1	18.8696	0.439678	0.00575115	0.000905375
0.11	18.8567	0.453532	0.00574724	0.000933902
0.12	18.8439	0.467376	0.00574333	0.000962411
0.13	18.8311	0.481211	0.00573942	0.000990899
0.14	18.8183	0.495037	0.00573551	0.00101937
0.15	18.8054	0.508853	0.0057316	0.00104782
0.16	18.7926	0.52266	0.0057277	0.00107625
0.17	18.7798	0.536457	0.0057238	0.00110466
0.18	18.7671	0.550245	0.0057199	0.00113305
0.19	18.7543	0.564024	0.00571601	0.00116142
0.2	18.7415	0.577793	0.00571212	0.00118978
0.21	18.7288	0.591553	0.00570823	0.00121811
0.22	18.716	0.605303	0.00570434	0.00124643
0.23	18.7033	0.619044	0.00570046	0.00127472
0.24	18.6905	0.632776	0.00569658	0.001303
0.25	18.6778	0.646498	0.0056927	0.00133125
0.26	18.6651	0.660211	0.00568882	0.00135949
0.27	18.6524	0.673915	0.00568495	0.00138771
0.28	18.6397	0.68761	0.00568108	0.00141591
0.29	18.627	0.701295	0.00567721	0.00144409
0.3	18.6143	0.71497	0.00567335	0.00147225
0.31	18.6016	0.728637	0.00566948	0.00150039
0.32	18.589	0.742294	0.00566562	0.00152851
0.33	18.5763	0.755942	0.00566177	0.00155662
0.34	18.5637	0.76958	0.00565791	0.0015847
0.35	18.551	0.783209	0.00565406	0.00161277
0.36	18.5384	0.796829	0.00565021	0.00164081
0.37	18.5258	0.81044	0.00564636	0.00166884
0.38	18.5132	0.824042	0.00564252	0.00169685
0.39	18.5005	0.837634	0.00563868	0.00172484
0.4	18.488	0.851217	0.00563484	0.00175281
0.41	18.4754	0.86479	0.005631	0.00178076
0.42	18.4628	0.878355	0.00562717	0.00180869
0.43	18.4502	0.89191	0.00562334	0.0018366
0.44	18.4377	0.905456	0.00561951	0.00186449
0.45	18.4251	0.918993	0.00561568	0.00189237
0.46	18.4126	0.93252	0.00561186	0.00192022
0.47	18.4	0.946038	0.00560804	0.00194806
0.48	18.3875	0.959548	0.00560422	0.00197588
0.49	18.375	0.973047	0.0056004	0.00200368
0.5	18.3625	0.986538	0.00559659	0.00203146
0.51	18.35	1.00002	0.00559278	0.00205922
0.52	18.3375	1.01349	0.00558897	0.00208696
0.53	18.325	1.02696	0.00558517	0.00211468
0.54	18.3125	1.04041	0.00558136	0.00214239
0.55	18.3	1.05385	0.00557756	0.00217007
0.56	18.2876	1.06729	0.00557377	0.00219774
0.57	18.2751	1.08072	0.00556997	0.00222539
0.58	18.2627	1.09413	0.00556618	0.00225302
0.59	18.2502	1.10754	0.00556239	0.00228063
0.6	18.2378	1.12094	0.0055586	0.00230822
0.61	18.2254	1.13433	0.00555482	0.00233579
0.62	18.213	1.14771	0.00555103	0.00236334
0.63	18.2006	1.16108	0.00554726	0.00239088
0.64	18.1882	1.17445	0.00554348	0.00241839
0.65	18.1758	1.1878	0.0055397	0.00244589
0.66	18.1634	1.20114	0.00553593	0.00247337
0.67	18.1511	1.21448	0.00553216	0.00250083
0.68	18.1387	1.22781	0.0055284	0.00252827
0.69	18.1264	1.24112	0.00552463	0.00255569
0.7	18.114	1.25443	0.00552087	0.0025831
0.71	18.1017	1.26773	0.00551711	0.00261048
0.72	18.0894	1.28102	0.00551336	0.00263785
0.73	18.0771	1.2943	0.0055096	0.0026652
0.74	18.0647	1.30757	0.00550585	0.00269253
0.75	18.0524	1.32084	0.0055021	0.00271984
0.76	18.0402	1.33409	0.00549836	0.00274713
0.77	18.0279	1.34734	0.00549461	0.0027744
0.78	18.0156	1.36057	0.00549087	0.00280166
0.79	18.0033	1.3738	0.00548713	0.00282889
0.8	17.9911	1.38702	0.0054834	0.00285611
0.81	17.9788	1.40023	0.00547966	0.00288331
0.82	17.9666	1.41343	0.00547593	0.00291049
0.83	17.9544	1.42662	0.0054722	0.00293766
0.84	17.9421	1.4398	0.00546848	0.0029648
0.85	17.9299	1.45297	0.00546476	0.00299192
0.86	17.9177	1.46613	0.00546103	0.00301903
0.87	17.9055	1.47929	0.00545732	0.00304612
0.88	17.8933	1.49244	0.0054536	0.00307319
0.89	17.8811	1.50557	0.00544989	0.00310024
0.9	17.869	1.5187	0.00544618	0.00312727
0.91	17.8568	1.53182	0.00544247	0.00315429
0.92	17.8446	1.54493	0.00543876	0.00318129
0.93	17.8325	1.55803	0.00543506	0.00320826
0.94	17.8203	1.57112	0.00543136	0.00323522
0.95	17.8082	1.58421	0.00542766	0.00326216
0.96	17.7961	1.59728	0.00542397	0.00328909
0.97	17.784	1.61035	0.00542027	0.00331599
0.98	17.7719	1.62341	0.00541658	0.00334288
0.99	17.7598	1.63645	0.0054129	0.00336975
1	17.7477	1.64949	0.00540921	0.0033966
1.01	17.7356	1.66252	0.00540553	0.00342343
1.02	17.7235	1.67554	0.00540185	0.00345024
1.03	17.7114	1.68856	0.00539817	0.00347704
1.04	17.6994	1.70156	0.00539449	0.00350381
1.05	17.6873	1.71455	0.00539082	0.00353057
1.06	17.6753	1.72754	0.00538715	0.00355731
1.07	17.6633	1.74052	0.00538348	0.00358403
1.08	17.6512	1.75349	0.00537982	0.00361074
1.09	17.6392	1.76644	0.00537615	0.00363742
1.1	17.6272	1.7794	0.00537249	0.00366409
1.11	17.6152	1.79234	0.00536884	0.00369074
1.12	17.6032	1.80527	0.00536518	0.00371737
1.13	17.5912	1.81819	0.00536153	0.00374398
1.14	17.5792	1.83111	0.00535788	0.00377058
1.15	17.5673	1.84402	0.00535423	0.00379715
1.16	17.5553	1.85691	0.00535058	0.00382371
1.17	17.5434	1.8698	0.00534694	0.00385025
1.18	17.5314	1.88268	0.0053433	0.00387678
1.19	17.5195	1.89555	0.00533966	0.00390328
1.2	17.5076	1.90842	0.00533603	0.00392977
1.21	17.4956	1.92127	0.00533239	0.00395624
1.22	17.4837	1.93412	0.00532876	0.00398269
1.23	17.4718	1.94695	0.00532514	0.00400912
1.24	17.4599	1.95978	0.00532151	0.00403553
1.25	17.448	1.9726	0.00531789	0.00406193
1.26	17.4362	1.98541	0.00531427	0.00408831
1.27	17.4243	1.99821	0.00531065	0.00411467
1.28	17.4124	2.011	0.00530703	0.00414101
1.29	17.4006	2.02379	0.00530342	0.00416734
1.3	17.3887	2.03656	0.00529981	0.00419364
1.31	17.3769	2.04933	0.0052962	0.00421993
1.32	17.3651	2.06209	0.00529259	0.0042462
1.33	17.3532	2.07484	0.00528899	0.00427245
1.34	17.3414	2.08758	0.00528539	0.00429869
1.35	17.3296	2.10031	0.00528179	0.00432491
1.36	17.3178	2.11303	0.00527819	0.00435111
1.37	17.306	2.12575	0.0052746	0.00437729
1.38	17.2942	2.13845	0.00527101	0.00440345
1.39	17.2825	2.15115	0.00526742	0.0044296
1.4	17.2707	2.16384	0.00526383	0.00445573
1.41	17.2589	2.17652	0.00526025	0.00448184
1.42	17.2472	2.18919	0.00525667	0.00450793
1.43	17.2354	2.20185	0.00525309	0.004534
1.44	17.2237	2.21451	0.00524951	0.00456006
1.45	17.212	2.22715	0.00524594	0.0045861
1.46	17.2003	2.23979	0.00524237	0.00461212
1.47	17.1885	2.25242	0.0052388	0.00463812
1.48	17.1768	2.26504	0.00523523	0.00466411
1.49	17.1651	2.27765	0.00523167	0.00469008
1.5	17.1535	2.29025	0.00522811	0.00471603
1.51	17.1418	2.30284	0.00522455	0.00474196
1.52	17.1301	2.31543	0.00522099	0.00476788
1.53	17.1184	2.32801	0.00521743	0.00479378
1.54	17.1068	2.34057	0.00521388	0.00481966
1.55	17.0951	2.35313	0.00521033	0.00484552
1.56	17.0835	2.36568	0.00520678	0.00487136
1.57	17.0719	2.37823	0.00520324	0.00489719
1.58	17.0603	2.39076	0.0051997	0.004923
1.59	17.0486	2.40329	0.00519616	0.00494879
1.6	17.037	2.4158	0.00519262	0.00497457
1.61	17.0254	2.42831	0.00518908	0.00500032
1.62	17.0138	2.44081	0.00518555	0.00502606
1.63	17.0023	2.4533	0.00518202	0.00505179
1.64	16.9907	2.46579	0.00517849	0.00507749
1.65	16.9791	2.47826	0.00517497	0.00510318
1.66	16.9676	2.49073	0.00517144	0.00512885
1.67	16.956	2.50318	0.00516792	0.0051545
1.68	16.9445	2.51563	0.0051644	0.00518013
1.69	16.9329	2.52807	0.00516089	0.00520575
1.7	16.9214	2.5405	0.00515737	0.00523135
1.71	16.9099	2.55293	0.00515386	0.00525693
1.72	16.8984	2.56534	0.00515035	0.0052825
1.73	16.8868	2.57775	0.00514685	0.00530804
1.74	16.8754	2.59015	0.00514334	0.00533357
1.75	16.8639	2.60254	0.00513984	0.00535909
1.76	16.8524	2.61492	0.00513634	0.00538458
1.77	16.8409	2.62729	0.00513284	0.00541006
1.78	16.8294	2.63966	0.00512935	0.00543552
1.79	16.818	2.65201	0.00512586	0.00546096
1.8	16.8065	2.66436	0.00512237	0.00548639
1.81	16.7951	2.6767	0.00511888	0.0055118
1.82	16.7837	2.68903	0.00511539	0.00553719
1.83	16.7722	2.70135	0.00511191	0.00556256
1.84	16.7608	2.71367	0.00510843	0.00558792
1.85	16.7494	2.72597	0.00510495	0.00561326
1.86	16.738	2.73827	0.00510148	0.00563858
1.87	16.7266	2.75056	0.005098	0.00566389
1.88	16.7152	2.76284	0.00509453	0.00568917
1.89	16.7038	2.77511	0.00509106	0.00571444
1.9	16.6925	2.78737	0.0050876	0.0057397
1.91	16.6811	2.79963	0.00508413	0.00576493
1.92	16.6697	2.81188	0.00508067	0.00579015
1.93	16.6584	2.82412	0.00507721	0.00581535
1.94	16.647	2.83635	0.00507376	0.00584054
1.95	16.6357	2.84857	0.0050703	0.00586571
1.96	16.6244	2.86078	0.00506685	0.00589086
1.97	16.6131	2.87299	0.0050634	0.00591599
1.98	16.6017	2.88518	0.00505995	0.00594111
1.99	16.5904	2.89737	0.00505651	0.00596621
2	16.5791	2.90955	0.00505306	0.00599129
2.01	16.5679	2.92173	0.00504962	0.00601635
2.02	16.5566	2.93389	0.00504619	0.0060414
2.03	16.5453	2.94605	0.00504275	0.00606643
2.04	16.534	2.95819	0.00503932	0.00609144
2.05	16.5228	2.97033	0.00503588	0.00611644
2.06	16.5115	2.98246	0.00503246	0.00614142
2.07	16.5003	2.99459	0.00502903	0.00616638
2.08	16.4891	3.0067	0.00502561	0.00619133
2.09	16.4778	3.01881	0.00502218	0.00621626
2.1	16.4666	3.0309	0.00501876	0.00624117
2.11	16.4554	3.04299	0.00501535	0.00626606
2.12	16.4442	3.05508	0.00501193	0.00629094
2.13	16.433	3.06715	0.00500852	0.0063158
2.14	16.4218	3.07921	0.00500511	0.00634065
2.15	16.4106	3.09127	0.0050017	0.00636547
2.16	16.3995	3.10332	0.0049983	0.00639028
2.17	16.3883	3.11536	0.00499489	0.00641508
2.18	16.3771	3.12739	0.00499149	0.00643985
2.19	16.366	3.13941	0.0049881	0.00646461
2.2	16.3548	3.15143	0.0049847	0.00648935
2.21	16.3437	3.16344	0.00498131	0.00651408
2.22	16.3326	3.17544	0.00497791	0.00653879
2.23	16.3215	3.18743	0.00497452	0.00656348
2.24	16.3103	3.19941	0.00497114	0.00658816
2.25	16.2992	3.21139	0.00496775	0.00661281
2.26	16.2881	3.22335	0.00496437	0.00663746
2.27	16.2771	3.23531	0.00496099	0.00666208
2.28	16.266	3.24726	0.00495761	0.00668669
2.29	16.2549	3.2592	0.00495424	0.00671128
2.3	16.2438	3.27114	0.00495086	0.00673585
2.31	16.2328	3.28306	0.00494749	0.00676041
2.32	16.2217	3.29498	0.00494412	0.00678495
2.33	16.2107	3.30689	0.00494076	0.00680948
2.34	16.1996	3.31879	0.00493739	0.00683399
2.35	16.1886	3.33069	0.00493403	0.00685848
2.36	16.1776	3.34257	0.00493067	0.00688295
2.37	16.1666	3.35445	0.00492732	0.00690741
2.38	16.1556	3.36632	0.00492396	0.00693185
2.39	16.1446	3.37818	0.00492061	0.00695627
2.4	16.1336	3.39003	0.00491726	0.00698068
2.41	16.1226	3.40188	0.00491391	0.00700507
2.42	16.1116	3.41372	0.00491057	0.00702945
2.43	16.1006	3.42555	0.00490722	0.00705381
2.44	16.0897	3.43737	0.00490388	0.00707815
2.45	16.0787	3.44918	0.00490054	0.00710247
2.46	16.0678	3.46098	0.00489721	0.00712678
2.47	16.0568	3.47278	0.00489387	0.00715107
2.48	16.0459	3.48457	0.00489054	0.00717535
2.49	16.035	3.49635	0.00488721	0.00719961
2.5	16.0241	3.50812	0.00488388	0.00722385
2.51	16.0132	3.51989	0.00488056	0.00724807
2.52	16.0023	3.53164	0.00487723	0.00727228
2.53	15.9914	3.54339	0.00487391	0.00729648
2.54	15.9805	3.55513	0.0048706	0.00732065
2.55	15.9696	3.56687	0.00486728	0.00734481
2.56	15.9587	3.57859	0.00486397	0.00736895
2.57	15.9479	3.59031	0.00486065	0.00739308
2.58	15.937	3.60202	0.00485734	0.00741719
2.59	15.9261	3.61372	0.00485404	0.00744129
2.6	15.9153	3.62541	0.00485073	0.00746536
2.61	15.9045	3.6371	0.00484743	0.00748942
2.62	15.8936	3.64877	0.00484413	0.00751347
2.63	15.8828	3.66044	0.00484083	0.0075375
2.64	15.872	3.6721	0.00483754	0.00756151
2.65	15.8612	3.68376	0.00483424	0.00758551
2.66	15.8504	3.6954	0.00483095	0.00760948
2.67	15.8396	3.70704	0.00482766	0.00763345
2.68	15.8288	3.71867	0.00482437	0.00765739
2.69	15.818	3.73029	0.00482109	0.00768132
2.7	15.8073	3.7419	0.00481781	0.00770524
2.71	15.7965	3.75351	0.00481453	0.00772914
2.72	15.7858	3.7651	0.00481125	0.00775302
2.73	15.775	3.77669	0.00480797	0.00777688
2.74	15.7643	3.78828	0.0048047	0.00780073
2.75	15.7535	3.79985	0.00480143	0.00782457
2.76	15.7428	3.81142	0.00479816	0.00784838
2.77	15.7321	3.82297	0.00479489	0.00787218
2.78	15.7214	3.83453	0.00479163	0.00789597
2.79	15.7107	3.84607	0.00478837	0.00791973
2.8	15.7	3.8576	0.0047851	0.00794349
2.81	15.6893	3.86913	0.00478185	0.00796722
2.82	15.6786	3.88065	0.00477859	0.00799094
2.83	15.6679	3.89216	0.00477534	0.00801464
2.84	15.6573	3.90366	0.00477209	0.00803833
2.85	15.6466	3.91516	0.00476884	0.008062
2.86	15.6359	3.92665	0.00476559	0.00808566
2.87	15.6253	3.93812	0.00476235	0.0081093
2.88	15.6147	3.9496	0.0047591	0.00813292
2.89	15.604	3.96106	0.00475586	0.00815653
2.9	15.5934	3.97252	0.00475263	0.00818012
2.91	15.5828	3.98397	0.00474939	0.00820369
2.92	15.5722	3.99541	0.00474616	0.00822725
2.93	15.5616	4.00684	0.00474292	0.00825079
2.94	15.551	4.01826	0.00473969	0.00827432
2.95	15.5404	4.02968	0.00473647	0.00829783
2.96	15.5298	4.04109	0.00473324	0.00832132
2.97	15.5192	4.05249	0.00473002	0.0083448
2.98	15.5087	4.06389	0.0047268	0.00836826
2.99	15.4981	4.07527	0.00472358	0.00839171
3	15.4876	4.08665	0.00472037	0.00841514
3.01	15.477	4.09802	0.00471715	0.00843856
3.02	15.4665	4.10939	0.00471394	0.00846195
3.03	15.456	4.12074	0.00471073	0.00848534
3.04	15.4454	4.13209	0.00470752	0.0085087
3.05	15.4349	4.14343	0.00470432	0.00853205
3.06	15.4244	4.15476	0.00470112	0.00855539
3.07	15.4139	4.16609	0.00469791	0.00857871
3.08	15.4034	4.1774	0.00469472	0.00860201
3.09	15.3929	4.18871	0.00469152	0.0086253
3.1	15.3824	4.20001	0.00468833	0.00864857
3.11	15.372	4.21131	0.00468513	0.00867183
3.12	15.3615	4.22259	0.00468194	0.00869507
3.13	15.351	4.23387	0.00467876	0.00871829
3.14	15.3406	4.24514	0.00467557	0.0087415
3.15	15.3301	4.2564	0.00467239	0.00876469
3.16	15.3197	4.26766	0.00466921	0.00878787
3.17	15.3093	4.27891	0.00466603	0.00881103
3.18	15.2989	4.29015	0.00466285	0.00883417
3.19	15.2884	4.30138	0.00465967	0.0088573
3.2	15.278	4.3126	0.0046565	0.00888041
3.21	15.2676	4.32382	0.00465333	0.00890351
3.22	15.2572	4.33503	0.00465016	0.00892659
3.23	15.2468	4.34623	0.004647	0.00894966
3.24	15.2365	4.35743	0.00464383	0.00897271
3.25	15.2261	4.36861	0.00464067	0.00899575
3.26	15.2157	4.37979	0.00463751	0.00901877
3.27	15.2054	4.39096	0.00463435	0.00904177
3.28	15.195	4.40213	0.0046312	0.00906476
3.29	15.1847	4.41328	0.00462805	0.00908773
3.3	15.1743	4.42443	0.0046249	0.00911069
3.31	15.164	4.43557	0.00462175	0.00913363
3.32	15.1537	4.4467	0.0046186	0.00915655
3.33	15.1434	4.45783	0.00461546	0.00917946
3.34	15.133	4.46895	0.00461231	0.00920236
3.35	15.1227	4.48006	0.00460917	0.00922523
3.36	15.1124	4.49116	0.00460603	0.0092481
3.37	15.1022	4.50226	0.0046029	0.00927094
3.38	15.0919	4.51334	0.00459976	0.00929378
3.39	15.0816	4.52443	0.00459663	0.00931659
3.4	15.0713	4.5355	0.0045935	0.00933939
3.41	15.0611	4.54656	0.00459038	0.00936218
3.42	15.0508	4.55762	0.00458725	0.00938495
3.43	15.0406	4.56867	0.00458413	0.0094077
3.44	15.0303	4.57971	0.00458101	0.00943044
3.45	15.0201	4.59075	0.00457789	0.00945316
3.46	15.0099	4.60178	0.00457477	0.00947587
3.47	14.9996	4.6128	0.00457166	0.00949856
3.48	14.9894	4.62381	0.00456854	0.00952124
3.49	14.9792	4.63481	0.00456543	0.0095439
3.5	14.969	4.64581	0.00456232	0.00956655
3.51	14.9588	4.6568	0.00455922	0.00958918
3.52	14.9487	4.66778	0.00455611	0.00961179
3.53	14.9385	4.67876	0.00455301	0.00963439
3.54	14.9283	4.68973	0.00454991	0.00965698
3.55	14.9181	4.70069	0.00454681	0.00967955
3.56	14.908	4.71164	0.00454372	0.0097021
3.57	14.8978	4.72259	0.00454062	0.00972464
3.58	14.8877	4.73352	0.00453753	0.00974716
3.59	14.8776	4.74445	0.00453444	0.00976967
3.6	14.8674	4.75538	0.00453136	0.00979216
3.61	14.8573	4.76629	0.00452827	0.00981464
3.62	14.8472	4.7772	0.00452519	0.0098371
3.63	14.8371	4.7881	0.00452211	0.00985955
3.64	14.827	4.79899	0.00451903	0.00988198
3.65	14.8169	4.80988	0.00451595	0.00990439
3.66	14.8068	4.82076	0.00451288	0.0099268
3.67	14.7967	4.83163	0.0045098	0.00994918
3.68	14.7866	4.84249	0.00450673	0.00997155
3.69	14.7766	4.85335	0.00450366	0.00999391
3.7	14.7665	4.8642	0.0045006	0.0100162
3.71	14.7565	4.87504	0.00449753	0.0100386
3.72	14.7464	4.88587	0.00449447	0.0100609
3.73	14.7364	4.8967	0.00449141	0.0100832
3.74	14.7263	4.90752	0.00448835	0.0101055
3.75	14.7163	4.91833	0.0044853	0.0101277
3.76	14.7063	4.92914	0.00448224	0.01015
3.77	14.6963	4.93993	0.00447919	0.0101722
3.78	14.6863	4.95072	0.00447614	0.0101944
3.79	14.6763	4.96151	0.0044731	0.0102166
3.8	14.6663	4.97228	0.00447005	0.0102388
3.81	14.6563	4.98305	0.00446701	0.010261
3.82	14.6463	4.99381	0.00446396	0.0102831
3.83	14.6363	5.00456	0.00446093	0.0103053
3.84	14.6264	5.01531	0.00445789	0.0103274
3.85	14.6164	5.02605	0.00445485	0.0103495
3.86	14.6065	5.03678	0.00445182	0.0103716
3.87	14.5965	5.0475	0.00444879	0.0103937
3.88	14.5866	5.05822	0.00444576	0.0104158
3.89	14.5767	5.06893	0.00444273	0.0104378
3.9	14.5667	5.07963	0.00443971	0.0104599
3.91	14.5568	5.09032	0.00443669	0.0104819
3.92	14.5469	5.10101	0.00443366	0.0105039
3.93	14.537	5.11169	0.00443065	0.0105259
3.94	14.5271	5.12236	0.00442763	0.0105479
3.95	14.5172	5.13303	0.00442462	0.0105698
3.96	14.5073	5.14369	0.0044216	0.0105918
3.97	14.4974	5.15434	0.00441859	0.0106137
3.98	14.4876	5.16498	0.00441558	0.0106356
3.99	14.4777	5.17562	0.00441258	0.0106575
4	14.4679	5.18625	0.00440957	0.0106794
4.01	14.458	5.19687	0.00440657	0.0107013
4.02	14.4482	5.20749	0.00440357	0.0107231
4.03	14.4383	5.21809	0.00440057	0.010745
4.04	14.4285	5.22869	0.00439758	0.0107668
4.05	14.4187	5.23929	0.00439458	0.0107886
4.06	14.4088	5.24987	0.00439159	0.0108104
4.07	14.399	5.26045	0.0043886	0.0108322
4.08	14.3892	5.27102	0.00438561	0.010854
4.09	14.3794	5.28159	0.00438263	0.0108757
4.1	14.3696	5.29215	0.00437964	0.0108975
4.11	14.3599	5.3027	0.00437666	0.0109192
4.12	14.3501	5.31324	0.00437368	0.0109409
4.13	14.3403	5.32377	0.0043707	0.0109626
4.14	14.3306	5.3343	0.00436773	0.0109843
4.15	14.3208	5.34482	0.00436475	0.0110059
4.16	14.311	5.35534	0.00436178	0.0110276
4.17	14.3013	5.36585	0.00435881	0.0110492
4.18	14.2916	5.37635	0.00435584	0.0110708
4.19	14.2818	5.38684	0.00435288	0.0110925
4.2	14.2721	5.39732	0.00434991	0.011114
4.21	14.2624	5.4078	0.00434695	0.0111356
4.22	14.2527	5.41827	0.00434399	0.0111572
4.23	14.243	5.42874	0.00434104	0.0111787
4.24	14.2333	5.4392	0.00433808	0.0112003
4.25	14.2236	5.44964	0.00433513	0.0112218
4.26	14.2139	5.46009	0.00433217	0.0112433
4.27	14.2042	5.47052	0.00432923	0.0112648
4.28	14.1946	5.48095	0.00432628	0.0112863
4.29	14.1849	5.49137	0.00432333	0.0113077
4.3	14.1752	5.50179	0.00432039	0.0113292
4.31	14.1656	5.5122	0.00431745	0.0113506
4.32	14.1559	5.5226	0.00431451	0.011372
4.33	14.1463	5.53299	0.00431157	0.0113934
4.34	14.1367	5.54337	0.00430863	0.0114148
4.35	14.127	5.55375	0.0043057	0.0114362
4.36	14.1174	5.56413	0.00430277	0.0114575
4.37	14.1078	5.57449	0.00429984	0.0114789
4.38	14.0982	5.58485	0.00429691	0.0115002
4.39	14.0886	5.5952	0.00429399	0.0115215
4.4	14.079	5.60554	0.00429106	0.0115428
4.41	14.0694	5.61588	0.00428814	0.0115641
4.42	14.0599	5.62621	0.00428522	0.0115854
4.43	14.0503	5.63653	0.0042823	0.0116066
4.44	14.0407	5.64685	0.00427939	0.0116279
4.45	14.0312	5.65716	0.00427647	0.0116491
4.46	14.0216	5.66746	0.00427356	0.0116703
4.47	14.0121	5.67775	0.00427065	0.0116915
4.48	14.0025	5.68804	0.00426775	0.0117127
4.49	13.993	5.69832	0.00426484	0.0117339
4.5	13.9835	5.70859	0.00426194	0.011755
4.51	13.9739	5.71886	0.00425903	0.0117761
4.52	13.9644	5.72912	0.00425614	0.0117973
4.53	13.9549	5.73937	0.00425324	0.0118184
4.54	13.9454	5.74962	0.00425034	0.0118395
4.55	13.9359	5.75986	0.00424745	0.0118606
4.56	13.9264	5.77009	0.00424456	0.0118816
4.57	13.9169	5.78031	0.00424167	0.0119027
4.58	13.9075	5.79053	0.00423878	0.0119237
4.59	13.898	5.80074	0.00423589	0.0119448
4.6	13.8885	5.81094	0.00423301	0.0119658
4.61	13.8791	5.82114	0.00423013	0.0119868
4.62	13.8696	5.83133	0.00422725	0.0120077
4.63	13.8602	5.84151	0.00422437	0.0120287
4.64	13.8508	5.85169	0.00422149	0.0120497
4.65	13.8413	5.86186	0.00421862	0.0120706
4.66	13.8319	5.87202	0.00421574	0.0120915
4.67	13.8225	5.88218	0.00421287	0.0121124
4.68	13.8131	5.89232	0.00421001	0.0121333
4.69	13.8037	5.90247	0.00420714	0.0121542
4.7	13.7943	5.9126	0.00420428	0.0121751
4.71	13.7849	5.92273	0.00420141	0.0121959
4.72	13.7755	5.93285	0.00419855	0.0122168
4.73	13.7661	5.94296	0.00419569	0.0122376
4.74	13.7567	5.95307	0.00419284	0.0122584
4.75	13.7474	5.96317	0.00418998	0.0122792
4.76	13.738	5.97326	0.00418713	0.0123
4.77	13.7287	5.98335	0.00418428	0.0123208
4.78	13.7193	5.99343	0.00418143	0.0123415
4.79	13.71	6.0035	0.00417858	0.0123623
4.8	13.7006	6.01357	0.00417574	0.012383
4.81	13.6913	6.02363	0.00417289	0.0124037
4.82	13.682	6.03368	0.00417005	0.0124244
4.83	13.6727	6.04372	0.00416721	0.0124451
4.84	13.6634	6.05376	0.00416438	0.0124658
4.85	13.6541	6.06379	0.00416154	0.0124864
4.86	13.6448	6.07382	0.00415871	0.0125071
4.87	13.6355	6.08384	0.00415588	0.0125277
4.88	13.6262	6.09385	0.00415305	0.0125483
4.89	13.6169	6.10385	0.00415022	0.0125689
4.9	13.6076	6.11385	0.00414739	0.0125895
4.91	13.5984	6.12384	0.00414457	0.0126101
4.92	13.5891	6.13382	0.00414175	0.0126306
4.93	13.5799	6.1438	0.00413893	0.0126512
4.94	13.5706	6.15377	0.00413611	0.0126717
4.95	13.5614	6.16373	0.00413329	0.0126922
4.96	13.5521	6.17369	0.00413048	0.0127127
4.97	13.5429	6.18364	0.00412767	0.0127332
4.98	13.5337	6.19358	0.00412486	0.0127537
4.99	13.5245	6.20352	0.00412205	0.0127741
5	13.5153	6.21345	0.00411924	0.0127946
5.01	13.5061	6.22337	0.00411644	0.012815
5.02	13.4969	6.23329	0.00411364	0.0128354
5.03	13.4877	6.2432	0.00411084	0.0128558
5.04	13.4785	6.2531	0.00410804	0.0128762
5.05	13.4693	6.26299	0.00410524	0.0128966
5.06	13.4602	6.27288	0.00410244	0.012917
5.07	13.451	6.28277	0.00409965	0.0129373
5.08	13.4418	6.29264	0.00409686	0.0129577
5.09	13.4327	6.30251	0.00409407	0.012978
5.1	13.4235	6.31237	0.00409128	0.0129983
5.11	13.4144	6.32223	0.0040885	0.0130186
5.12	13.4053	6.33208	0.00408571	0.0130389
5.13	13.3961	6.34192	0.00408293	0.0130591
5.14	13.387	6.35175	0.00408015	0.0130794
5.15	13.3779	6.36158	0.00407737	0.0130996
5.16	13.3688	6.3714	0.0040746	0.0131199
5.17	13.3597	6.38122	0.00407182	0.0131401
5.18	13.3506	6.39103	0.00406905	0.0131603
5.19	13.3415	6.40083	0.00406628	0.0131804
5.2	13.3324	6.41063	0.00406351	0.0132006
5.21	13.3233	6.42041	0.00406075	0.0132208
5.22	13.3143	6.4302	0.00405798	0.0132409
5.23	13.3052	6.43997	0.00405522	0.013261
5.24	13.2962	6.44974	0.00405246	0.0132812
5.25	13.2871	6.4595	0.0040497	0.0133013
5.26	13.2781	6.46926	0.00404694	0.0133213
5.27	13.269	6.47901	0.00404419	0.0133414
5.28	13.26	6.48875	0.00404143	0.0133615
5.29	13.2509	6.49848	0.00403868	0.0133815
5.3	13.2419	6.50821	0.00403593	0.0134016
5.31	13.2329	6.51793	0.00403318	0.0134216
5.32	13.2239	6.52765	0.00403044	0.0134416
5.33	13.2149	6.53736	0.00402769	0.0134616
5.34	13.2059	6.54706	0.00402495	0.0134816
5.35	13.1969	6.55676	0.00402221	0.0135015
5.36	13.1879	6.56644	0.00401947	0.0135215
5.37	13.1789	6.57613	0.00401673	0.0135414
5.38	13.17	6.5858	0.004014	0.0135613
5.39	13.161	6.59547	0.00401127	0.0135812
5.4	13.152	6.60514	0.00400854	0.0136011
5.41	13.1431	6.61479	0.00400581	0.013621
5.42	13.1341	6.62444	0.00400308	0.0136409
5.43	13.1252	6.63408	0.00400035	0.0136608
5.44	13.1163	6.64372	0.00399763	0.0136806
5.45	13.1073	6.65335	0.00399491	0.0137004
5.46	13.0984	6.66297	0.00399219	0.0137202
5.47	13.0895	6.67259	0.00398947	0.01374
5.48	13.0806	6.6822	0.00398675	0.0137598
5.49	13.0717	6.6918	0.00398404	0.0137796
5.5	13.0628	6.7014	0.00398133	0.0137994
5.51	13.0539	6.71099	0.00397862	0.0138191
5.52	13.045	6.72058	0.00397591	0.0138389
5.53	13.0361	6.73015	0.0039732	0.0138586
5.54	13.0272	6.73972	0.0039705	0.0138783
5.55	13.0184	6.74929	0.00396779	0.013898
5.56	13.0095	6.75885	0.00396509	0.0139177
5.57	13.0006	6.7684	0.00396239	0.0139373
5.58	12.9918	6.77794	0.00395969	0.013957
5.59	12.9829	6.78748	0.003957	0.0139766
5.6	12.9741	6.79701	0.0039543	0.0139963
5.61	12.9653	6.80654	0.00395161	0.0140159
5.62	12.9564	6.81606	0.00394892	0.0140355
5.63	12.9476	6.82557	0.00219235	0.0140551
5.64	12.9427	6.83085	0.00219152	0.0140659
5.65	12.9378	6.83613	0.00219068	0.0140768
5.66	12.9329	6.84141	0.00218984	0.0140877
5.67	12.928	6.84668	0.00218899	0.0140985
5.68	12.9232	6.85196	0.00218815	0.0141094
5.69	12.9183	6.85723	0.0021873	0.0141202
5.7	12.9134	6.8625	0.00218644	0.0141311
5.71	12.9085	6.86776	0.00218558	0.0141419
5.72	12.9036	6.87303	0.00218472	0.0141528
5.73	12.8987	6.87829	0.00218386	0.0141636
5.74	12.8939	6.88355	0.002183	0.0141744
5.75	12.889	6.88881	0.00218213	0.0141853
5.76	12.8841	6.89407	0.00218125	0.0141961
5.77	12.8792	6.89932	0.00218038	0.0142069
5.78	12.8744	6.90457	0.0021795	0.0142177
5.79	12.8695	6.90982	0.00217861	0.0142285
5.8	12.8646	6.91507	0.00217773	0.0142394
5.81	12.8598	6.92032	0.00217684	0.0142502
5.82	12.8549	6.92556	0.00217595	0.014261
5.83	12.85	6.9308	0.00217505	0.0142717
5.84	12.8452	6.93604	0.00217415	0.0142825
5.85	12.8403	6.94128	0.00217325	0.0142933
5.86	12.8355	6.94651	0.00217235	0.0143041
5.87	12.8306	6.95175	0.00217144	0.0143149
5.88	12.8258	6.95698	0.00217053	0.0143256
5.89	12.8209	6.96221	0.00216961	0.0143364
5.9	12.8161	6.96743	0.0021687	0.0143472
5.91	12.8112	6.97266	0.00216777	0.0143579
5.92	12.8064	6.97788	0.00216685	0.0143687
5.93	12.8015	6.9831	0.00216592	0.0143794
5.94	12.7967	6.98832	0.00216499	0.0143902
5.95	12.7919	6.99353	0.00216406	0.0144009
5.96	12.787	6.99874	0.00216312	0.0144117
5.97	12.7822	7.00395	0.00216218	0.0144224
5.98	12.7774	7.00916	0.00216124	0.0144331
5.99	12.7725	7.01437	0.00216029	0.0144438
6	12.7677	7.01957	0.00215934	0.0144545
6.01	12.7629	7.02477	0.00215839	0.0144653
6.02	12.7581	7.02997	0.00215743	0.014476
6.03	12.7533	7.03517	0.00215647	0.0144867
6.04	12.7484	7.04037	0.00215551	0.0144974
6.05	12.7436	7.04556	0.00215454	0.0145081
6.06	12.7388	7.05075	0.00215358	0.0145187
6.07	12.734	7.05594	0.0021526	0.0145294
6.08	12.7292	7.06112	0.00215163	0.0145401
6.09	12.7244	7.0663	0.00215065	0.0145508
6.1	12.7196	7.07148	0.00214967	0.0145614
6.11	12.7148	7.07666	0.00214868	0.0145721
6.12	12.71	7.08184	0.0021477	0.0145828
6.13	12.7052	7.08701	0.0021467	0.0145934
6.14	12.7004	7.09218	0.00214571	0.0146041
6.15	12.6956	7.09735	0.00214471	0.0146147
6.16	12.6908	7.10252	0.00214371	0.0146253
6.17	12.686	7.10768	0.00214271	0.014636
6.18	12.6812	7.11284	0.0021417	0.0146466
6.19	12.6764	7.118	0.00214069	0.0146572
6.2	12.6717	7.12316	0.00213968	0.0146678
6.21	12.6669	7.12831	0.00213866	0.0146785
6.22	12.6621	7.13347	0.00213764	0.0146891
6.23	12.6573	7.13862	0.00213662	0.0146997
6.24	12.6525	7.14376	0.00213559	0.0147103
6.25	12.6478	7.14891	0.00213456	0.0147209
6.26	12.643	7.15405	0.00213353	0.0147315
6.27	12.6382	7.15919	0.0021325	0.014742
6.28	12.6335	7.16432	0.00213146	0.0147526
6.29	12.6287	7.16946	0.00213042	0.0147632
6.3	12.624	7.17459	0.00212937	0.0147738
6.31	12.6192	7.17972	0.00212832	0.0147843
6.32	12.6144	7.18485	0.00212727	0.0147949
6.33	12.6097	7.18997	0.00212622	0.0148054
6.34	12.6049	7.19509	0.00212516	0.014816
6.35	12.6002	7.20021	0.0021241	0.0148265
6.36	12.5955	7.20533	0.00212303	0.014837
6.37	12.5907	7.21044	0.00212197	0.0148476
6.38	12.586	7.21555	0.0021209	0.0148581
6.39	12.5812	7.22066	0.00211982	0.0148686
6.4	12.5765	7.22577	0.00211875	0.0148791
6.41	12.5718	7.23087	0.00211767	0.0148897
6.42	12.567	7.23598	0.00211658	0.0149002
6.43	12.5623	7.24107	0.0021155	0.0149107
6.44	12.5576	7.24617	0.00211441	0.0149211
6.45	12.5529	7.25126	0.00211332	0.0149316
6.46	12.5481	7.25635	0.00211222	0.0149421
6.47	12.5434	7.26144	0.00211112	0.0149526
6.48	12.5387	7.26653	0.00211002	0.0149631
6.49	12.534	7.27161	0.00210892	0.0149735
6.5	12.5293	7.27669	0.00210781	0.014984
6.51	12.5246	7.28177	0.0021067	0.0149945
6.52	12.5199	7.28684	0.00210558	0.0150049
6.53	12.5152	7.29191	0.00210447	0.0150153
6.54	12.5105	7.29698	0.00210334	0.0150258
6.55	12.5058	7.30205	0.00210222	0.0150362
6.56	12.5011	7.30712	0.00210109	0.0150466
6.57	12.4964	7.31218	0.00209996	0.0150571
6.58	12.4917	7.31723	0.00209883	0.0150675
6.59	12.487	7.32229	0.00209769	0.0150779
6.6	12.4823	7.32734	0.00209656	0.0150883
6.61	12.4776	7.33239	0.00209541	0.0150987
6.62	12.4729	7.33744	0.00209427	0.0151091
6.63	12.4683	7.34249	0.00209312	0.0151195
6.64	12.4636	7.34753	0.00209197	0.0151299
6.65	12.4589	7.35257	0.00209081	0.0151402
6.66	12.4542	7.3576	0.00208965	0.0151506
6.67	12.4496	7.36264	0.00208849	0.015161
6.68	12.4449	7.36767	0.00208733	0.0151713
6.69	12.4402	7.3727	0.00208616	0.0151817
6.7	12.4356	7.37772	0.00208499	0.015192
6.71	12.4309	7.38275	0.00208382	0.0152024
6.72	12.4263	7.38776	0.00208264	0.0152127
6.73	12.4216	7.39278	0.00208146	0.015223
6.74	12.417	7.3978	0.00208028	0.0152334
6.75	12.4123	7.40281	0.00207909	0.0152437
6.76	12.4077	7.40782	0.0020779	0.015254
6.77	12.403	7.41282	0.00207671	0.0152643
6.78	12.3984	7.41782	0.00207552	0.0152746
6.79	12.3938	7.42282	0.00207432	0.0152849
6.8	12.3891	7.42782	0.00207312	0.0152952
6.81	12.3845	7.43281	0.00207191	0.0153055
6.82	12.3799	7.4378	0.0020707	0.0153158
6.83	12.3752	7.44279	0.00206949	0.015326
6.84	12.3706	7.44778	0.00206828	0.0153363
6.85	12.366	7.45276	0.00206706	0.0153466
6.86	12.3614	7.45774	0.00206584	0.0153568
6.87	12.3568	7.46272	0.00206462	0.0153671
6.88	12.3522	7.46769	0.00206339	0.0153773
6.89	12.3475	7.47266	0.00206216	0.0153875
6.9	12.3429	7.47763	0.00206093	0.0153978
6.91	12.3383	7.48259	0.0020597	0.015408
6.92	12.3337	7.48755	0.00205846	0.0154182
6.93	12.3291	7.49251	0.00205722	0.0154284
6.94	12.3245	7.49747	0.00205597	0.0154386
6.95	12.3199	7.50242	0.00205472	0.0154488
6.96	12.3154	7.50737	0.00205347	0.015459
6.97	12.3108	7.51232	0.00205222	0.0154692
6.98	12.3062	7.51726	0.00205096	0.0154794
6.99	12.3016	7.5222	0.0020497	0.0154895
7	12.297	7.52714	0.00204844	0.0154997
7.01	12.2924	7.53207	0.00204717	0.0155099
7.02	12.2879	7.537	0.0020459	0.01552
7.03	12.2833	7.54193	0.00204463	0.0155302
7.04	12.2787	7.54686	0.00204335	0.0155403
7.05	12.2742	7.55178	0.00204208	0.0155505
7.06	12.2696	7.5567	0.00204079	0.0155606
7.07	12.2651	7.56161	0.00203951	0.0155707
7.08	12.2605	7.56653	0.00203822	0.0155808
7.09	12.2559	7.57144	0.00203693	0.0155909
7.1	12.2514	7.57634	0.00203564	0.015601
7.11	12.2468	7.58125	0.00203434	0.0156111
7.12	12.2423	7.58615	0.00203304	0.0156212
7.13	12.2378	7.59105	0.00203174	0.0156313
7.14	12.2332	7.59594	0.00203043	0.0156414
7.15	12.2287	7.60083	0.00202912	0.0156515
7.16	12.2242	7.60572	0.00202781	0.0156615
7.17	12.2196	7.6106	0.0020265	0.0156716
7.18	12.2151	7.61549	0.00202518	0.0156816
7.19	12.2106	7.62036	0.00202386	0.0156917
7.2	12.206	7.62524	0.00202253	0.0157017
7.21	12.2015	7.63011	0.00202121	0.0157117
7.22	12.197	7.63498	0.00201988	0.0157218
7.23	12.1925	7.63985	0.00201854	0.0157318
7.24	12.188	7.64471	0.00201721	0.0157418
7.25	12.1835	7.64957	0.00201587	0.0157518
7.26	12.179	7.65442	0.00201452	0.0157618
7.27	12.1745	7.65928	0.00201318	0.0157718
7.28	12.17	7.66413	0.00201183	0.0157818
7.29	12.1655	7.66897	0.00201048	0.0157918
7.3	12.161	7.67381	0.00200913	0.0158017
7.31	12.1565	7.67865	0.00200777	0.0158117
7.32	12.152	7.68349	0.00200641	0.0158217
7.33	12.1475	7.68832	0.00200504	0.0158316
7.34	12.1431	7.69315	0.00200368	0.0158416
7.35	12.1386	7.69798	0.00200231	0.0158515
7.36	12.1341	7.7028	0.00200094	0.0158614
7.37	12.1296	7.70762	0.00199956	0.0158714
7.38	12.1252	7.71244	0.00199818	0.0158813
7.39	12.1207	7.71725	0.0019968	0.0158912
7.4	12.1163	7.72206	0.00199542	0.0159011
7.41	12.1118	7.72687	0.00199403	0.015911
7.42	12.1073	7.73167	0.00199264	0.0159209
7.43	12.1029	7.73647	0.00199124	0.0159308
7.44	12.0984	7.74127	0.00198985	0.0159406
7.45	12.094	7.74606	0.00198845	0.0159505
7.46	12.0896	7.75085	0.00198705	0.0159604
7.47	12.0851	7.75564	0.00198564	0.0159702
7.48	12.0807	7.76042	0.00198423	0.0159801
7.49	12.0763	7.7652	0.00198282	0.0159899
7.5	12.0718	7.76998	0.00198141	0.0159998
7.51	12.0674	7.77475	0.00197999	0.0160096
7.52	12.063	7.77952	0.00197857	0.0160194
7.53	12.0586	7.78429	0.00197714	0.0160292
7.54	12.0541	7.78905	0.00197572	0.016039
7.55	12.0497	7.79381	0.00197429	0.0160488
7.56	12.0453	7.79857	0.00197286	0.0160586
7.57	12.0409	7.80332	0.00197142	0.0160684
7.58	12.0365	7.80807	0.00196998	0.0160782
7.59	12.0321	7.81281	0.00196854	0.016088
7.6	12.0277	7.81756	0.0019671	0.0160977
7.61	12.0233	7.82229	0.00196565	0.0161075
7.62	12.0189	7.82703	0.0019642	0.0161172
7.63	12.0145	7.83176	0.00196275	0.016127
7.64	12.0101	7.83649	0.00196129	0.0161367
7.65	12.0058	7.84121	0.00195983	0.0161464
7.66	12.0014	7.84593	0.00195837	0.0161562
7.67	11.997	7.85065	0.00195691	0.0161659
7.68	11.9926	7.85537	0.00195544	0.0161756
7.69	11.9883	7.86008	0.00195397	0.0161853
7.7	11.9839	7.86478	0.00195249	0.016195
7.71	11.9795	7.86949	0.00195102	0.0162047
7.72	11.9752	7.87419	0.00194954	0.0162143
7.73	11.9708	7.87888	0.00194806	0.016224
7.74	11.9665	7.88357	0.00194657	0.0162337
7.75	11.9621	7.88826	0.00194508	0.0162433
7.76	11.9578	7.89295	0.00194359	0.016253
7.77	11.9534	7.89763	0.0019421	0.0162626
7.78	11.9491	7.90231	0.0019406	0.0162723
7.79	11.9448	7.90698	0.0019391	0.0162819
7.8	11.9404	7.91165	0.0019376	0.0162915
7.81	11.9361	7.91632	0.00193609	0.0163011
7.82	11.9318	7.92099	0.00193458	0.0163107
7.83	11.9275	7.92565	0.00193307	0.0163203
7.84	11.9231	7.9303	0.00193155	0.0163299
7.85	11.9188	7.93496	0.00193004	0.0163395
7.86	11.9145	7.9396	0.00192852	0.0163491
7.87	11.9102	7.94425	0.00192699	0.0163586
7.88	11.9059	7.94889	0.00192547	0.0163682
7.89	11.9016	7.95353	0.00192394	0.0163777
7.9	11.8973	7.95817	0.00192241	0.0163873
7.91	11.893	7.9628	0.00192087	0.0163968
7.92	11.8887	7.96742	0.00191933	0.0164063
7.93	11.8844	7.97205	0.00191779	0.0164159
7.94	11.8802	7.97667	0.00191625	0.0164254
7.95	11.8759	7.98128	0.0019147	0.0164349
7.96	11.8716	7.98589	0.00191315	0.0164444
7.97	11.8673	7.9905	0.0019116	0.0164539
7.98	11.8631	7.99511	0.00191004	0.0164633
7.99	11.8588	7.99971	0.00190849	0.0164728
8	11.8545	8.00431	0.00190692	0.0164823
8.01	11.8503	8.0089	0.00190536	0.0164917
8.02	11.846	8.01349	0.00190379	0.0165012
8.03	11.8418	8.01808	0.00190222	0.0165106
8.04	11.8375	8.02266	0.00190065	0.0165201
8.05	11.8333	8.02724	0.00189908	0.0165295
8.06	11.829	8.03181	0.0018975	0.0165389
8.07	11.8248	8.03638	0.00189592	0.0165483
8.08	11.8205	8.04095	0.00189433	0.0165577
8.09	11.8163	8.04551	0.00189275	0.0165671
8.1	11.8121	8.05007	0.00189116	0.0165765
8.11	11.8079	8.05463	0.00188956	0.0165859
8.12	11.8036	8.05918	0.00188797	0.0165953
8.13	11.7994	8.06373	0.00188637	0.0166046
8.14	11.7952	8.06827	0.00188477	0.016614
8.15	11.791	8.07281	0.00188316	0.0166233
8.16	11.7868	8.07735	0.00188156	0.0166327
8.17	11.7826	8.08188	0.00187995	0.016642
8.18	11.7784	8.08641	0.00187833	0.0166513
8.19	11.7742	8.09093	0.00187672	0.0166607
8.2	11.77	8.09545	0.0018751	0.01667
8.21	11.7658	8.09997	0.00187348	0.0166793
8.22	11.7616	8.10448	0.00187186	0.0166886
8.23	11.7574	8.10899	0.00187023	0.0166979
8.24	11.7533	8.1135	0.0018686	0.0167071
8.25	11.7491	8.118	0.00186697	0.0167164
8.26	11.7449	8.1225	0.00186533	0.0167257
8.27	11.7407	8.12699	0.00186369	0.0167349
8.28	11.7366	8.13148	0.00186205	0.0167442
8.29	11.7324	8.13596	0.00186041	0.0167534
8.3	11.7283	8.14045	0.00185876	0.0167626
8.31	11.7241	8.14492	0.00185711	0.0167718
8.32	11.72	8.1494	0.00185546	0.0167811
8.33	11.7158	8.15387	0.0018538	0.0167903
8.34	11.7117	8.15833	0.00185215	0.0167995
8.35	11.7075	8.16279	0.00185049	0.0168086
8.36	11.7034	8.16725	0.00184882	0.0168178
8.37	11.6993	8.17171	0.00184716	0.016827
8.38	11.6952	8.17616	0.00184549	0.0168362
8.39	11.691	8.1806	0.00184382	0.0168453
8.4	11.6869	8.18504	0.00184214	0.0168545
8.41	11.6828	8.18948	0.00184046	0.0168636
8.42	11.6787	8.19391	0.00183878	0.0168727
8.43	11.6746	8.19834	0.0018371	0.0168818
8.44	11.6705	8.20277	0.00183541	0.016891
8.45	11.6664	8.20719	0.00183373	0.0169001
8.46	11.6623	8.21161	0.00183203	0.0169092
8.47	11.6582	8.21602	0.00183034	0.0169182
8.48	11.6541	8.22043	0.00182864	0.0169273
8.49	11.65	8.22483	0.00182694	0.0169364
8.5	11.6459	8.22923	0.00182524	0.0169455
8.51	11.6419	8.23363	0.00182354	0.0169545
8.52	11.6378	8.23802	0.00182183	0.0169636
8.53	11.6337	8.24241	0.00182012	0.0169726
8.54	11.6296	8.2468	0.0018184	0.0169816
8.55	11.6256	8.25118	0.00181669	0.0169906
8.56	11.6215	8.25555	0.00181497	0.0169996
8.57	11.6175	8.25993	0.00181325	0.0170087
8.58	11.6134	8.26429	0.00181152	0.0170176
8.59	11.6094	8.26866	0.0018098	0.0170266
8.6	11.6053	8.27302	0.00180807	0.0170356
8.61	11.6013	8.27737	0.00180633	0.0170446
8.62	11.5973	8.28172	0.0018046	0.0170535
8.63	11.5932	8.28607	0.00180286	0.0170625
8.64	11.5892	8.29041	0.00180112	0.0170714
8.65	11.5852	8.29475	0.00179937	0.0170804
8.66	11.5812	8.29909	0.00179763	0.0170893
8.67	11.5771	8.30342	0.00179588	0.0170982
8.68	11.5731	8.30774	0.00179413	0.0171071
8.69	11.5691	8.31206	0.00179237	0.017116
8.7	11.5651	8.31638	0.00179061	0.0171249
8.71	11.5611	8.3207	0.00178885	0.0171338
8.72	11.5571	8.325	0.00178709	0.0171427
8.73	11.5531	8.32931	0.00178533	0.0171515
8.74	11.5491	8.33361	0.00178356	0.0171604
8.75	11.5452	8.33791	0.00178179	0.0171692
8.76	11.5412	8.3422	0.00178001	0.0171781
8.77	11.5372	8.34649	0.00177824	0.0171869
8.78	11.5332	8.35077	0.00177646	0.0171957
8.79	11.5293	8.35505	0.00177468	0.0172045
8.8	11.5253	8.35932	0.00177289	0.0172133
8.81	11.5213	8.3636	0.0017711	0.0172221
8.82	11.5174	8.36786	0.00176931	0.0172309
8.83	11.5134	8.37212	0.00176752	0.0172397
8.84	11.5095	8.37638	0.00176573	0.0172485
8.85	11.5055	8.38063	0.00176393	0.0172572
8.86	11.5016	8.38488	0.00176213	0.017266
8.87	11.4977	8.38913	0.00176033	0.0172747
8.88	11.4937	8.39337	0.00175852	0.0172834
8.89	11.4898	8.39761	0.00175671	0.0172922
8.9	11.4859	8.40184	0.0017549	0.0173009
8.91	11.4819	8.40606	0.00175309	0.0173096
8.92	11.478	8.41029	0.00175127	0.0173183
8.93	11.4741	8.41451	0.00174945	0.017327
8.94	11.4702	8.41872	0.00174763	0.0173356
8.95	11.4663	8.42293	0.0017458	0.0173443
8.96	11.4624	8.42714	0.00174398	0.017353
8.97	11.4585	8.43134	0.00174215	0.0173616
8.98	11.4546	8.43553	0.00174031	0.0173703
8.99	11.4507	8.43973	0.00173848	0.0173789
9	11.4469	8.44391	0.00173664	0.0173875
9.01	11.443	8.4481	0.0017348	0.0173961
9.02	11.4391	8.45228	0.00173296	0.0174047
9.03	11.4352	8.45645	0.00173111	0.0174133
9.04	11.4314	8.46062	0.00172926	0.0174219
9.05	11.4275	8.46479	0.00172741	0.0174305
9.06	11.4236	8.46895	0.00172556	0.0174391
9.07	11.4198	8.4731	0.0017237	0.0174476
9.08	11.4159	8.47726	0.00172184	0.0174562
9.09	11.4121	8.4814	0.00171998	0.0174647
9.1	11.4082	8.48555	0.00171812	0.0174732
9.11	11.4044	8.48969	0.00171625	0.0174818
9.12	11.4006	8.49382	0.00171438	0.0174903
9.13	11.3967	8.49795	0.00171251	0.0174988
9.14	11.3929	8.50207	0.00171063	0.0175073
9.15	11.3891	8.5062	0.00170876	0.0175158
9.16	11.3853	8.51031	0.00170688	0.0175242
9.17	11.3815	8.51442	0.00170499	0.0175327
9.18	11.3777	8.51853	0.00170311	0.0175412
9.19	11.3738	8.52263	0.00170122	0.0175496
9.2	11.37	8.52673	0.00169933	0.017558
9.21	11.3663	8.53082	0.00169744	0.0175665
9.22	11.3625	8.53491	0.00169554	0.0175749
9.23	11.3587	8.539	0.00169365	0.0175833
9.24	11.3549	8.54308	0.00169175	0.0175917
9.25	11.3511	8.54715	0.00168984	0.0176001
9.26	11.3473	8.55122	0.00168794	0.0176085
9.27	11.3436	8.55529	0.00168603	0.0176169
9.28	11.3398	8.55935	0.00168412	0.0176252
9.29	11.336	8.56341	0.0016822	0.0176336
9.3	11.3323	8.56746	0.00168029	0.0176419
9.31	11.3285	8.57151	0.00167837	0.0176503
9.32	11.3248	8.57555	0.00167645	0.0176586
9.33	11.321	8.57959	0.00167452	0.0176669
9.34	11.3173	8.58362	0.0016726	0.0176752
9.35	11.3136	8.58765	0.00167067	0.0176835
9.36	11.3098	8.59168	0.00166874	0.0176918
9.37	11.3061	8.5957	0.0016668	0.0177001
9.38	11.3024	8.59971	0.00166487	0.0177083
9.39	11.2987	8.60372	0.00166293	0.0177166
9.4	11.2949	8.60773	0.00166099	0.0177248
9.41	11.2912	8.61173	0.00165904	0.0177331
9.42	11.2875	8.61572	0.0016571	0.0177413
9.43	11.2838	8.61972	0.00165515	0.0177495
9.44	11.2801	8.6237	0.0016532	0.0177577
9.45	11.2764	8.62769	0.00165124	0.0177659
9.46	11.2727	8.63166	0.00164929	0.0177741
9.47	11.2691	8.63564	0.00164733	0.0177823
9.48	11.2654	8.6396	0.00164537	0.0177905
9.49	11.2617	8.64357	0.0016434	0.0177986
9.5	11.258	8.64753	0.00164143	0.0178068
9.51	11.2544	8.65148	0.00163947	0.0178149
9.52	11.2507	8.65543	0.00163749	0.0178231
9.53	11.247	8.65937	0.00163552	0.0178312
9.54	11.2434	8.66331	0.00163354	0.0178393
9.55	11.2397	8.66725	0.00163156	0.0178474
9.56	11.2361	8.67118	0.00162958	0.0178555
9.57	11.2325	8.67511	0.0016276	0.0178636
9.58	11.2288	8.67903	0.00162561	0.0178717
9.59	11.2252	8.68294	0.00162362	0.0178797
9.6	11.2216	8.68685	0.00162163	0.0178878
9.61	11.2179	8.69076	0.00161964	0.0178958
9.62	11.2143	8.69466	0.00161764	0.0179038
9.63	11.2107	8.69856	0.00161564	0.0179119
9.64	11.2071	8.70245	0.00161364	0.0179199
9.65	11.2035	8.70634	0.00161164	0.0179279
9.66	11.1999	8.71022	0.00160963	0.0179359
9.67	11.1963	8.7141	0.00160762	0.0179439
9.68	11.1927	8.71797	0.00160561	0.0179518
9.69	11.1891	8.72184	0.0016036	0.0179598
9.7	11.1855	8.7257	0.00160158	0.0179678
9.71	11.182	8.72956	0.00159956	0.0179757
9.72	11.1784	8.73341	0.00159754	0.0179836
9.73	11.1748	8.73726	0.00159552	0.0179916
9.74	11.1713	8.7411	0.00159349	0.0179995
9.75	11.1677	8.74494	0.00159146	0.0180074
9.76	11.1641	8.74877	0.00158943	0.0180153
9.77	11.1606	8.7526	0.0015874	0.0180232
9.78	11.157	8.75643	0.00158536	0.018031
9.79	11.1535	8.76025	0.00158332	0.0180389
9.8	11.15	8.76406	0.00158128	0.0180468
9.81	11.1464	8.76787	0.00157924	0.0180546
9.82	11.1429	8.77167	0.0015772	0.0180624
9.83	11.1394	8.77547	0.00157515	0.0180703
9.84	11.1359	8.77927	0.0015731	0.0180781
9.85	11.1323	8.78306	0.00157105	0.0180859
9.86	11.1288	8.78684	0.00156899	0.0180937
9.87	11.1253	8.79062	0.00156693	0.0181014
9.88	11.1218	8.7944	0.00156487	0.0181092
9.89	11.1183	8.79816	0.00156281	0.018117
9.9	11.1148	8.80193	0.00156075	0.0181247
9.91	11.1114	8.80569	0.00155868	0.0181325
9.92	11.1079	8.80944	0.00155661	0.0181402
9.93	11.1044	8.81319	0.00155454	0.0181479
9.94	11.1009	8.81694	0.00155247	0.0181556
9.95	11.0975	8.82068	0.00155039	0.0181633
9.96	11.094	8.82441	0.00154831	0.018171
9.97	11.0905	8.82814	0.00154623	0.0181787
9.98	11.0871	8.83187	0.00154415	0.0181864
9.99	11.0836	8.83559	0.00154206	0.018194
10	11.0802	8.8393	0.00153997	0.0182017
10.01	11.0767	8.84301	0.00153788	0.0182093
10.02	11.0733	8.84672	0.00153579	0.018217
10.03	11.0699	8.85041	0.00153369	0.0182246
10.04	11.0665	8.85411	0.00153159	0.0182322
10.05	11.063	8.8578	0.00152949	0.0182398
10.06	11.0596	8.86148	0.00152739	0.0182474
10.07	11.0562	8.86516	0.00152529	0.0182549
10.08	11.0528	8.86884	0.00152318	0.0182625
10.09	11.0494	8.87251	0.00152107	0.0182701
10.1	11.046	8.87617	0.00151896	0.0182776
10.11	11.0426	8.87983	0.00151685	0.0182851
10.12	11.0392	8.88348	0.00151473	0.0182927
10.13	11.0358	8.88713	0.00151261	0.0183002
10.14	11.0325	8.89078	0.00151049	0.0183077
10.15	11.0291	8.89441	0.00150837	0.0183152
10.16	11.0257	8.89805	0.00150624	0.0183227
10.17	11.0223	8.90168	0.00150411	0.0183301
10.18	11.019	8.9053	0.00150198	0.0183376
10.19	11.0156	8.90892	0.00149985	0.018345
10.2	11.0123	8.91253	0.00149772	0.0183525
10.21	11.0089	8.91614	0.00149558	0.0183599
10.22	11.0056	8.91974	0.00149344	0.0183673
10.23	11.0023	8.92334	0.0014913	0.0183747
10.24	10.9989	8.92693	0.00148915	0.0183821
10.25	10.9956	8.93052	0.00148701	0.0183895
10.26	10.9923	8.9341	0.00148486	0.0183969
10.27	10.989	8.93768	0.00148271	0.0184043
10.28	10.9856	8.94125	0.00148056	0.0184116
10.29	10.9823	8.94481	0.0014784	0.018419
10.3	10.979	8.94838	0.00147624	0.0184263
10.31	10.9757	8.95193	0.00147408	0.0184336
10.32	10.9724	8.95548	0.00147192	0.0184409
10.33	10.9692	8.95903	0.00146976	0.0184482
10.34	10.9659	8.96257	0.00146759	0.0184555
10.35	10.9626	8.9661	0.00146542	0.0184628
10.36	10.9593	8.96963	0.00146325	0.0184701
10.37	10.9561	8.97316	0.00146108	0.0184773
10.38	10.9528	8.97668	0.0014589	0.0184846
10.39	10.9495	8.98019	0.00145672	0.0184918
10.4	10.9463	8.9837	0.00145454	0.018499
10.41	10.943	8.98721	0.00145236	0.0185062
10.42	10.9398	8.9907	0.00145018	0.0185135
10.43	10.9365	8.9942	0.00144799	0.0185206
10.44	10.9333	8.99769	0.0014458	0.0185278
10.45	10.9301	9.00117	0.00144361	0.018535
10.46	10.9269	9.00465	0.00144142	0.0185422
10.47	10.9236	9.00812	0.00143922	0.0185493
10.48	10.9204	9.01159	0.00143703	0.0185565
10.49	10.9172	9.01505	0.00143483	0.0185636
10.5	10.914	9.0185	0.00143262	0.0185707
10.51	10.9108	9.02195	0.00143042	0.0185778
10.52	10.9076	9.0254	0.00142821	0.0185849
10.53	10.9044	9.02884	0.001426	0.018592
10.54	10.9012	9.03228	0.00142379	0.0185991
10.55	10.8981	9.03571	0.00142158	0.0186061
10.56	10.8949	9.03913	0.00141936	0.0186132
10.57	10.8917	9.04255	0.00141715	0.0186202
10.58	10.8885	9.04596	0.00141493	0.0186272
10.59	10.8854	9.04937	0.00141271	0.0186343
10.6	10.8822	9.05277	0.00141048	0.0186413
10.61	10.8791	9.05617	0.00140826	0.0186483
10.62	10.8759	9.05956	0.00140603	0.0186552
10.63	10.8728	9.06295	0.0014038	0.0186622
10.64	10.8696	9.06633	0.00140156	0.0186692
10.65	10.8665	9.06971	0.00139933	0.0186761
10.66	10.8634	9.07308	0.00139709	0.0186831
10.67	10.8603	9.07645	0.00139485	0.01869
10.68	10.8572	9.07981	0.00139261	0.0186969
10.69	10.854	9.08316	0.00139037	0.0187038
10.7	10.8509	9.08651	0.00138812	0.0187107
10.71	10.8478	9.08985	0.00138588	0.0187176
10.72	10.8447	9.09319	0.00138363	0.0187245
10.73	10.8416	9.09652	0.00138138	0.0187314
10.74	10.8386	9.09985	0.00137912	0.0187382
10.75	10.8355	9.10317	0.00137687	0.018745
10.76	10.8324	9.10649	0.00137461	0.0187519
10.77	10.8293	9.1098	0.00137235	0.0187587
10.78	10.8263	9.11311	0.00137009	0.0187655
10.79	10.8232	9.11641	0.00136782	0.0187723
10.8	10.8202	9.1197	0.00136555	0.0187791
10.81	10.8171	9.12299	0.00136329	0.0187859
10.82	10.8141	9.12628	0.00136102	0.0187926
10.83	10.811	9.12955	0.00135874	0.0187994
10.84	10.808	9.13283	0.00135647	0.0188061
10.85	10.805	9.1361	0.00135419	0.0188128
10.86	10.8019	9.13936	0.00135191	0.0188196
10.87	10.7989	9.14261	0.00134963	0.0188263
10.88	10.7959	9.14587	0.00134735	0.018833
10.89	10.7929	9.14911	0.00134506	0.0188396
10.9	10.7899	9.15235	0.00134277	0.0188463
10.91	10.7869	9.15559	0.00134049	0.018853
10.92	10.7839	9.15881	0.00133819	0.0188596
10.93	10.7809	9.16204	0.0013359	0.0188663
10.94	10.7779	9.16526	0.00133361	0.0188729
10.95	10.7749	9.16847	0.00133131	0.0188795
10.96	10.772	9.17168	0.00132901	0.0188861
10.97	10.769	9.17488	0.00132671	0.0188927
10.98	10.766	9.17807	0.0013244	0.0188993
10.99	10.7631	9.18126	0.0013221	0.0189058
11	10.7601	9.18445	0.00131979	0.0189124
11.01	10.7572	9.18763	0.00131748	0.018919
11.02	10.7542	9.1908	0.00131517	0.0189255
11.03	10.7513	9.19397	0.00131285	0.018932
11.04	10.7484	9.19713	0.00131054	0.0189385
11.05	10.7454	9.20029	0.00130822	0.018945
11.06	10.7425	9.20344	0.0013059	0.0189515
11.07	10.7396	9.20659	0.00130358	0.018958
11.08	10.7367	9.20973	0.00130125	0.0189645
11.09	10.7338	9.21286	0.00129893	0.0189709
11.1	10.7309	9.21599	0.0012966	0.0189774
11.11	10.728	9.21911	0.00129427	0.0189838
11.12	10.7251	9.22223	0.00129194	0.0189902
11.13	10.7222	9.22534	0.00128961	0.0189966
11.14	10.7193	9.22845	0.00128727	0.019003
11.15	10.7164	9.23155	0.00128493	0.0190094
11.16	10.7136	9.23465	0.00128259	0.0190158
11.17	10.7107	9.23773	0.00128025	0.0190221
11.18	10.7078	9.24082	0.00127791	0.0190285
11.19	10.705	9.2439	0.00127556	0.0190348
11.2	10.7021	9.24697	0.00127321	0.0190411
11.21	10.6993	9.25004	0.00127086	0.0190475
11.22	10.6965	9.2531	0.00126851	0.0190538
11.23	10.6936	9.25615	0.00126616	0.0190601
11.24	10.6908	9.2592	0.0012638	0.0190663
11.25	10.688	9.26225	0.00126145	0.0190726
11.26	10.6851	9.26529	0.00125909	0.0190789
11.27	10.6823	9.26832	0.00125673	0.0190851
11.28	10.6795	9.27135	0.00125436	0.0190913
11.29	10.6767	9.27437	0.001252	0.0190976
11.3	10.6739	9.27738	0.00124963	0.0191038
11.31	10.6711	9.2804	0.00124726	0.01911
11.32	10.6684	9.2834	0.00124489	0.0191162
11.33	10.6656	9.2864	0.00124252	0.0191223
11.34	10.6628	9.28939	0.00124014	0.0191285
11.35	10.66	9.29238	0.00123777	0.0191347
11.36	10.6573	9.29536	0.00123539	0.0191408
11.37	10.6545	9.29834	0.00123301	0.0191469
11.38	10.6517	9.30131	0.00123063	0.019153
11.39	10.649	9.30427	0.00122824	0.0191591
11.4	10.6463	9.30723	0.00122586	0.0191652
11.41	10.6435	9.31018	0.00122347	0.0191713
11.42	10.6408	9.31313	0.00122108	0.0191774
11.43	10.6381	9.31607	0.00121869	0.0191834
11.44	10.6353	9.31901	0.00121629	0.0191895
11.45	10.6326	9.32194	0.0012139	0.0191955
11.46	10.6299	9.32486	0.0012115	0.0192015
11.47	10.6272	9.32778	0.0012091	0.0192076
11.48	10.6245	9.33069	0.0012067	0.0192135
11.49	10.6218	9.3336	0.0012043	0.0192195
11.5	10.6191	9.3365	0.00120189	0.0192255
11.51	10.6164	9.3394	0.00119949	0.0192315
11.52	10.6137	9.34228	0.00119708	0.0192374
11.53	10.6111	9.34517	0.00119467	0.0192434
11.54	10.6084	9.34805	0.00119226	0.0192493
11.55	10.6057	9.35092	0.00118984	0.0192552
11.56	10.6031	9.35378	0.00118743	0.0192611
11.57	10.6004	9.35664	0.00118501	0.019267
11.58	10.5978	9.3595	0.00118259	0.0192729
11.59	10.5951	9.36235	0.00118017	0.0192787
11.6	10.5925	9.36519	0.00117775	0.0192846
11.61	10.5899	9.36803	0.00117532	0.0192904
11.62	10.5872	9.37086	0.00117289	0.0192963
11.63	10.5846	9.37368	0.00117047	0.0193021
11.64	10.582	9.3765	0.00116804	0.0193079
11.65	10.5794	9.37932	0.0011656	0.0193137
11.66	10.5768	9.38213	0.00116317	0.0193195
11.67	10.5742	9.38493	0.00116073	0.0193252
11.68	10.5716	9.38772	0.0011583	0.019331
11.69	10.569	9.39051	0.00115586	0.0193367
11.7	10.5664	9.3933	0.00115342	0.0193425
11.71	10.5639	9.39608	0.00115097	0.0193482
11.72	10.5613	9.39885	0.00114853	0.0193539
11.73	10.5587	9.40162	0.00114608	0.0193596
11.74	10.5562	9.40438	0.00114363	0.0193653
11.75	10.5536	9.40713	0.00114119	0.0193709
11.76	10.5511	9.40988	0.00113873	0.0193766
11.77	10.5485	9.41262	0.00113628	0.0193823
11.78	10.546	9.41536	0.00113383	0.0193879
11.79	10.5434	9.41809	0.00113137	0.0193935
11.8	10.5409	9.42082	0.00112891	0.0193991
11.81	10.5384	9.42354	0.00112645	0.0194047
11.82	10.5359	9.42625	0.00112399	0.0194103
11.83	10.5334	9.42896	0.00112152	0.0194159
11.84	10.5309	9.43166	0.00111906	0.0194215
11.85	10.5284	9.43435	0.00111659	0.019427
11.86	10.5259	9.43704	0.00111412	0.0194325
11.87	10.5234	9.43973	0.00111165	0.0194381
11.88	10.5209	9.44241	0.00110918	0.0194436
11.89	10.5184	9.44508	0.00110671	0.0194491
11.9	10.5159	9.44774	0.00110423	0.0194546
11.91	10.5135	9.4504	0.00110175	0.0194601
11.92	10.511	9.45306	0.00109927	0.0194655
11.93	10.5086	9.45571	0.00109679	0.019471
11.94	10.5061	9.45835	0.00109431	0.0194764
11.95	10.5037	9.46098	0.00109183	0.0194818
11.96	10.5012	9.46361	0.00108934	0.0194873
11.97	10.4988	9.46624	0.00108685	0.0194927
11.98	10.4964	9.46886	0.00108436	0.0194981
11.99	10.4939	9.47147	0.00108187	0.0195034
12	10.4915	9.47407	0.00107938	0.0195088
12.01	10.4891	9.47667	0.00107688	0.0195142
12.02	10.4867	9.47927	0.00107439	0.0195195
12.03	10.4843	9.48186	0.00107189	0.0195248
12.04	10.4819	9.48444	0.00106939	0.0195301
12.05	10.4795	9.48701	0.00106689	0.0195354
12.06	10.4771	9.48958	0.00106439	0.0195407
12.07	10.4748	9.49215	0.00106188	0.019546
12.08	10.4724	9.49471	0.00105938	0.0195513
12.09	10.47	9.49726	0.00105687	0.0195565
12.1	10.4677	9.4998	0.00105436	0.0195618
12.11	10.4653	9.50234	0.00105185	0.019567
12.12	10.463	9.50488	0.00104934	0.0195722
12.13	10.4606	9.50741	0.00104683	0.0195774
12.14	10.4583	9.50993	0.00104431	0.0195826
12.15	10.4559	9.51244	0.00104179	0.0195878
12.16	10.4536	9.51495	0.00103927	0.019593
12.17	10.4513	9.51746	0.00103675	0.0195981
12.18	10.449	9.51995	0.00103423	0.0196033
12.19	10.4467	9.52244	0.00103171	0.0196084
12.2	10.4444	9.52493	0.00102918	0.0196135
12.21	10.4421	9.52741	0.00102666	0.0196186
12.22	10.4398	9.52988	0.00102413	0.0196237
12.23	10.4375	9.53235	0.0010216	0.0196288
12.24	10.4352	9.53481	0.00101907	0.0196339
12.25	10.4329	9.53727	0.00101653	0.0196389
12.26	10.4307	9.53971	0.001014	0.019644
12.27	10.4284	9.54216	0.00101146	0.019649
12.28	10.4261	9.54459	0.00100892	0.019654
12.29	10.4239	9.54702	0.00100639	0.019659
12.3	10.4216	9.54945	0.00100384	0.019664
12.31	10.4194	9.55187	0.0010013	0.019669
12.32	10.4172	9.55428	0.000998758	0.019674
12.33	10.4149	9.55668	0.000996213	0.0196789
12.34	10.4127	9.55908	0.000993666	0.0196838
12.35	10.4105	9.56148	0.000991117	0.0196888
12.36	10.4083	9.56386	0.000988567	0.0196937
12.37	10.4061	9.56625	0.000986015	0.0196986
12.38	10.4038	9.56862	0.000983462	0.0197035
12.39	10.4017	9.57099	0.000980908	0.0197084
12.4	10.3995	9.57335	0.000978352	0.0197132
12.41	10.3973	9.57571	0.000975794	0.0197181
12.42	10.3951	9.57806	0.000973235	0.0197229
12.43	10.3929	9.5804	0.000970674	0.0197278
12.44	10.3908	9.58274	0.000968112	0.0197326
12.45	10.3886	9.58508	0.000965548	0.0197374
12.46	10.3864	9.5874	0.000962983	0.0197422
12.47	10.3843	9.58972	0.000960416	0.0197469
12.48	10.3821	9.59203	0.000957848	0.0197517
12.49	10.38	9.59434	0.000955278	0.0197564
12.5	10.3779	9.59664	0.000952707	0.0197612
12.51	10.3757	9.59894	0.000950135	0.0197659
12.52	10.3736	9.60123	0.000947561	0.0197706
12.53	10.3715	9.60351	0.000944985	0.0197753
12.54	10.3694	9.60579	0.000942408	0.01978
12.55	10.3673	9.60806	0.00093983	0.0197847
12.56	10.3652	9.61032	0.00093725	0.0197894
12.57	10.3631	9.61258	0.000934669	0.019794
12.58	10.361	9.61483	0.000932086	0.0197986
12.59	10.3589	9.61707	0.000929502	0.0198033
12.6	10.3568	9.61931	0.000926916	0.0198079
12.61	10.3548	9.62155	0.000924329	0.0198125
12.62	10.3527	9.62377	0.00092174	0.0198171
12.63	10.3506	9.62599	0.00091915	0.0198216
12.64	10.3486	9.62821	0.000916559	0.0198262
12.65	10.3465	9.63041	0.000913966	0.0198307
12.66	10.3445	9.63262	0.000911372	0.0198353
12.67	10.3425	9.63481	0.000908776	0.0198398
12.68	10.3404	9.637	0.000906179	0.0198443
12.69	10.3384	9.63918	0.000903581	0.0198488
12.7	10.3364	9.64136	0.000900981	0.0198533
12.71	10.3344	9.64353	0.00089838	0.0198577
12.72	10.3324	9.6457	0.000895777	0.0198622
12.73	10.3304	9.64785	0.000893173	0.0198666
12.74	10.3284	9.65	0.000890568	0.0198711
12.75	10.3264	9.65215	0.000887961	0.0198755
12.76	10.3244	9.65429	0.000885353	0.0198799
12.77	10.3224	9.65642	0.000882743	0.0198843
12.78	10.3205	9.65855	0.000880132	0.0198887
12.79	10.3185	9.66067	0.00087752	0.019893
12.8	10.3165	9.66278	0.000874907	0.0198974
12.81	10.3146	9.66489	0.000872292	0.0199017
12.82	10.3126	9.66699	0.000869675	0.019906
12.83	10.3107	9.66909	0.000867058	0.0199104
12.84	10.3087	9.67117	0.000864439	0.0199147
12.85	10.3068	9.67326	0.000861818	0.0199189
12.86	10.3049	9.67533	0.000859197	0.0199232
12.87	10.303	9.6774	0.000856574	0.0199275
12.88	10.3011	9.67947	0.000853949	0.0199317
12.89	10.2992	9.68152	0.000851324	0.019936
12.9	10.2972	9.68357	0.000848697	0.0199402
12.91	10.2954	9.68562	0.000846068	0.0199444
12.92	10.2935	9.68766	0.000843439	0.0199486
12.93	10.2916	9.68969	0.000840808	0.0199528
12.94	10.2897	9.69171	0.000838176	0.019957
12.95	10.2878	9.69373	0.000835542	0.0199611
12.96	10.286	9.69574	0.000832907	0.0199653
12.97	10.2841	9.69775	0.000830271	0.0199694
12.98	10.2822	9.69975	0.000827634	0.0199735
12.99	10.2804	9.70174	0.000824995	0.0199776
13	10.2786	9.70373	0.000822355	0.0199817
13.01	10.2767	9.70571	0.000819714	0.0199858
13.02	10.2749	9.70769	0.000817071	0.0199898
13.03	10.2731	9.70966	0.000814427	0.0199939
13.04	10.2712	9.71162	0.000811782	0.0199979
13.05	10.2694	9.71357	0.000809136	0.020002
13.06	10.2676	9.71552	0.000806488	0.020006
13.07	10.2658	9.71747	0.00080384	0.02001
13.08	10.264	9.7194	0.000801189	0.020014
13.09	10.2622	9.72133	0.000798538	0.0200179
13.1	10.2604	9.72326	0.000795886	0.0200219
13.11	10.2587	9.72517	0.000793232	0.0200259
13.12	10.2569	9.72708	0.000790577	0.0200298
13.13	10.2551	9.72899	0.00078792	0.0200337
13.14	10.2534	9.73089	0.000785263	0.0200376
13.15	10.2516	9.73278	0.000782604	0.0200415
13.16	10.2499	9.73466	0.000779944	0.0200454
13.17	10.2481	9.73654	0.000777283	0.0200493
13.18	10.2464	9.73841	0.000774621	0.0200531
13.19	10.2447	9.74028	0.000771957	0.020057
13.2	10.2429	9.74214	0.000769292	0.0200608
13.21	10.2412	9.74399	0.000766626	0.0200646
13.22	10.2395	9.74584	0.000763959	0.0200684
13.23	10.2378	9.74768	0.000761291	0.0200722
13.24	10.2361	9.74951	0.000758621	0.020076
13.25	10.2344	9.75134	0.000755951	0.0200797
13.26	10.2327	9.75316	0.000753279	0.0200835
13.27	10.231	9.75498	0.000750605	0.0200872
13.28	10.2294	9.75678	0.000747931	0.0200909
13.29	10.2277	9.75859	0.000745256	0.0200947
13.3	10.226	9.76038	0.000742579	0.0200984
13.31	10.2244	9.76217	0.000739901	0.020102
13.32	10.2227	9.76395	0.000737223	0.0201057
13.33	10.2211	9.76573	0.000734542	0.0201094
13.34	10.2194	9.7675	0.000731861	0.020113
13.35	10.2178	9.76926	0.000729179	0.0201166
13.36	10.2162	9.77102	0.000726495	0.0201203
13.37	10.2145	9.77277	0.000723811	0.0201239
13.38	10.2129	9.77451	0.000721125	0.0201274
13.39	10.2113	9.77625	0.000718438	0.020131
13.4	10.2097	9.77798	0.00071575	0.0201346
13.41	10.2081	9.7797	0.000713061	0.0201381
13.42	10.2065	9.78142	0.000710371	0.0201417
13.43	10.2049	9.78313	0.000707679	0.0201452
13.44	10.2033	9.78484	0.000704987	0.0201487
13.45	10.2018	9.78653	0.000702293	0.0201522
13.46	10.2002	9.78823	0.000699599	0.0201557
13.47	10.1986	9.78991	0.000696903	0.0201592
13.48	10.1971	9.79159	0.000694206	0.0201626
13.49	10.1955	9.79326	0.000691508	0.0201661
13.5	10.194	9.79493	0.000688809	0.0201695
13.51	10.1924	9.79659	0.000686109	0.0201729
13.52	10.1909	9.79824	0.000683408	0.0201763
13.53	10.1894	9.79989	0.000680706	0.0201797
13.54	10.1879	9.80153	0.000678002	0.0201831
13.55	10.1864	9.80316	0.000675298	0.0201864
13.56	10.1848	9.80479	0.000672592	0.0201898
13.57	10.1833	9.80641	0.000669886	0.0201931
13.58	10.1818	9.80802	0.000667178	0.0201965
13.59	10.1804	9.80963	0.00066447	0.0201998
13.6	10.1789	9.81123	0.00066176	0.0202031
13.61	10.1774	9.81282	0.000659049	0.0202063
13.62	10.1759	9.81441	0.000656338	0.0202096
13.63	10.1745	9.81599	0.000653625	0.0202129
13.64	10.173	9.81756	0.000650911	0.0202161
13.65	10.1715	9.81913	0.000648196	0.0202193
13.66	10.1701	9.82069	0.00064548	0.0202225
13.67	10.1686	9.82225	0.000642763	0.0202258
13.68	10.1672	9.8238	0.000640046	0.0202289
13.69	10.1658	9.82534	0.000637327	0.0202321
13.7	10.1644	9.82687	0.000634607	0.0202353
13.71	10.1629	9.8284	0.000631886	0.0202384
13.72	10.1615	9.82993	0.000629164	0.0202416
13.73	10.1601	9.83144	0.000626441	0.0202447
13.74	10.1587	9.83295	0.000623717	0.0202478
13.75	10.1573	9.83445	0.000620992	0.0202509
13.76	10.1559	9.83595	0.000618267	0.020254
13.77	10.1546	9.83744	0.00061554	0.020257
13.78	10.1532	9.83892	0.000612812	0.0202601
13.79	10.1518	9.8404	0.000610083	0.0202631
13.8	10.1505	9.84187	0.000607353	0.0202661
13.81	10.1491	9.84333	0.000604623	0.0202692
13.82	10.1477	9.84479	0.000601891	0.0202722
13.83	10.1464	9.84624	0.000599158	0.0202751
13.84	10.1451	9.84768	0.000596425	0.0202781
13.85	10.1437	9.84912	0.00059369	0.0202811
13.86	10.1424	9.85055	0.000590955	0.020284
13.87	10.1411	9.85197	0.000588218	0.020287
13.88	10.1398	9.85339	0.000585481	0.0202899
13.89	10.1385	9.8548	0.000582743	0.0202928
13.9	10.1372	9.8562	0.000580004	0.0202957
13.91	10.1359	9.8576	0.000577264	0.0202985
13.92	10.1346	9.85899	0.000574523	0.0203014
13.93	10.1333	9.86037	0.000571781	0.0203043
13.94	10.132	9.86175	0.000569038	0.0203071
13.95	10.1307	9.86312	0.000566294	0.0203099
13.96	10.1295	9.86448	0.000563549	0.0203127
13.97	10.1282	9.86584	0.000560804	0.0203155
13.98	10.127	9.86719	0.000558057	0.0203183
13.99	10.1257	9.86854	0.00055531	0.0203211
14	10.1245	9.86987	0.000552562	0.0203238
14.01	10.1232	9.87121	0.000549813	0.0203266
14.02	10.122	9.87253	0.000547063	0.0203293
14.03	10.1208	9.87385	0.000544312	0.020332
14.04	10.1196	9.87516	0.00054156	0.0203347
14.05	10.1184	9.87646	0.000538807	0.0203374
14.06	10.1172	9.87776	0.000536054	0.0203401
14.07	10.116	9.87905	0.000533299	0.0203427
14.08	10.1148	9.88034	0.000530544	0.0203454
14.09	10.1136	9.88162	0.000527788	0.020348
14.1	10.1124	9.88289	0.000525031	0.0203506
14.11	10.1112	9.88415	0.000522273	0.0203532
14.12	10.1101	9.88541	0.000519515	0.0203558
14.13	10.1089	9.88666	0.000516755	0.0203584
14.14	10.1078	9.88791	0.000513995	0.020361
14.15	10.1066	9.88914	0.000511234	0.0203635
14.16	10.1055	9.89038	0.000508472	0.020366
14.17	10.1043	9.8916	0.000505709	0.0203686
14.18	10.1032	9.89282	0.000502945	0.0203711
14.19	10.1021	9.89403	0.000500181	0.0203736
14.2	10.101	9.89524	0.000497416	0.020376
14.21	10.0999	9.89643	0.00049465	0.0203785
14.22	10.0987	9.89763	0.000491883	0.020381
14.23	10.0976	9.89881	0.000489115	0.0203834
14.24	10.0966	9.89999	0.000486347	0.0203858
14.25	10.0955	9.90116	0.000483577	0.0203882
14.26	10.0944	9.90232	0.000480807	0.0203906
14.27	10.0933	9.90348	0.000478037	0.020393
14.28	10.0922	9.90463	0.000475265	0.0203954
14.29	10.0912	9.90578	0.000472493	0.0203978
14.3	10.0901	9.90692	0.000469719	0.0204001
14.31	10.0891	9.90805	0.000466946	0.0204024
14.32	10.088	9.90917	0.000464171	0.0204047
14.33	10.087	9.91029	0.000461395	0.020407
14.34	10.086	9.9114	0.000458619	0.0204093
14.35	10.0849	9.91251	0.000455842	0.0204116
14.36	10.0839	9.91361	0.000453064	0.0204139
14.37	10.0829	9.9147	0.000450286	0.0204161
14.38	10.0819	9.91578	0.000447507	0.0204184
14.39	10.0809	9.91686	0.000444727	0.0204206
14.4	10.0799	9.91793	0.000441946	0.0204228
14.41	10.0789	9.919	0.000439164	0.020425
14.42	10.0779	9.92005	0.000436382	0.0204271
14.43	10.077	9.92111	0.000433599	0.0204293
14.44	10.076	9.92215	0.000430816	0.0204315
14.45	10.075	9.92319	0.000428031	0.0204336
14.46	10.0741	9.92422	0.000425246	0.0204357
14.47	10.0731	9.92524	0.00042246	0.0204378
14.48	10.0722	9.92626	0.000419674	0.0204399
14.49	10.0713	9.92727	0.000416886	0.020442
14.5	10.0703	9.92828	0.000414099	0.0204441
14.51	10.0694	9.92927	0.00041131	0.0204461
14.52	10.0685	9.93026	0.000408521	0.0204482
14.53	10.0676	9.93125	0.00040573	0.0204502
14.54	10.0667	9.93223	0.00040294	0.0204522
14.55	10.0658	9.9332	0.000400148	0.0204542
14.56	10.0649	9.93416	0.000397356	0.0204562
14.57	10.064	9.93512	0.000394563	0.0204582
14.58	10.0631	9.93607	0.00039177	0.0204601
14.59	10.0622	9.93701	0.000388976	0.0204621
14.6	10.0614	9.93795	0.000386181	0.020464
14.61	10.0605	9.93888	0.000383385	0.0204659
14.62	10.0596	9.9398	0.000380589	0.0204678
14.63	10.0588	9.94072	0.000377792	0.0204697
14.64	10.0579	9.94163	0.000374995	0.0204716
14.65	10.0571	9.94253	0.000372197	0.0204734
14.66	10.0563	9.94343	0.000369398	0.0204753
14.67	10.0554	9.94432	0.000366598	0.0204771
14.68	10.0546	9.9452	0.000363798	0.0204789
14.69	10.0538	9.94608	0.000360998	0.0204807
14.7	10.053	9.94695	0.000358196	0.0204825
14.71	10.0522	9.94781	0.000355394	0.0204843
14.72	10.0514	9.94867	0.000352592	0.0204861
14.73	10.0506	9.94952	0.000349788	0.0204878
14.74	10.0498	9.95036	0.000346984	0.0204896
14.75	10.0491	9.95119	0.00034418	0.0204913
14.76	10.0483	9.95202	0.000341375	0.020493
14.77	10.0475	9.95285	0.000338569	0.0204947
14.78	10.0468	9.95366	0.000335762	0.0204964
14.79	10.046	9.95447	0.000332955	0.020498
14.8	10.0453	9.95527	0.000330148	0.0204997
14.81	10.0446	9.95607	0.000327339	0.0205013
14.82	10.0438	9.95686	0.00032453	0.0205029
14.83	10.0431	9.95764	0.000321721	0.0205045
14.84	10.0424	9.95841	0.000318911	0.0205061
14.85	10.0417	9.95918	0.0003161	0.0205077
14.86	10.041	9.95994	0.000313289	0.0205093
14.87	10.0403	9.9607	0.000310477	0.0205108
14.88	10.0396	9.96145	0.000307664	0.0205124
14.89	10.0389	9.96219	0.000304851	0.0205139
14.9	10.0382	9.96292	0.000302038	0.0205154
14.91	10.0375	9.96365	0.000299223	0.0205169
14.92	10.0369	9.96437	0.000296408	0.0205184
14.93	10.0362	9.96508	0.000293593	0.0205199
14.94	10.0355	9.96579	0.000290777	0.0205213
14.95	10.0349	9.96649	0.00028796	0.0205228
14.96	10.0342	9.96718	0.000285143	0.0205242
14.97	10.0336	9.96787	0.000282325	0.0205256
14.98	10.033	9.96855	0.000279507	0.020527
14.99	10.0323	9.96922	0.000276688	0.0205284
15	10.0317	9.96989	0.000273869	0.0205298
15.01	10.0311	9.97055	0.000271048	0.0205311
15.02	10.0305	9.9712	0.000268228	0.0205325
15.03	10.0299	9.97185	0.000265407	0.0205338
15.04	10.0293	9.97249	0.000262585	0.0205351
15.05	10.0287	9.97312	0.000259762	0.0205364
15.06	10.0282	9.97375	0.000256939	0.0205377
15.07	10.0276	9.97437	0.000254116	0.020539
15.08	10.027	9.97498	0.000251292	0.0205402
15.09	10.0265	9.97558	0.000248467	0.0205415
15.1	10.0259	9.97618	0.000245642	0.0205427
15.11	10.0253	9.97677	0.000242816	0.0205439
15.12	10.0248	9.97736	0.00023999	0.0205452
15.13	10.0243	9.97794	0.000237163	0.0205463
15.14	10.0237	9.97851	0.000234335	0.0205475
15.15	10.0232	9.97907	0.000231507	0.0205487
15.16	10.0227	9.97963	0.000228679	0.0205498
15.17	10.0222	9.98018	0.000225849	0.020551
15.18	10.0217	9.98073	0.00022302	0.0205521
15.19	10.0212	9.98126	0.000220189	0.0205532
15.2	10.0207	9.98179	0.000217358	0.0205543
15.21	10.0202	9.98232	0.000214527	0.0205554
15.22	10.0197	9.98283	0.000211695	0.0205564
15.23	10.0193	9.98334	0.000208862	0.0205575
15.24	10.0188	9.98385	0.000206029	0.0205585
15.25	10.0183	9.98434	0.000203195	0.0205595
15.26	10.0179	9.98483	0.00020036	0.0205605
15.27	10.0174	9.98532	0.000197525	0.0205615
15.28	10.017	9.98579	0.00019469	0.0205625
15.29	10.0166	9.98626	0.000191853	0.0205635
15.3	10.0161	9.98672	0.000189017	0.0205644
15.31	10.0157	9.98718	0.000186179	0.0205654
15.32	10.0153	9.98763	0.000183341	0.0205663
15.33	10.0149	9.98807	0.000180502	0.0205672
15.34	10.0145	9.9885	0.000177663	0.0205681
15.35	10.0141	9.98893	0.000174823	0.020569
15.36	10.0137	9.98935	0.000171982	0.0205698
15.37	10.0133	9.98977	0.000169141	0.0205707
15.38	10.0129	9.99017	0.000166299	0.0205715
15.39	10.0126	9.99057	0.000163456	0.0205724
15.4	10.0122	9.99097	0.000160613	0.0205732
15.41	10.0118	9.99135	0.000157769	0.020574
15.42	10.0115	9.99173	0.000154924	0.0205748
15.43	10.0111	9.99211	0.000152079	0.0205755
15.44	10.0108	9.99247	0.000149232	0.0205763
15.45	10.0105	9.99283	0.000146386	0.020577
15.46	10.0101	9.99319	0.000143538	0.0205777
15.47	10.0098	9.99353	0.000140689	0.0205785
15.48	10.0095	9.99387	0.00013784	0.0205792
15.49	10.0092	9.9942	0.00013499	0.0205798
15.5	10.0089	9.99453	0.000132139	0.0205805
15.51	10.0086	9.99485	0.000129287	0.0205812
15.52	10.0083	9.99516	0.000126434	0.0205818
15.53	10.008	9.99546	0.00012358	0.0205824
15.54	10.0077	9.99576	0.000120726	0.020583
15.55	10.0075	9.99605	0.00011787	0.0205836
15.56	10.0072	9.99633	0.000115013	0.0205842
15.57	10.007	9.99661	0.000112156	0.0205848
15.58	10.0067	9.99688	0.000109297	0.0205854
