LeakagePort 1	Current turn 0.5	Pressure storage 13.5116	Pressure reaction 1.47344	Used volumes E, B
Elapsed	Storage	Reaction	Flow rate	Modelled cm3 H2	
0	13.5116	1.47344	0.00352038	0.00152826
0.01	13.5116	1.47344	0.00352038	0.00152826
0.02	13.5037	1.49028	0.00351832	0.00154572
0.03	13.4958	1.50711	0.00351627	0.00156317
0.04	13.4879	1.52392	0.00351422	0.00158061
0.05	13.4801	1.54073	0.00351217	0.00159804
0.06	13.4722	1.55752	0.00351012	0.00161547
0.07	13.4643	1.57431	0.00350807	0.00163288
0.08	13.4565	1.59109	0.00350602	0.00165028
0.09	13.4486	1.60786	0.00350397	0.00166767
0.1	13.4408	1.62461	0.00350193	0.00168505
0.11	13.4329	1.64136	0.00349989	0.00170242
0.12	13.4251	1.6581	0.00349784	0.00171978
0.13	13.4173	1.67483	0.0034958	0.00173713
0.14	13.4094	1.69155	0.00349376	0.00175447
0.15	13.4016	1.70825	0.00349172	0.0017718
0.16	13.3938	1.72495	0.00348969	0.00178912
0.17	13.386	1.74164	0.00348765	0.00180643
0.18	13.3782	1.75832	0.00348561	0.00182373
0.19	13.3703	1.77499	0.00348358	0.00184102
0.2	13.3625	1.79165	0.00348155	0.0018583
0.21	13.3547	1.8083	0.00347952	0.00187557
0.22	13.347	1.82494	0.00347748	0.00189283
0.23	13.3392	1.84157	0.00347546	0.00191008
0.24	13.3314	1.85819	0.00347343	0.00192732
0.25	13.3236	1.8748	0.0034714	0.00194455
0.26	13.3158	1.89141	0.00346937	0.00196177
0.27	13.3081	1.908	0.00346735	0.00197898
0.28	13.3003	1.92458	0.00346533	0.00199618
0.29	13.2925	1.94115	0.0034633	0.00201337
0.3	13.2848	1.95772	0.00346128	0.00203054
0.31	13.277	1.97427	0.00345926	0.00204771
0.32	13.2693	1.99081	0.00345724	0.00206487
0.33	13.2615	2.00735	0.00345523	0.00208202
0.34	13.2538	2.02387	0.00345321	0.00209916
0.35	13.2461	2.04039	0.0034512	0.00211629
0.36	13.2383	2.05689	0.00344918	0.00213341
0.37	13.2306	2.07339	0.00344717	0.00215052
0.38	13.2229	2.08987	0.00344516	0.00216762
0.39	13.2152	2.10635	0.00344315	0.00218471
0.4	13.2074	2.12281	0.00344114	0.00220178
0.41	13.1997	2.13927	0.00343913	0.00221885
0.42	13.192	2.15572	0.00343712	0.00223591
0.43	13.1843	2.17216	0.00343512	0.00225296
0.44	13.1766	2.18858	0.00343311	0.00227
0.45	13.169	2.205	0.00343111	0.00228703
0.46	13.1613	2.22141	0.00342911	0.00230405
0.47	13.1536	2.23781	0.00342711	0.00232106
0.48	13.1459	2.2542	0.00342511	0.00233806
0.49	13.1382	2.27058	0.00342311	0.00235505
0.5	13.1306	2.28695	0.00342111	0.00237203
0.51	13.1229	2.30331	0.00341911	0.002389
0.52	13.1153	2.31967	0.00341712	0.00240596
0.53	13.1076	2.33601	0.00341512	0.00242291
0.54	13.1	2.35234	0.00341313	0.00243985
0.55	13.0923	2.36866	0.00341114	0.00245678
0.56	13.0847	2.38498	0.00340915	0.0024737
0.57	13.077	2.40128	0.00340716	0.00249061
0.58	13.0694	2.41757	0.00340517	0.00250751
0.59	13.0618	2.43386	0.00340318	0.0025244
0.6	13.0542	2.45014	0.0034012	0.00254128
0.61	13.0465	2.4664	0.00339921	0.00255815
0.62	13.0389	2.48266	0.00339723	0.00257501
0.63	13.0313	2.4989	0.00339525	0.00259186
0.64	13.0237	2.51514	0.00339326	0.00260871
0.65	13.0161	2.53137	0.00339128	0.00262554
0.66	13.0085	2.54759	0.00338931	0.00264236
0.67	13.0009	2.5638	0.00338733	0.00265917
0.68	12.9933	2.58	0.00338535	0.00267597
0.69	12.9857	2.59619	0.00338338	0.00269277
0.7	12.9782	2.61237	0.0033814	0.00270955
0.71	12.9706	2.62854	0.00337943	0.00272632
0.72	12.963	2.6447	0.00337746	0.00274309
0.73	12.9555	2.66085	0.00337548	0.00275984
0.74	12.9479	2.677	0.00337351	0.00277658
0.75	12.9403	2.69313	0.00337155	0.00279332
0.76	12.9328	2.70925	0.00336958	0.00281004
0.77	12.9252	2.72537	0.00336761	0.00282675
0.78	12.9177	2.74147	0.00336565	0.00284346
0.79	12.9102	2.75757	0.00336368	0.00286015
0.8	12.9026	2.77366	0.00336172	0.00287684
0.81	12.8951	2.78973	0.00335976	0.00289351
0.82	12.8876	2.8058	0.0033578	0.00291018
0.83	12.8801	2.82186	0.00335584	0.00292683
0.84	12.8725	2.83791	0.00335388	0.00294348
0.85	12.865	2.85395	0.00335192	0.00296012
0.86	12.8575	2.86998	0.00334997	0.00297674
0.87	12.85	2.886	0.00334801	0.00299336
0.88	12.8425	2.90201	0.00334606	0.00300997
0.89	12.835	2.91801	0.0033441	0.00302656
0.9	12.8275	2.93401	0.00334215	0.00304315
0.91	12.8201	2.94999	0.0033402	0.00305973
0.92	12.8126	2.96596	0.00333825	0.0030763
0.93	12.8051	2.98193	0.00333631	0.00309286
0.94	12.7976	2.99788	0.00333436	0.00310941
0.95	12.7902	3.01383	0.00333241	0.00312595
0.96	12.7827	3.02977	0.00333047	0.00314248
0.97	12.7752	3.04569	0.00332852	0.003159
0.98	12.7678	3.06161	0.00332658	0.00317551
0.99	12.7603	3.07752	0.00332464	0.00319201
1	12.7529	3.09342	0.0033227	0.0032085
1.01	12.7454	3.10931	0.00332076	0.00322498
1.02	12.738	3.12519	0.00331882	0.00324145
1.03	12.7306	3.14107	0.00331689	0.00325792
1.04	12.7231	3.15693	0.00331495	0.00327437
1.05	12.7157	3.17278	0.00331302	0.00329081
1.06	12.7083	3.18863	0.00331108	0.00330724
1.07	12.7009	3.20446	0.00330915	0.00332367
1.08	12.6935	3.22029	0.00330722	0.00334008
1.09	12.6861	3.2361	0.00330529	0.00335649
1.1	12.6786	3.25191	0.00330336	0.00337288
1.11	12.6713	3.26771	0.00330143	0.00338927
1.12	12.6639	3.2835	0.00329951	0.00340565
1.13	12.6565	3.29928	0.00329758	0.00342201
1.14	12.6491	3.31505	0.00329566	0.00343837
1.15	12.6417	3.33081	0.00329373	0.00345472
1.16	12.6343	3.34656	0.00329181	0.00347105
1.17	12.6269	3.3623	0.00328989	0.00348738
1.18	12.6196	3.37804	0.00328797	0.0035037
1.19	12.6122	3.39376	0.00328605	0.00352001
1.2	12.6049	3.40948	0.00328414	0.00353631
1.21	12.5975	3.42518	0.00328222	0.0035526
1.22	12.5901	3.44088	0.0032803	0.00356888
1.23	12.5828	3.45657	0.00327839	0.00358515
1.24	12.5755	3.47225	0.00327648	0.00360142
1.25	12.5681	3.48792	0.00327456	0.00361767
1.26	12.5608	3.50358	0.00327265	0.00363391
1.27	12.5535	3.51923	0.00327074	0.00365014
1.28	12.5461	3.53487	0.00326883	0.00366637
1.29	12.5388	3.5505	0.00326693	0.00368258
1.3	12.5315	3.56613	0.00326502	0.00369879
1.31	12.5242	3.58174	0.00326311	0.00371498
1.32	12.5169	3.59735	0.00326121	0.00373117
1.33	12.5096	3.61294	0.00325931	0.00374735
1.34	12.5023	3.62853	0.00325741	0.00376351
1.35	12.495	3.64411	0.0032555	0.00377967
1.36	12.4877	3.65968	0.0032536	0.00379582
1.37	12.4804	3.67524	0.00325171	0.00381196
1.38	12.4731	3.69079	0.00324981	0.00382809
1.39	12.4658	3.70633	0.00324791	0.00384421
1.4	12.4586	3.72186	0.00324602	0.00386032
1.41	12.4513	3.73739	0.00324412	0.00387642
1.42	12.444	3.7529	0.00324223	0.00389251
1.43	12.4368	3.76841	0.00324034	0.00390859
1.44	12.4295	3.7839	0.00323845	0.00392467
1.45	12.4222	3.79939	0.00323656	0.00394073
1.46	12.415	3.81487	0.00323467	0.00395679
1.47	12.4077	3.83034	0.00323278	0.00397283
1.48	12.4005	3.8458	0.00323089	0.00398887
1.49	12.3933	3.86125	0.00322901	0.00400489
1.5	12.386	3.87669	0.00322712	0.00402091
1.51	12.3788	3.89213	0.00322524	0.00403692
1.52	12.3716	3.90755	0.00322336	0.00405291
1.53	12.3644	3.92297	0.00322148	0.0040689
1.54	12.3572	3.93837	0.0032196	0.00408488
1.55	12.3499	3.95377	0.00321772	0.00410085
1.56	12.3427	3.96916	0.00321584	0.00411681
1.57	12.3355	3.98454	0.00321396	0.00413277
1.58	12.3283	3.99991	0.00321209	0.00414871
1.59	12.3211	4.01527	0.00321021	0.00416464
1.6	12.3139	4.03062	0.00320834	0.00418056
1.61	12.3068	4.04597	0.00320647	0.00419648
1.62	12.2996	4.0613	0.0032046	0.00421238
1.63	12.2924	4.07663	0.00320273	0.00422828
1.64	12.2852	4.09194	0.00320086	0.00424417
1.65	12.2781	4.10725	0.00319899	0.00426004
1.66	12.2709	4.12255	0.00319712	0.00427591
1.67	12.2637	4.13784	0.00319526	0.00429177
1.68	12.2566	4.15312	0.00319339	0.00430762
1.69	12.2494	4.16839	0.00319153	0.00432346
1.7	12.2423	4.18366	0.00318967	0.00433929
1.71	12.2351	4.19891	0.00318781	0.00435511
1.72	12.228	4.21416	0.00318595	0.00437093
1.73	12.2209	4.22939	0.00318409	0.00438673
1.74	12.2137	4.24462	0.00318223	0.00440252
1.75	12.2066	4.25984	0.00318037	0.00441831
1.76	12.1995	4.27505	0.00317852	0.00443408
1.77	12.1924	4.29025	0.00317666	0.00444985
1.78	12.1852	4.30544	0.00317481	0.00446561
1.79	12.1781	4.32063	0.00317295	0.00448136
1.8	12.171	4.3358	0.0031711	0.00449709
1.81	12.1639	4.35097	0.00316925	0.00451282
1.82	12.1568	4.36612	0.0031674	0.00452854
1.83	12.1497	4.38127	0.00316555	0.00454426
1.84	12.1426	4.39641	0.00316371	0.00455996
1.85	12.1356	4.41154	0.00316186	0.00457565
1.86	12.1285	4.42666	0.00316002	0.00459133
1.87	12.1214	4.44177	0.00315817	0.00460701
1.88	12.1143	4.45688	0.00315633	0.00462267
1.89	12.1072	4.47197	0.00315449	0.00463833
1.9	12.1002	4.48706	0.00315265	0.00465398
1.91	12.0931	4.50213	0.00315081	0.00466962
1.92	12.0861	4.5172	0.00314897	0.00468525
1.93	12.079	4.53226	0.00314713	0.00470087
1.94	12.072	4.54731	0.00314529	0.00471648
1.95	12.0649	4.56236	0.00314346	0.00473208
1.96	12.0579	4.57739	0.00314162	0.00474767
1.97	12.0508	4.59241	0.00313979	0.00476325
1.98	12.0438	4.60743	0.00313796	0.00477883
1.99	12.0368	4.62244	0.00313613	0.00479439
2	12.0298	4.63743	0.0031343	0.00480995
2.01	12.0227	4.65242	0.00313247	0.0048255
2.02	12.0157	4.6674	0.00313064	0.00484103
2.03	12.0087	4.68238	0.00312881	0.00485656
2.04	12.0017	4.69734	0.00312699	0.00487208
2.05	11.9947	4.71229	0.00312516	0.00488759
2.06	11.9877	4.72724	0.00312334	0.0049031
2.07	11.9807	4.74218	0.00312152	0.00491859
2.08	11.9737	4.75711	0.00311969	0.00493407
2.09	11.9667	4.77203	0.00311787	0.00494955
2.1	11.9597	4.78694	0.00311605	0.00496501
2.11	11.9528	4.80184	0.00311423	0.00498047
2.12	11.9458	4.81673	0.00311242	0.00499592
2.13	11.9388	4.83162	0.0031106	0.00501136
2.14	11.9318	4.84649	0.00310879	0.00502679
2.15	11.9249	4.86136	0.00310697	0.00504221
2.16	11.9179	4.87622	0.00310516	0.00505762
2.17	11.911	4.89107	0.00310335	0.00507302
2.18	11.904	4.90591	0.00310154	0.00508841
2.19	11.8971	4.92074	0.00309973	0.0051038
2.2	11.8901	4.93557	0.00309792	0.00511917
2.21	11.8832	4.95038	0.00309611	0.00513454
2.22	11.8763	4.96519	0.0030943	0.0051499
2.23	11.8693	4.97999	0.0030925	0.00516525
2.24	11.8624	4.99478	0.00309069	0.00518059
2.25	11.8555	5.00956	0.00308889	0.00519592
2.26	11.8486	5.02433	0.00308709	0.00521124
2.27	11.8416	5.0391	0.00308528	0.00522655
2.28	11.8347	5.05385	0.00308348	0.00524186
2.29	11.8278	5.0686	0.00308168	0.00525715
2.3	11.8209	5.08333	0.00307989	0.00527244
2.31	11.814	5.09806	0.00307809	0.00528771
2.32	11.8071	5.11278	0.00307629	0.00530298
2.33	11.8002	5.1275	0.0030745	0.00531824
2.34	11.7934	5.1422	0.0030727	0.00533349
2.35	11.7865	5.1569	0.00307091	0.00534873
2.36	11.7796	5.17158	0.00306912	0.00536397
2.37	11.7727	5.18626	0.00306733	0.00537919
2.38	11.7659	5.20093	0.00306554	0.00539441
2.39	11.759	5.21559	0.00306375	0.00540961
2.4	11.7521	5.23024	0.00306196	0.00542481
2.41	11.7453	5.24488	0.00306017	0.00544
2.42	11.7384	5.25952	0.00305839	0.00545518
2.43	11.7316	5.27415	0.0030566	0.00547035
2.44	11.7247	5.28876	0.00305482	0.00548551
2.45	11.7179	5.30337	0.00305304	0.00550066
2.46	11.711	5.31797	0.00305125	0.00551581
2.47	11.7042	5.33257	0.00304947	0.00553094
2.48	11.6974	5.34715	0.00304769	0.00554607
2.49	11.6905	5.36173	0.00304592	0.00556119
2.5	11.6837	5.37629	0.00304414	0.00557629
2.51	11.6769	5.39085	0.00304236	0.00559139
2.52	11.6701	5.4054	0.00304059	0.00560648
2.53	11.6633	5.41994	0.00303881	0.00562157
2.54	11.6565	5.43448	0.00303704	0.00563664
2.55	11.6497	5.449	0.00303527	0.00565171
2.56	11.6429	5.46352	0.0030335	0.00566676
2.57	11.6361	5.47802	0.00303172	0.00568181
2.58	11.6293	5.49252	0.00302996	0.00569685
2.59	11.6225	5.50701	0.00302819	0.00571188
2.6	11.6157	5.52149	0.00302642	0.0057269
2.61	11.6089	5.53597	0.00302465	0.00574191
2.62	11.6022	5.55043	0.00302289	0.00575691
2.63	11.5954	5.56489	0.00302113	0.00577191
2.64	11.5886	5.57934	0.00301936	0.00578689
2.65	11.5819	5.59378	0.0030176	0.00580187
2.66	11.5751	5.60821	0.00301584	0.00581684
2.67	11.5684	5.62263	0.00301408	0.0058318
2.68	11.5616	5.63705	0.00301232	0.00584675
2.69	11.5549	5.65145	0.00301056	0.00586169
2.7	11.5481	5.66585	0.00300881	0.00587662
2.71	11.5414	5.68024	0.00300705	0.00589155
2.72	11.5346	5.69462	0.0030053	0.00590646
2.73	11.5279	5.70899	0.00300354	0.00592137
2.74	11.5212	5.72336	0.00300179	0.00593627
2.75	11.5145	5.73771	0.00300004	0.00595116
2.76	11.5077	5.75206	0.00299829	0.00596604
2.77	11.501	5.7664	0.00299654	0.00598091
2.78	11.4943	5.78073	0.00299479	0.00599578
2.79	11.4876	5.79505	0.00299304	0.00601063
2.8	11.4809	5.80937	0.00299129	0.00602548
2.81	11.4742	5.82367	0.00298955	0.00604032
2.82	11.4675	5.83797	0.0029878	0.00605515
2.83	11.4608	5.85226	0.00298606	0.00606997
2.84	11.4541	5.86654	0.00298432	0.00608478
2.85	11.4474	5.88081	0.00298258	0.00609958
2.86	11.4408	5.89508	0.00298084	0.00611438
2.87	11.4341	5.90933	0.0029791	0.00612916
2.88	11.4274	5.92358	0.00297736	0.00614394
2.89	11.4207	5.93782	0.00297562	0.00615871
2.9	11.4141	5.95205	0.00297388	0.00617347
2.91	11.4074	5.96627	0.00297215	0.00618822
2.92	11.4008	5.98048	0.00297041	0.00620296
2.93	11.3941	5.99469	0.00296868	0.0062177
2.94	11.3875	6.00889	0.0016483	0.00623242
2.95	11.3838	6.01677	0.00164776	0.0062406
2.96	11.3801	6.02465	0.00164721	0.00624877
2.97	11.3764	6.03253	0.00164665	0.00625694
2.98	11.3727	6.0404	0.00164609	0.00626511
2.99	11.369	6.04828	0.00164553	0.00627327
3	11.3653	6.05614	0.00164496	0.00628144
3.01	11.3616	6.06401	0.00164438	0.0062896
3.02	11.358	6.07188	0.0016438	0.00629775
3.03	11.3543	6.07974	0.00164322	0.00630591
3.04	11.3506	6.0876	0.00164263	0.00631406
3.05	11.3469	6.09545	0.00164203	0.00632221
3.06	11.3432	6.1033	0.00164143	0.00633035
3.07	11.3396	6.11115	0.00164083	0.00633849
3.08	11.3359	6.119	0.00164021	0.00634663
3.09	11.3322	6.12685	0.0016396	0.00635477
3.1	11.3285	6.13469	0.00163898	0.0063629
3.11	11.3249	6.14252	0.00163835	0.00637103
3.12	11.3212	6.15036	0.00163772	0.00637916
3.13	11.3175	6.15819	0.00163708	0.00638728
3.14	11.3139	6.16602	0.00163644	0.0063954
3.15	11.3102	6.17385	0.00163579	0.00640352
3.16	11.3065	6.18167	0.00163514	0.00641163
3.17	11.3029	6.18949	0.00163448	0.00641974
3.18	11.2992	6.19731	0.00163382	0.00642785
3.19	11.2956	6.20512	0.00163315	0.00643595
3.2	11.2919	6.21293	0.00163248	0.00644406
3.21	11.2882	6.22074	0.0016318	0.00645215
3.22	11.2846	6.22854	0.00163111	0.00646025
3.23	11.2809	6.23634	0.00163042	0.00646834
3.24	11.2773	6.24414	0.00162973	0.00647643
3.25	11.2736	6.25193	0.00162903	0.00648451
3.26	11.27	6.25973	0.00162833	0.00649259
3.27	11.2663	6.26751	0.00162762	0.00650067
3.28	11.2627	6.2753	0.0016269	0.00650874
3.29	11.259	6.28308	0.00162618	0.00651681
3.3	11.2554	6.29085	0.00162546	0.00652488
3.31	11.2518	6.29863	0.00162473	0.00653294
3.32	11.2481	6.3064	0.00162399	0.006541
3.33	11.2445	6.31416	0.00162325	0.00654905
3.34	11.2408	6.32193	0.00162251	0.00655711
3.35	11.2372	6.32969	0.00162175	0.00656515
3.36	11.2336	6.33744	0.001621	0.0065732
3.37	11.2299	6.3452	0.00162024	0.00658124
3.38	11.2263	6.35294	0.00161947	0.00658928
3.39	11.2227	6.36069	0.0016187	0.00659731
3.4	11.2191	6.36843	0.00161792	0.00660534
3.41	11.2154	6.37617	0.00161714	0.00661336
3.42	11.2118	6.3839	0.00161635	0.00662139
3.43	11.2082	6.39163	0.00161556	0.0066294
3.44	11.2046	6.39936	0.00161476	0.00663742
3.45	11.201	6.40708	0.00161396	0.00664543
3.46	11.1974	6.4148	0.00161315	0.00665343
3.47	11.1937	6.42251	0.00161234	0.00666143
3.48	11.1901	6.43022	0.00161152	0.00666943
3.49	11.1865	6.43793	0.0016107	0.00667743
3.5	11.1829	6.44563	0.00160987	0.00668542
3.51	11.1793	6.45333	0.00160904	0.0066934
3.52	11.1757	6.46103	0.0016082	0.00670138
3.53	11.1721	6.46872	0.00160736	0.00670936
3.54	11.1685	6.47641	0.00160651	0.00671733
3.55	11.1649	6.48409	0.00160566	0.0067253
3.56	11.1613	6.49177	0.0016048	0.00673327
3.57	11.1577	6.49944	0.00160393	0.00674123
3.58	11.1541	6.50711	0.00160306	0.00674918
3.59	11.1505	6.51478	0.00160219	0.00675713
3.6	11.1469	6.52244	0.00160131	0.00676508
3.61	11.1434	6.5301	0.00160043	0.00677302
3.62	11.1398	6.53775	0.00159954	0.00678096
3.63	11.1362	6.5454	0.00159864	0.0067889
3.64	11.1326	6.55305	0.00159774	0.00679683
3.65	11.129	6.56069	0.00159684	0.00680475
3.66	11.1254	6.56833	0.00159593	0.00681267
3.67	11.1219	6.57596	0.00159501	0.00682059
3.68	11.1183	6.58359	0.00159409	0.0068285
3.69	11.1147	6.59121	0.00159317	0.00683641
3.7	11.1112	6.59883	0.00159224	0.00684431
3.71	11.1076	6.60645	0.0015913	0.00685221
3.72	11.104	6.61406	0.00159036	0.0068601
3.73	11.1005	6.62166	0.00158942	0.00686799
3.74	11.0969	6.62926	0.00158846	0.00687587
3.75	11.0934	6.63686	0.00158751	0.00688375
3.76	11.0898	6.64445	0.00158655	0.00689163
3.77	11.0862	6.65204	0.00158558	0.0068995
3.78	11.0827	6.65962	0.00158461	0.00690736
3.79	11.0791	6.6672	0.00158363	0.00691522
3.8	11.0756	6.67477	0.00158265	0.00692308
3.81	11.0721	6.68234	0.00158167	0.00693093
3.82	11.0685	6.68991	0.00158068	0.00693878
3.83	11.065	6.69747	0.00157968	0.00694662
3.84	11.0614	6.70502	0.00157868	0.00695445
3.85	11.0579	6.71257	0.00157767	0.00696228
3.86	11.0544	6.72012	0.00157666	0.00697011
3.87	11.0508	6.72766	0.00157564	0.00697793
3.88	11.0473	6.73519	0.00157462	0.00698574
3.89	11.0438	6.74272	0.0015736	0.00699356
3.9	11.0402	6.75025	0.00157256	0.00700136
3.91	11.0367	6.75777	0.00157153	0.00700916
3.92	11.0332	6.76528	0.00157049	0.00701696
3.93	11.0297	6.77279	0.00156944	0.00702475
3.94	11.0262	6.7803	0.00156839	0.00703253
3.95	11.0227	6.7878	0.00156733	0.00704031
3.96	11.0192	6.7953	0.00156627	0.00704809
3.97	11.0156	6.80279	0.0015652	0.00705585
3.98	11.0121	6.81027	0.00156413	0.00706362
3.99	11.0086	6.81775	0.00156305	0.00707138
4	11.0051	6.82523	0.00156197	0.00707913
4.01	11.0016	6.8327	0.00156088	0.00708688
4.02	10.9981	6.84016	0.00155979	0.00709462
4.03	10.9946	6.84762	0.00155869	0.00710236
4.04	10.9912	6.85508	0.00155759	0.00711009
4.05	10.9877	6.86253	0.00155648	0.00711782
4.06	10.9842	6.86997	0.00155537	0.00712554
4.07	10.9807	6.87741	0.00155426	0.00713325
4.08	10.9772	6.88484	0.00155313	0.00714096
4.09	10.9737	6.89227	0.00155201	0.00714866
4.1	10.9703	6.89969	0.00155087	0.00715636
4.11	10.9668	6.90711	0.00154974	0.00716406
4.12	10.9633	6.91452	0.00154859	0.00717174
4.13	10.9598	6.92193	0.00154745	0.00717942
4.14	10.9564	6.92933	0.0015463	0.0071871
4.15	10.9529	6.93672	0.00154514	0.00719477
4.16	10.9495	6.94411	0.00154398	0.00720244
4.17	10.946	6.95149	0.00154281	0.00721009
4.18	10.9425	6.95887	0.00154164	0.00721775
4.19	10.9391	6.96625	0.00154046	0.00722539
4.2	10.9356	6.97361	0.00153928	0.00723303
4.21	10.9322	6.98097	0.00153809	0.00724067
4.22	10.9287	6.98833	0.0015369	0.0072483
4.23	10.9253	6.99568	0.0015357	0.00725592
4.24	10.9219	7.00302	0.0015345	0.00726354
4.25	10.9184	7.01036	0.0015333	0.00727115
4.26	10.915	7.0177	0.00153208	0.00727876
4.27	10.9116	7.02502	0.00153087	0.00728636
4.28	10.9081	7.03234	0.00152965	0.00729395
4.29	10.9047	7.03966	0.00152842	0.00730154
4.3	10.9013	7.04697	0.00152719	0.00730912
4.31	10.8979	7.05427	0.00152595	0.0073167
4.32	10.8944	7.06157	0.00152471	0.00732426
4.33	10.891	7.06886	0.00152347	0.00733183
4.34	10.8876	7.07615	0.00152221	0.00733938
4.35	10.8842	7.08343	0.00152096	0.00734694
4.36	10.8808	7.0907	0.0015197	0.00735448
4.37	10.8774	7.09797	0.00151843	0.00736202
4.38	10.874	7.10523	0.00151716	0.00736955
4.39	10.8706	7.11249	0.00151589	0.00737708
4.4	10.8672	7.11974	0.00151461	0.00738459
4.41	10.8638	7.12698	0.00151332	0.00739211
4.42	10.8604	7.13422	0.00151203	0.00739961
4.43	10.857	7.14145	0.00151074	0.00740711
4.44	10.8537	7.14867	0.00150944	0.00741461
4.45	10.8503	7.15589	0.00150813	0.0074221
4.46	10.8469	7.1631	0.00150682	0.00742958
4.47	10.8435	7.17031	0.00150551	0.00743705
4.48	10.8401	7.17751	0.00150419	0.00744452
4.49	10.8368	7.1847	0.00150286	0.00745198
4.5	10.8334	7.19189	0.00150153	0.00745943
4.51	10.83	7.19907	0.0015002	0.00746688
4.52	10.8267	7.20625	0.00149886	0.00747432
4.53	10.8233	7.21342	0.00149752	0.00748176
4.54	10.82	7.22058	0.00149617	0.00748919
4.55	10.8166	7.22773	0.00149482	0.00749661
4.56	10.8133	7.23488	0.00149346	0.00750402
4.57	10.8099	7.24202	0.0014921	0.00751143
4.58	10.8066	7.24916	0.00149073	0.00751883
4.59	10.8033	7.25629	0.00148936	0.00752623
4.6	10.7999	7.26341	0.00148798	0.00753361
4.61	10.7966	7.27053	0.0014866	0.007541
4.62	10.7933	7.27764	0.00148521	0.00754837
4.63	10.7899	7.28474	0.00148382	0.00755574
4.64	10.7866	7.29184	0.00148242	0.0075631
4.65	10.7833	7.29893	0.00148102	0.00757045
4.66	10.78	7.30601	0.00147961	0.0075778
4.67	10.7767	7.31308	0.0014782	0.00758514
4.68	10.7733	7.32015	0.00147679	0.00759247
4.69	10.77	7.32722	0.00147537	0.00759979
4.7	10.7667	7.33427	0.00147394	0.00760711
4.71	10.7634	7.34132	0.00147251	0.00761442
4.72	10.7601	7.34836	0.00147108	0.00762173
4.73	10.7568	7.3554	0.00146964	0.00762902
4.74	10.7535	7.36243	0.00146819	0.00763631
4.75	10.7503	7.36945	0.00146674	0.0076436
4.76	10.747	7.37646	0.00146529	0.00765087
4.77	10.7437	7.38347	0.00146383	0.00765814
4.78	10.7404	7.39047	0.00146237	0.0076654
4.79	10.7371	7.39747	0.0014609	0.00767266
4.8	10.7339	7.40445	0.00145942	0.0076799
4.81	10.7306	7.41143	0.00145795	0.00768714
4.82	10.7273	7.4184	0.00145646	0.00769437
4.83	10.7241	7.42537	0.00145498	0.0077016
4.84	10.7208	7.43233	0.00145349	0.00770881
4.85	10.7175	7.43928	0.00145199	0.00771602
4.86	10.7143	7.44622	0.00145049	0.00772323
4.87	10.711	7.45316	0.00144898	0.00773042
4.88	10.7078	7.46009	0.00144747	0.00773761
4.89	10.7046	7.46701	0.00144596	0.00774479
4.9	10.7013	7.47393	0.00144444	0.00775196
4.91	10.6981	7.48083	0.00144291	0.00775913
4.92	10.6949	7.48774	0.00144138	0.00776628
4.93	10.6916	7.49463	0.00143985	0.00777343
4.94	10.6884	7.50151	0.00143831	0.00778057
4.95	10.6852	7.50839	0.00143677	0.00778771
4.96	10.682	7.51526	0.00143522	0.00779484
4.97	10.6787	7.52213	0.00143367	0.00780196
4.98	10.6755	7.52898	0.00143211	0.00780907
4.99	10.6723	7.53583	0.00143055	0.00781617
5	10.6691	7.54268	0.00142898	0.00782327
5.01	10.6659	7.54951	0.00142741	0.00783035
5.02	10.6627	7.55634	0.00142583	0.00783744
5.03	10.6595	7.56315	0.00142425	0.00784451
5.04	10.6563	7.56997	0.00142267	0.00785157
5.05	10.6532	7.57677	0.00142108	0.00785863
5.06	10.65	7.58357	0.00141948	0.00786568
5.07	10.6468	7.59035	0.00141788	0.00787272
5.08	10.6436	7.59714	0.00141628	0.00787975
5.09	10.6404	7.60391	0.00141467	0.00788678
5.1	10.6373	7.61067	0.00141306	0.00789379
5.11	10.6341	7.61743	0.00141144	0.0079008
5.12	10.631	7.62418	0.00140982	0.00790781
5.13	10.6278	7.63092	0.00140819	0.0079148
5.14	10.6246	7.63766	0.00140656	0.00792178
5.15	10.6215	7.64439	0.00140493	0.00792876
5.16	10.6183	7.6511	0.00140329	0.00793573
5.17	10.6152	7.65782	0.00140164	0.00794269
5.18	10.6121	7.66452	0.00139999	0.00794964
5.19	10.6089	7.67121	0.00139834	0.00795659
5.2	10.6058	7.6779	0.00139668	0.00796352
5.21	10.6027	7.68458	0.00139502	0.00797045
5.22	10.5995	7.69125	0.00139335	0.00797737
5.23	10.5964	7.69792	0.00139168	0.00798428
5.24	10.5933	7.70457	0.00139	0.00799119
5.25	10.5902	7.71122	0.00138832	0.00799808
5.26	10.5871	7.71786	0.00138663	0.00800497
5.27	10.584	7.72449	0.00138494	0.00801185
5.28	10.5809	7.73111	0.00138325	0.00801871
5.29	10.5778	7.73773	0.00138155	0.00802558
5.3	10.5747	7.74434	0.00137984	0.00803243
5.31	10.5716	7.75093	0.00137814	0.00803927
5.32	10.5685	7.75753	0.00137642	0.00804611
5.33	10.5654	7.76411	0.00137471	0.00805294
5.34	10.5623	7.77068	0.00137299	0.00805976
5.35	10.5593	7.77725	0.00137126	0.00806657
5.36	10.5562	7.78381	0.00136953	0.00807337
5.37	10.5531	7.79036	0.00136779	0.00808016
5.38	10.5501	7.7969	0.00136605	0.00808695
5.39	10.547	7.80343	0.00136431	0.00809372
5.4	10.5439	7.80996	0.00136256	0.00810049
5.41	10.5409	7.81647	0.00136081	0.00810725
5.42	10.5378	7.82298	0.00135905	0.008114
5.43	10.5348	7.82948	0.00135729	0.00812074
5.44	10.5318	7.83597	0.00135552	0.00812747
5.45	10.5287	7.84245	0.00135375	0.0081342
5.46	10.5257	7.84893	0.00135198	0.00814091
5.47	10.5227	7.85539	0.0013502	0.00814762
5.48	10.5196	7.86185	0.00134842	0.00815432
5.49	10.5166	7.8683	0.00134663	0.008161
5.5	10.5136	7.87474	0.00134483	0.00816768
5.51	10.5106	7.88117	0.00134304	0.00817435
5.52	10.5076	7.88759	0.00134124	0.00818102
5.53	10.5046	7.89401	0.00133943	0.00818767
5.54	10.5016	7.90041	0.00133762	0.00819431
5.55	10.4986	7.90681	0.00133581	0.00820095
5.56	10.4956	7.9132	0.00133399	0.00820757
5.57	10.4926	7.91958	0.00133216	0.00821419
5.58	10.4896	7.92595	0.00133034	0.0082208
5.59	10.4866	7.93231	0.00132851	0.0082274
5.6	10.4837	7.93867	0.00132667	0.00823399
5.61	10.4807	7.94501	0.00132483	0.00824057
5.62	10.4777	7.95135	0.00132298	0.00824714
5.63	10.4748	7.95767	0.00132114	0.0082537
5.64	10.4718	7.96399	0.00131928	0.00826026
5.65	10.4689	7.9703	0.00131742	0.0082668
5.66	10.4659	7.9766	0.00131556	0.00827333
5.67	10.463	7.98289	0.0013137	0.00827986
5.68	10.46	7.98918	0.00131183	0.00828638
5.69	10.4571	7.99545	0.00130995	0.00829288
5.7	10.4541	8.00171	0.00130807	0.00829938
5.71	10.4512	8.00797	0.00130619	0.00830587
5.72	10.4483	8.01422	0.0013043	0.00831235
5.73	10.4454	8.02045	0.00130241	0.00831882
5.74	10.4424	8.02668	0.00130051	0.00832528
5.75	10.4395	8.0329	0.00129861	0.00833173
5.76	10.4366	8.03911	0.00129671	0.00833817
5.77	10.4337	8.04531	0.0012948	0.0083446
5.78	10.4308	8.05151	0.00129289	0.00835103
5.79	10.4279	8.05769	0.00129097	0.00835744
5.8	10.425	8.06386	0.00128905	0.00836384
5.81	10.4221	8.07003	0.00128712	0.00837024
5.82	10.4193	8.07618	0.00128519	0.00837662
5.83	10.4164	8.08233	0.00128326	0.008383
5.84	10.4135	8.08847	0.00128132	0.00838936
5.85	10.4106	8.09459	0.00127938	0.00839572
5.86	10.4078	8.10071	0.00127743	0.00840206
5.87	10.4049	8.10682	0.00127548	0.0084084
5.88	10.4021	8.11292	0.00127352	0.00841473
5.89	10.3992	8.11901	0.00127156	0.00842104
5.9	10.3964	8.12509	0.0012696	0.00842735
5.91	10.3935	8.13117	0.00126763	0.00843365
5.92	10.3907	8.13723	0.00126566	0.00843994
5.93	10.3878	8.14328	0.00126369	0.00844622
5.94	10.385	8.14932	0.00126171	0.00845248
5.95	10.3822	8.15536	0.00125972	0.00845874
5.96	10.3794	8.16138	0.00125773	0.00846499
5.97	10.3765	8.1674	0.00125574	0.00847123
5.98	10.3737	8.1734	0.00125375	0.00847746
5.99	10.3709	8.1794	0.00125175	0.00848368
6	10.3681	8.18539	0.00124974	0.00848989
6.01	10.3653	8.19136	0.00124773	0.00849609
6.02	10.3625	8.19733	0.00124572	0.00850227
6.03	10.3597	8.20329	0.0012437	0.00850845
6.04	10.357	8.20923	0.00124168	0.00851462
6.05	10.3542	8.21517	0.00123966	0.00852078
6.06	10.3514	8.2211	0.00123763	0.00852693
6.07	10.3486	8.22702	0.0012356	0.00853307
6.08	10.3459	8.23293	0.00123356	0.0085392
6.09	10.3431	8.23883	0.00123152	0.00854532
6.1	10.3403	8.24472	0.00122947	0.00855143
6.11	10.3376	8.2506	0.00122742	0.00855753
6.12	10.3348	8.25647	0.00122537	0.00856361
6.13	10.3321	8.26233	0.00122331	0.00856969
6.14	10.3293	8.26818	0.00122125	0.00857576
6.15	10.3266	8.27402	0.00121919	0.00858182
6.16	10.3239	8.27985	0.00121712	0.00858787
6.17	10.3212	8.28567	0.00121504	0.0085939
6.18	10.3184	8.29148	0.00121297	0.00859993
6.19	10.3157	8.29728	0.00121089	0.00860595
6.2	10.313	8.30307	0.0012088	0.00861195
6.21	10.3103	8.30885	0.00120671	0.00861795
6.22	10.3076	8.31463	0.00120462	0.00862393
6.23	10.3049	8.32039	0.00120252	0.00862991
6.24	10.3022	8.32614	0.00120042	0.00863587
6.25	10.2995	8.33188	0.00119832	0.00864183
6.26	10.2968	8.33761	0.00119621	0.00864777
6.27	10.2941	8.34333	0.0011941	0.00865371
6.28	10.2915	8.34904	0.00119198	0.00865963
6.29	10.2888	8.35474	0.00118986	0.00866554
6.3	10.2861	8.36043	0.00118774	0.00867144
6.31	10.2835	8.36611	0.00118561	0.00867734
6.32	10.2808	8.37178	0.00118348	0.00868322
6.33	10.2782	8.37744	0.00118134	0.00868909
6.34	10.2755	8.38309	0.0011792	0.00869495
6.35	10.2729	8.38873	0.00117706	0.0087008
6.36	10.2703	8.39436	0.00117491	0.00870663
6.37	10.2676	8.39998	0.00117276	0.00871246
6.38	10.265	8.40559	0.0011706	0.00871828
6.39	10.2624	8.41119	0.00116844	0.00872409
6.4	10.2598	8.41677	0.00116628	0.00872988
6.41	10.2571	8.42235	0.00116411	0.00873567
6.42	10.2545	8.42792	0.00116194	0.00874144
6.43	10.2519	8.43348	0.00115977	0.00874721
6.44	10.2493	8.43902	0.00115759	0.00875296
6.45	10.2467	8.44456	0.00115541	0.0087587
6.46	10.2442	8.45008	0.00115322	0.00876443
6.47	10.2416	8.4556	0.00115103	0.00877015
6.48	10.239	8.4611	0.00114884	0.00877586
6.49	10.2364	8.4666	0.00114664	0.00878156
6.5	10.2339	8.47208	0.00114444	0.00878725
6.51	10.2313	8.47755	0.00114224	0.00879292
6.52	10.2287	8.48302	0.00114003	0.00879859
6.53	10.2262	8.48847	0.00113782	0.00880425
6.54	10.2236	8.49391	0.0011356	0.00880989
6.55	10.2211	8.49934	0.00113338	0.00881552
6.56	10.2185	8.50476	0.00113116	0.00882114
6.57	10.216	8.51017	0.00112893	0.00882676
6.58	10.2135	8.51557	0.0011267	0.00883235
6.59	10.211	8.52096	0.00112447	0.00883794
6.6	10.2084	8.52634	0.00112223	0.00884352
6.61	10.2059	8.5317	0.00111999	0.00884909
6.62	10.2034	8.53706	0.00111774	0.00885464
6.63	10.2009	8.54241	0.0011155	0.00886019
6.64	10.1984	8.54774	0.00111324	0.00886572
6.65	10.1959	8.55306	0.00111099	0.00887124
6.66	10.1934	8.55838	0.00110873	0.00887675
6.67	10.191	8.56368	0.00110646	0.00888225
6.68	10.1885	8.56897	0.0011042	0.00888774
6.69	10.186	8.57425	0.00110193	0.00889322
6.7	10.1835	8.57952	0.00109965	0.00889869
6.71	10.1811	8.58478	0.00109737	0.00890414
6.72	10.1786	8.59003	0.00109509	0.00890958
6.73	10.1762	8.59527	0.00109281	0.00891502
6.74	10.1737	8.60049	0.00109052	0.00892044
6.75	10.1713	8.60571	0.00108823	0.00892585
6.76	10.1688	8.61091	0.00108593	0.00893124
6.77	10.1664	8.61611	0.00108363	0.00893663
6.78	10.164	8.62129	0.00108133	0.008942
6.79	10.1615	8.62646	0.00107902	0.00894737
6.8	10.1591	8.63162	0.00107671	0.00895272
6.81	10.1567	8.63677	0.0010744	0.00895806
6.82	10.1543	8.64191	0.00107208	0.00896339
6.83	10.1519	8.64703	0.00106976	0.00896871
6.84	10.1495	8.65215	0.00106744	0.00897402
6.85	10.1471	8.65726	0.00106511	0.00897931
6.86	10.1447	8.66235	0.00106278	0.00898459
6.87	10.1424	8.66743	0.00106044	0.00898986
6.88	10.14	8.6725	0.0010581	0.00899513
6.89	10.1376	8.67756	0.00105576	0.00900037
6.9	10.1353	8.68261	0.00105342	0.00900561
6.91	10.1329	8.68765	0.00105107	0.00901084
6.92	10.1305	8.69268	0.00104872	0.00901605
6.93	10.1282	8.69769	0.00104636	0.00902125
6.94	10.1258	8.7027	0.001044	0.00902644
6.95	10.1235	8.70769	0.00104164	0.00903162
6.96	10.1212	8.71267	0.00103927	0.00903679
6.97	10.1188	8.71764	0.00103691	0.00904194
6.98	10.1165	8.7226	0.00103453	0.00904709
6.99	10.1142	8.72755	0.00103216	0.00905222
7	10.1119	8.73248	0.00102978	0.00905734
7.01	10.1096	8.73741	0.0010274	0.00906245
7.02	10.1073	8.74232	0.00102501	0.00906754
7.03	10.105	8.74722	0.00102262	0.00907263
7.04	10.1027	8.75211	0.00102023	0.0090777
7.05	10.1004	8.75699	0.00101783	0.00908276
7.06	10.0981	8.76186	0.00101543	0.00908781
7.07	10.0959	8.76672	0.00101303	0.00909284
7.08	10.0936	8.77156	0.00101062	0.00909787
7.09	10.0913	8.7764	0.00100821	0.00910288
7.1	10.0891	8.78122	0.0010058	0.00910788
7.11	10.0868	8.78603	0.00100338	0.00911287
7.12	10.0846	8.79083	0.00100096	0.00911785
7.13	10.0823	8.79561	0.000998542	0.00912281
7.14	10.0801	8.80039	0.000996116	0.00912777
7.15	10.0779	8.80515	0.000993687	0.00913271
7.16	10.0756	8.8099	0.000991255	0.00913764
7.17	10.0734	8.81465	0.000988819	0.00914255
7.18	10.0712	8.81937	0.00098638	0.00914746
7.19	10.069	8.82409	0.000983938	0.00915235
7.2	10.0668	8.8288	0.000981492	0.00915723
7.21	10.0646	8.83349	0.000979044	0.0091621
7.22	10.0624	8.83817	0.000976592	0.00916696
7.23	10.0602	8.84284	0.000974137	0.0091718
7.24	10.058	8.8475	0.000971678	0.00917663
7.25	10.0559	8.85215	0.000969217	0.00918145
7.26	10.0537	8.85678	0.000966752	0.00918626
7.27	10.0515	8.86141	0.000964284	0.00919106
7.28	10.0494	8.86602	0.000961813	0.00919584
7.29	10.0472	8.87062	0.000959339	0.00920061
7.3	10.0451	8.87521	0.000956862	0.00920537
7.31	10.0429	8.87978	0.000954381	0.00921012
7.32	10.0408	8.88435	0.000951897	0.00921485
7.33	10.0386	8.8889	0.000949411	0.00921957
7.34	10.0365	8.89344	0.000946921	0.00922428
7.35	10.0344	8.89797	0.000944428	0.00922898
7.36	10.0323	8.90249	0.000941932	0.00923366
7.37	10.0302	8.90699	0.000939432	0.00923834
7.38	10.0281	8.91148	0.00093693	0.009243
7.39	10.026	8.91596	0.000934425	0.00924764
7.4	10.0239	8.92043	0.000931916	0.00925228
7.41	10.0218	8.92489	0.000929405	0.0092569
7.42	10.0197	8.92933	0.00092689	0.00926151
7.43	10.0176	8.93377	0.000924372	0.00926611
7.44	10.0156	8.93819	0.000921852	0.00927069
7.45	10.0135	8.9426	0.000919328	0.00927527
7.46	10.0114	8.94699	0.000916801	0.00927983
7.47	10.0094	8.95138	0.000914271	0.00928437
7.48	10.0073	8.95575	0.000911738	0.00928891
7.49	10.0053	8.96011	0.000909203	0.00929343
7.5	10.0033	8.96446	0.000906664	0.00929794
7.51	10.0012	8.96879	0.000904122	0.00930244
7.52	9.9992	8.97312	0.000901577	0.00930692
7.53	9.99718	8.97743	0.00089903	0.0093114
7.54	9.99516	8.98173	0.000896479	0.00931585
7.55	9.99316	8.98602	0.000893925	0.0093203
7.56	9.99115	8.99029	0.000891369	0.00932474
7.57	9.98916	8.99456	0.000888809	0.00932916
7.58	9.98717	8.99881	0.000886247	0.00933357
7.59	9.98518	9.00304	0.000883681	0.00933796
7.6	9.9832	9.00727	0.000881113	0.00934235
7.61	9.98123	9.01148	0.000878542	0.00934672
7.62	9.97926	9.01569	0.000875968	0.00935107
7.63	9.9773	9.01987	0.000873391	0.00935542
7.64	9.97534	9.02405	0.000870811	0.00935975
7.65	9.97339	9.02822	0.000868228	0.00936407
7.66	9.97145	9.03237	0.000865643	0.00936838
7.67	9.96951	9.03651	0.000863055	0.00937267
7.68	9.96758	9.04064	0.000860463	0.00937695
7.69	9.96565	9.04475	0.000857869	0.00938122
7.7	9.96373	9.04885	0.000855272	0.00938548
7.71	9.96181	9.05294	0.000852672	0.00938972
7.72	9.9599	9.05702	0.00085007	0.00939395
7.73	9.958	9.06109	0.000847465	0.00939816
7.74	9.9561	9.06514	0.000844856	0.00940237
7.75	9.95421	9.06918	0.000842245	0.00940656
7.76	9.95232	9.07321	0.000839632	0.00941074
7.77	9.95044	9.07722	0.000837015	0.0094149
7.78	9.94856	9.08123	0.000834396	0.00941905
7.79	9.9467	9.08522	0.000831774	0.00942319
7.8	9.94483	9.0892	0.000829149	0.00942732
7.81	9.94298	9.09316	0.000826522	0.00943143
7.82	9.94112	9.09711	0.000823891	0.00943553
7.83	9.93928	9.10105	0.000821259	0.00943962
7.84	9.93744	9.10498	0.000818623	0.00944369
7.85	9.93561	9.1089	0.000815985	0.00944775
7.86	9.93378	9.1128	0.000813344	0.0094518
7.87	9.93196	9.11669	0.0008107	0.00945583
7.88	9.93014	9.12057	0.000808053	0.00945986
7.89	9.92833	9.12443	0.000805404	0.00946386
7.9	9.92653	9.12828	0.000802753	0.00946786
7.91	9.92473	9.13212	0.000800098	0.00947184
7.92	9.92294	9.13595	0.000797441	0.00947581
7.93	9.92115	9.13976	0.000794781	0.00947976
7.94	9.91937	9.14356	0.000792119	0.00948371
7.95	9.9176	9.14735	0.000789454	0.00948764
7.96	9.91583	9.15113	0.000786787	0.00949155
7.97	9.91407	9.15489	0.000784117	0.00949545
7.98	9.91231	9.15864	0.000781444	0.00949934
7.99	9.91056	9.16238	0.000778769	0.00950322
8	9.90882	9.1661	0.000776091	0.00950708
8.01	9.90708	9.16981	0.00077341	0.00951093
8.02	9.90535	9.17351	0.000770727	0.00951477
8.03	9.90362	9.1772	0.000768042	0.00951859
8.04	9.9019	9.18087	0.000765354	0.0095224
8.05	9.90018	9.18453	0.000762663	0.0095262
8.06	9.89848	9.18818	0.00075997	0.00952998
8.07	9.89677	9.19181	0.000757274	0.00953375
8.08	9.89508	9.19543	0.000754576	0.00953751
8.09	9.89339	9.19904	0.000751876	0.00954125
8.1	9.8917	9.20264	0.000749172	0.00954498
8.11	9.89003	9.20622	0.000746467	0.0095487
8.12	9.88835	9.20979	0.000743759	0.0095524
8.13	9.88669	9.21335	0.000741048	0.00955609
8.14	9.88503	9.21689	0.000738335	0.00955976
8.15	9.88337	9.22042	0.00073562	0.00956343
8.16	9.88173	9.22394	0.000732902	0.00956708
8.17	9.88009	9.22745	0.000730182	0.00957071
8.18	9.87845	9.23094	0.000727459	0.00957433
8.19	9.87682	9.23442	0.000724734	0.00957794
8.2	9.8752	9.23788	0.000722006	0.00958154
8.21	9.87358	9.24134	0.000719276	0.00958512
8.22	9.87197	9.24477	0.000716544	0.00958869
8.23	9.87036	9.2482	0.000713809	0.00959224
8.24	9.86877	9.25162	0.000711072	0.00959578
8.25	9.86717	9.25502	0.000708333	0.00959931
8.26	9.86559	9.2584	0.000705591	0.00960282
8.27	9.86401	9.26178	0.000702847	0.00960632
8.28	9.86243	9.26514	0.0007001	0.00960981
8.29	9.86086	9.26849	0.000697352	0.00961328
8.3	9.8593	9.27182	0.000694601	0.00961674
8.31	9.85775	9.27514	0.000691847	0.00962018
8.32	9.8562	9.27845	0.000689091	0.00962362
8.33	9.85465	9.28175	0.000686334	0.00962703
8.34	9.85312	9.28503	0.000683573	0.00963044
8.35	9.85158	9.2883	0.000680811	0.00963383
8.36	9.85006	9.29156	0.000678046	0.00963721
8.37	9.84854	9.2948	0.000675279	0.00964057
8.38	9.84703	9.29803	0.00067251	0.00964392
8.39	9.84552	9.30124	0.000669738	0.00964726
8.4	9.84402	9.30445	0.000666964	0.00965058
8.41	9.84253	9.30764	0.000664188	0.00965389
8.42	9.84104	9.31081	0.00066141	0.00965718
8.43	9.83956	9.31398	0.00065863	0.00966046
8.44	9.83808	9.31713	0.000655847	0.00966373
8.45	9.83662	9.32026	0.000653063	0.00966698
8.46	9.83515	9.32339	0.000650276	0.00967022
8.47	9.8337	9.3265	0.000647487	0.00967345
8.48	9.83225	9.32959	0.000644695	0.00967666
8.49	9.8308	9.33268	0.000641902	0.00967986
8.5	9.82936	9.33575	0.000639107	0.00968304
8.51	9.82793	9.3388	0.000636309	0.00968621
8.52	9.82651	9.34185	0.000633509	0.00968937
8.53	9.82509	9.34487	0.000630707	0.00969251
8.54	9.82368	9.34789	0.000627903	0.00969564
8.55	9.82227	9.35089	0.000625097	0.00969875
8.56	9.82087	9.35388	0.000622289	0.00970185
8.57	9.81948	9.35686	0.000619479	0.00970494
8.58	9.81809	9.35982	0.000616666	0.00970801
8.59	9.81671	9.36277	0.000613852	0.00971107
8.6	9.81533	9.36571	0.000611036	0.00971412
8.61	9.81396	9.36863	0.000608217	0.00971715
8.62	9.8126	9.37154	0.000605397	0.00972016
8.63	9.81125	9.37443	0.000602574	0.00972317
8.64	9.8099	9.37731	0.00059975	0.00972616
8.65	9.80855	9.38018	0.000596923	0.00972913
8.66	9.80722	9.38304	0.000594095	0.00973209
8.67	9.80589	9.38588	0.000591264	0.00973504
8.68	9.80456	9.38871	0.000588432	0.00973797
8.69	9.80324	9.39152	0.000585597	0.00974089
8.7	9.80193	9.39432	0.000582761	0.0097438
8.71	9.80063	9.39711	0.000579922	0.00974669
8.72	9.79933	9.39988	0.000577082	0.00974956
8.73	9.79803	9.40264	0.00057424	0.00975243
8.74	9.79675	9.40539	0.000571396	0.00975527
8.75	9.79547	9.40812	0.00056855	0.00975811
8.76	9.7942	9.41084	0.000565702	0.00976093
8.77	9.79293	9.41355	0.000562852	0.00976373
8.78	9.79167	9.41624	0.00056	0.00976653
8.79	9.79041	9.41892	0.000557146	0.0097693
8.8	9.78917	9.42158	0.000554291	0.00977207
8.81	9.78792	9.42423	0.000551433	0.00977482
8.82	9.78669	9.42687	0.000548574	0.00977755
8.83	9.78546	9.42949	0.000545713	0.00978027
8.84	9.78424	9.4321	0.00054285	0.00978298
8.85	9.78302	9.4347	0.000539985	0.00978567
8.86	9.78181	9.43728	0.000537119	0.00978835
8.87	9.78061	9.43985	0.00053425	0.00979102
8.88	9.77941	9.4424	0.00053138	0.00979367
8.89	9.77822	9.44494	0.000528508	0.0097963
8.9	9.77704	9.44747	0.000525634	0.00979892
8.91	9.77586	9.44999	0.000522759	0.00980153
8.92	9.77469	9.45249	0.000519881	0.00980412
8.93	9.77353	9.45497	0.000517002	0.0098067
8.94	9.77237	9.45744	0.000514121	0.00980927
8.95	9.77122	9.4599	0.000511239	0.00981182
8.96	9.77007	9.46235	0.000508354	0.00981435
8.97	9.76893	9.46478	0.000505468	0.00981687
8.98	9.7678	9.4672	0.000502581	0.00981938
8.99	9.76668	9.4696	0.000499691	0.00982187
9	9.76556	9.47199	0.0004968	0.00982435
9.01	9.76444	9.47437	0.000493907	0.00982682
9.02	9.76334	9.47673	0.000491013	0.00982927
9.03	9.76224	9.47908	0.000488117	0.0098317
9.04	9.76114	9.48141	0.000485219	0.00983412
9.05	9.76006	9.48373	0.000482319	0.00983653
9.06	9.75898	9.48604	0.000479418	0.00983892
9.07	9.7579	9.48833	0.000476515	0.0098413
9.08	9.75684	9.49061	0.000473611	0.00984367
9.09	9.75578	9.49287	0.000470705	0.00984601
9.1	9.75472	9.49513	0.000467797	0.00984835
9.11	9.75367	9.49736	0.000464888	0.00985067
9.12	9.75263	9.49959	0.000461977	0.00985298
9.13	9.7516	9.5018	0.000459065	0.00985527
9.14	9.75057	9.50399	0.000456151	0.00985754
9.15	9.74955	9.50617	0.000453236	0.00985981
9.16	9.74853	9.50834	0.000450319	0.00986206
9.17	9.74752	9.51049	0.0004474	0.00986429
9.18	9.74652	9.51263	0.00044448	0.00986651
9.19	9.74553	9.51476	0.000441558	0.00986871
9.2	9.74454	9.51687	0.000438635	0.0098709
9.21	9.74355	9.51897	0.00043571	0.00987308
9.22	9.74258	9.52105	0.000432784	0.00987524
9.23	9.74161	9.52312	0.000429856	0.00987739
9.24	9.74065	9.52518	0.000426927	0.00987952
9.25	9.73969	9.52722	0.000423996	0.00988164
9.26	9.73874	9.52925	0.000421064	0.00988374
9.27	9.7378	9.53126	0.00041813	0.00988583
9.28	9.73686	9.53326	0.000415195	0.0098879
9.29	9.73593	9.53525	0.000412259	0.00988996
9.3	9.73501	9.53722	0.000409321	0.00989201
9.31	9.73409	9.53918	0.000406382	0.00989404
9.32	9.73318	9.54112	0.000403441	0.00989605
9.33	9.73228	9.54305	0.000400499	0.00989805
9.34	9.73138	9.54496	0.000397555	0.00990004
9.35	9.73049	9.54686	0.00039461	0.00990201
9.36	9.72961	9.54875	0.000391664	0.00990397
9.37	9.72873	9.55063	0.000388716	0.00990591
9.38	9.72786	9.55248	0.000385767	0.00990784
9.39	9.72699	9.55433	0.000382816	0.00990975
9.4	9.72614	9.55616	0.000379864	0.00991165
9.41	9.72529	9.55798	0.000376911	0.00991354
9.42	9.72444	9.55978	0.000373957	0.00991541
9.43	9.7236	9.56157	0.000371001	0.00991726
9.44	9.72277	9.56334	0.000368043	0.0099191
9.45	9.72195	9.5651	0.000365085	0.00992093
9.46	9.72113	9.56685	0.000362125	0.00992274
9.47	9.72032	9.56858	0.000359164	0.00992454
9.48	9.71952	9.5703	0.000356202	0.00992632
9.49	9.71872	9.572	0.000353238	0.00992808
9.5	9.71793	9.57369	0.000350273	0.00992984
9.51	9.71714	9.57537	0.000347307	0.00993157
9.52	9.71636	9.57703	0.000344339	0.0099333
9.53	9.71559	9.57867	0.000341371	0.009935
9.54	9.71483	9.58031	0.000338401	0.0099367
9.55	9.71407	9.58192	0.00033543	0.00993838
9.56	9.71332	9.58353	0.000332457	0.00994004
9.57	9.71257	9.58512	0.000329483	0.00994169
9.58	9.71184	9.58669	0.000326509	0.00994332
9.59	9.7111	9.58826	0.000323533	0.00994494
9.6	9.71038	9.5898	0.000320555	0.00994655
9.61	9.70966	9.59134	0.000317577	0.00994814
9.62	9.70895	9.59285	0.000314597	0.00994971
9.63	9.70825	9.59436	0.000311616	0.00995127
9.64	9.70755	9.59585	0.000308634	0.00995282
9.65	9.70686	9.59733	0.000305651	0.00995435
9.66	9.70617	9.59879	0.000302667	0.00995587
9.67	9.70549	9.60023	0.000299682	0.00995737
9.68	9.70482	9.60167	0.000296695	0.00995885
9.69	9.70416	9.60309	0.000293707	0.00996033
9.7	9.7035	9.60449	0.000290718	0.00996178
9.71	9.70285	9.60588	0.000287728	0.00996323
9.72	9.70221	9.60726	0.000284737	0.00996465
9.73	9.70157	9.60862	0.000281745	0.00996606
9.74	9.70094	9.60997	0.000278752	0.00996746
9.75	9.70031	9.6113	0.000275757	0.00996885
9.76	9.69969	9.61262	0.000272762	0.00997021
9.77	9.69908	9.61392	0.000269765	0.00997157
9.78	9.69848	9.61521	0.000266768	0.0099729
9.79	9.69788	9.61649	0.000263769	0.00997423
9.8	9.69729	9.61775	0.000260769	0.00997554
9.81	9.69671	9.619	0.000257768	0.00997683
9.82	9.69613	9.62023	0.000254766	0.00997811
9.83	9.69556	9.62145	0.000251763	0.00997937
9.84	9.695	9.62265	0.000248759	0.00998062
9.85	9.69444	9.62384	0.000245754	0.00998185
9.86	9.69389	9.62502	0.000242748	0.00998307
9.87	9.69334	9.62618	0.000239741	0.00998428
9.88	9.69281	9.62733	0.000236733	0.00998547
9.89	9.69228	9.62846	0.000233724	0.00998664
9.9	9.69175	9.62957	0.000230713	0.0099878
9.91	9.69124	9.63068	0.000227702	0.00998894
9.92	9.69073	9.63177	0.00022469	0.00999007
9.93	9.69022	9.63284	0.000221676	0.00999119
9.94	9.68973	9.6339	0.000218662	0.00999229
9.95	9.68924	9.63495	0.000215647	0.00999337
9.96	9.68875	9.63598	0.00021263	0.00999444
9.97	9.68828	9.637	0.000209613	0.0099955
9.98	9.68781	9.638	0.000206594	0.00999654
9.99	9.68735	9.63899	0.000203575	0.00999756
10	9.68689	9.63996	0.000200555	0.00999857
10.01	9.68644	9.64092	0.000197533	0.00999957
10.02	9.686	9.64186	0.000194511	0.0100005
10.03	9.68556	9.64279	0.000191487	0.0100015
10.04	9.68513	9.64371	0.000188463	0.0100025
10.05	9.68471	9.64461	0.000185437	0.0100034
10.06	9.6843	9.6455	0.000182411	0.0100043
10.07	9.68389	9.64637	0.000179383	0.0100052
10.08	9.68349	9.64723	0.000176355	0.0100061
10.09	9.68309	9.64807	0.000173325	0.010007
10.1	9.6827	9.6489	0.000170294	0.0100078
10.11	9.68232	9.64971	0.000167263	0.0100087
10.12	9.68195	9.65051	0.00016423	0.0100095
10.13	9.68158	9.6513	0.000161196	0.0100103
10.14	9.68122	9.65207	0.000158161	0.0100111
10.15	9.68086	9.65283	0.000155125	0.0100119
10.16	9.68052	9.65357	0.000152088	0.0100127
10.17	9.68018	9.6543	0.00014905	0.0100134
10.18	9.67984	9.65501	0.00014601	0.0100142
10.19	9.67951	9.65571	0.00014297	0.0100149
10.2	9.67919	9.65639	0.000139928	0.0100156
10.21	9.67888	9.65706	0.000136885	0.0100163
10.22	9.67857	9.65772	0.000133841	0.010017
10.23	9.67827	9.65836	0.000130796	0.0100177
10.24	9.67798	9.65898	0.000127749	0.0100183
10.25	9.6777	9.65959	0.000124701	0.0100189
10.26	9.67742	9.66019	0.000121652	0.0100196
10.27	9.67714	9.66077	0.000118601	0.0100202
10.28	9.67688	9.66134	0.000115549	0.0100207
10.29	9.67662	9.66189	0.000112496	0.0100213
10.3	9.67637	9.66243	0.000109441	0.0100219
10.31	9.67612	9.66295	0.000106384	0.0100224
10.32	9.67588	9.66346	0.000103326	0.0100229
10.33	9.67565	9.66395	0.000100266	0.0100235
10.34	9.67543	9.66443	9.72045e-05	0.010024
10.35	9.67521	9.6649	9.4141e-05	0.0100244
10.36	9.675	9.66535	9.10756e-05	0.0100249
