LeakagePort 1	Current turn 0.5	Pressure storage 8.57326	Pressure reaction 0.0347283
Elapsed	Storage	Reaction	Flow rate	Modelled cm3 H2	
0	8.57326	0.0347283	0.000902	3.61214e-05
0.01	8.57326	0.0347283	0.000902	3.61214e-05
0.02	8.57125	0.03903	0.000901789	4.05956e-05
0.03	8.56924	0.0433306	0.000901577	4.50687e-05
0.04	8.56723	0.0476303	0.000901366	4.95408e-05
0.05	8.56523	0.0519289	0.000901155	5.40119e-05
0.06	8.56322	0.0562266	0.000900944	5.84819e-05
0.07	8.56121	0.0605232	0.000900733	6.29509e-05
0.08	8.55921	0.0648188	0.000900522	6.74188e-05
0.09	8.5572	0.0691134	0.000900311	7.18857e-05
0.1	8.5552	0.073407	0.0009001	7.63515e-05
0.11	8.55319	0.0776996	0.000899889	8.08163e-05
0.12	8.55119	0.0819912	0.000899678	8.528e-05
0.13	8.54919	0.0862818	0.000899467	8.97427e-05
0.14	8.54718	0.0905714	0.000899257	9.42044e-05
0.15	8.54518	0.0948599	0.000899046	9.8665e-05
0.16	8.54318	0.0991475	0.000898835	0.000103125
0.17	8.54118	0.103434	0.000898625	0.000107583
0.18	8.53918	0.10772	0.000898414	0.00011204
0.19	8.53718	0.112004	0.000898204	0.000116497
0.2	8.53518	0.116288	0.000897993	0.000120952
0.21	8.53318	0.12057	0.000897783	0.000125407
0.22	8.53118	0.124852	0.000897573	0.00012986
0.23	8.52918	0.129132	0.000897363	0.000134312
0.24	8.52718	0.133412	0.000897152	0.000138763
0.25	8.52518	0.13769	0.000896942	0.000143214
0.26	8.52319	0.141968	0.000896732	0.000147663
0.27	8.52119	0.146245	0.000896522	0.000152111
0.28	8.51919	0.15052	0.000896312	0.000156558
0.29	8.5172	0.154795	0.000896102	0.000161004
0.3	8.5152	0.159068	0.000895892	0.000165449
0.31	8.51321	0.163341	0.000895682	0.000169893
0.32	8.51121	0.167612	0.000895472	0.000174335
0.33	8.50922	0.171883	0.000895262	0.000178777
0.34	8.50723	0.176152	0.000895053	0.000183218
0.35	8.50523	0.180421	0.000894843	0.000187658
0.36	8.50324	0.184688	0.000894633	0.000192097
0.37	8.50125	0.188955	0.000894424	0.000196534
0.38	8.49926	0.19322	0.000894214	0.000200971
0.39	8.49726	0.197485	0.000894005	0.000205406
0.4	8.49527	0.201748	0.000893795	0.000209841
0.41	8.49328	0.206011	0.000893586	0.000214274
0.42	8.49129	0.210272	0.000893377	0.000218707
0.43	8.4893	0.214533	0.000893167	0.000223138
0.44	8.48732	0.218793	0.000892958	0.000227569
0.45	8.48533	0.223051	0.000892749	0.000231998
0.46	8.48334	0.227309	0.00089254	0.000236426
0.47	8.48135	0.231565	0.000892331	0.000240854
0.48	8.47937	0.235821	0.000892122	0.00024528
0.49	8.47738	0.240075	0.000891913	0.000249705
0.5	8.47539	0.244329	0.000891704	0.000254129
0.51	8.47341	0.248581	0.000891495	0.000258552
0.52	8.47142	0.252833	0.000891286	0.000262975
0.53	8.46944	0.257083	0.000891077	0.000267396
0.54	8.46745	0.261333	0.000890868	0.000271816
0.55	8.46547	0.265582	0.00089066	0.000276235
0.56	8.46349	0.269829	0.000890451	0.000280653
0.57	8.4615	0.274076	0.000890242	0.00028507
0.58	8.45952	0.278321	0.000890034	0.000289485
0.59	8.45754	0.282566	0.000889825	0.0002939
0.6	8.45556	0.28681	0.000889617	0.000298314
0.61	8.45358	0.291052	0.000889408	0.000302727
0.62	8.4516	0.295294	0.0008892	0.000307139
0.63	8.44962	0.299534	0.000888992	0.000311549
0.64	8.44764	0.303774	0.000888783	0.000315959
0.65	8.44566	0.308013	0.000888575	0.000320368
0.66	8.44368	0.31225	0.000888367	0.000324775
0.67	8.4417	0.316487	0.000888159	0.000329182
0.68	8.43972	0.320723	0.000887951	0.000333587
0.69	8.43775	0.324957	0.000887743	0.000337992
0.7	8.43577	0.329191	0.000887535	0.000342395
0.71	8.43379	0.333424	0.000887327	0.000346798
0.72	8.43182	0.337655	0.000887119	0.000351199
0.73	8.42984	0.341886	0.000886911	0.0003556
0.74	8.42787	0.346116	0.000886704	0.000359999
0.75	8.42589	0.350344	0.000886496	0.000364397
0.76	8.42392	0.354572	0.000886288	0.000368795
0.77	8.42195	0.358799	0.00088608	0.000373191
0.78	8.41997	0.363025	0.000885873	0.000377586
0.79	8.418	0.367249	0.000885665	0.00038198
0.8	8.41603	0.371473	0.000885458	0.000386374
0.81	8.41406	0.375696	0.00088525	0.000390766
0.82	8.41209	0.379918	0.000885043	0.000395157
0.83	8.41012	0.384138	0.000884836	0.000399547
0.84	8.40815	0.388358	0.000884628	0.000403936
0.85	8.40618	0.392577	0.000884421	0.000408324
0.86	8.40421	0.396795	0.000884214	0.000412711
0.87	8.40224	0.401012	0.000884007	0.000417097
0.88	8.40027	0.405227	0.0008838	0.000421482
0.89	8.3983	0.409442	0.000883593	0.000425866
0.9	8.39633	0.413656	0.000883386	0.000430249
0.91	8.39437	0.417869	0.000883179	0.000434631
0.92	8.3924	0.422081	0.000882972	0.000439012
0.93	8.39043	0.426292	0.000882765	0.000443391
0.94	8.38847	0.430502	0.000882558	0.00044777
0.95	8.3865	0.434711	0.000882351	0.000452148
0.96	8.38454	0.438919	0.000882145	0.000456525
0.97	8.38257	0.443126	0.000881938	0.0004609
0.98	8.38061	0.447332	0.000881731	0.000465275
0.99	8.37865	0.451537	0.000881525	0.000469649
1	8.37668	0.455741	0.000881318	0.000474021
1.01	8.37472	0.459944	0.000881112	0.000478393
1.02	8.37276	0.464146	0.000880905	0.000482764
1.03	8.3708	0.468347	0.000880699	0.000487133
1.04	8.36884	0.472547	0.000880493	0.000491502
1.05	8.36688	0.476746	0.000880287	0.000495869
1.06	8.36492	0.480944	0.00088008	0.000500236
1.07	8.36296	0.485141	0.000879874	0.000504601
1.08	8.361	0.489337	0.000879668	0.000508966
1.09	8.35904	0.493533	0.000879462	0.000513329
1.1	8.35708	0.497727	0.000879256	0.000517691
1.11	8.35512	0.50192	0.00087905	0.000522053
1.12	8.35317	0.506112	0.000878844	0.000526413
1.13	8.35121	0.510303	0.000878638	0.000530773
1.14	8.34925	0.514494	0.000878432	0.000535131
1.15	8.3473	0.518683	0.000878226	0.000539488
1.16	8.34534	0.522871	0.000878021	0.000543845
1.17	8.34339	0.527058	0.000877815	0.0005482
1.18	8.34143	0.531245	0.000877609	0.000552554
1.19	8.33948	0.53543	0.000877404	0.000556907
1.2	8.33752	0.539614	0.000877198	0.000561259
1.21	8.33557	0.543798	0.000876993	0.000565611
1.22	8.33362	0.54798	0.000876787	0.000569961
1.23	8.33166	0.552162	0.000876582	0.00057431
1.24	8.32971	0.556342	0.000876376	0.000578658
1.25	8.32776	0.560522	0.000876171	0.000583005
1.26	8.32581	0.5647	0.000875966	0.000587351
1.27	8.32386	0.568877	0.000875761	0.000591696
1.28	8.32191	0.573054	0.000875556	0.00059604
1.29	8.31996	0.57723	0.00087535	0.000600383
1.3	8.31801	0.581404	0.000875145	0.000604725
1.31	8.31606	0.585578	0.00087494	0.000609066
1.32	8.31411	0.58975	0.000874735	0.000613406
1.33	8.31217	0.593922	0.00087453	0.000617745
1.34	8.31022	0.598093	0.000874326	0.000622083
1.35	8.30827	0.602262	0.000874121	0.00062642
1.36	8.30633	0.606431	0.000873916	0.000630756
1.37	8.30438	0.610599	0.000873711	0.000635091
1.38	8.30243	0.614765	0.000873506	0.000639425
1.39	8.30049	0.618931	0.000873302	0.000643758
1.4	8.29854	0.623096	0.000873097	0.00064809
1.41	8.2966	0.62726	0.000872893	0.00065242
1.42	8.29466	0.631423	0.000872688	0.00065675
1.43	8.29271	0.635585	0.000872484	0.000661079
1.44	8.29077	0.639745	0.000872279	0.000665407
1.45	8.28883	0.643905	0.000872075	0.000669734
1.46	8.28689	0.648064	0.000871871	0.000674059
1.47	8.28495	0.652222	0.000871666	0.000678384
1.48	8.283	0.656379	0.000871462	0.000682708
1.49	8.28106	0.660535	0.000871258	0.000687031
1.5	8.27912	0.66469	0.000871054	0.000691352
1.51	8.27718	0.668844	0.00087085	0.000695673
1.52	8.27525	0.672998	0.000870646	0.000699993
1.53	8.27331	0.67715	0.000870442	0.000704312
1.54	8.27137	0.681301	0.000870238	0.000708629
1.55	8.26943	0.685451	0.000870034	0.000712946
1.56	8.26749	0.6896	0.00086983	0.000717261
1.57	8.26556	0.693748	0.000869627	0.000721576
1.58	8.26362	0.697896	0.000869423	0.00072589
1.59	8.26168	0.702042	0.000869219	0.000730202
1.6	8.25975	0.706187	0.000869016	0.000734514
1.61	8.25781	0.710332	0.000868812	0.000738825
1.62	8.25588	0.714475	0.000868608	0.000743134
1.63	8.25395	0.718618	0.000868405	0.000747443
1.64	8.25201	0.722759	0.000868201	0.00075175
1.65	8.25008	0.726899	0.000867998	0.000756057
1.66	8.24815	0.731039	0.000867795	0.000760362
1.67	8.24621	0.735177	0.000867591	0.000764667
1.68	8.24428	0.739315	0.000867388	0.00076897
1.69	8.24235	0.743452	0.000867185	0.000773273
1.7	8.24042	0.747587	0.000866982	0.000777574
1.71	8.23849	0.751722	0.000866779	0.000781875
1.72	8.23656	0.755856	0.000866576	0.000786174
1.73	8.23463	0.759988	0.000866373	0.000790473
1.74	8.2327	0.76412	0.00086617	0.00079477
1.75	8.23077	0.768251	0.000865967	0.000799067
1.76	8.22884	0.772381	0.000865764	0.000803362
1.77	8.22692	0.776509	0.000865561	0.000807657
1.78	8.22499	0.780637	0.000865358	0.00081195
1.79	8.22306	0.784764	0.000865156	0.000816243
1.8	8.22113	0.78889	0.000864953	0.000820534
1.81	8.21921	0.793015	0.00086475	0.000824825
1.82	8.21728	0.797139	0.000864548	0.000829114
1.83	8.21536	0.801262	0.000864345	0.000833403
1.84	8.21343	0.805384	0.000864143	0.00083769
1.85	8.21151	0.809505	0.00086394	0.000841976
1.86	8.20959	0.813626	0.000863738	0.000846262
1.87	8.20766	0.817745	0.000863535	0.000850546
1.88	8.20574	0.821863	0.000863333	0.00085483
1.89	8.20382	0.82598	0.000863131	0.000859112
1.9	8.20189	0.830097	0.000862929	0.000863393
1.91	8.19997	0.834212	0.000862727	0.000867674
1.92	8.19805	0.838326	0.000862524	0.000871953
1.93	8.19613	0.84244	0.000862322	0.000876232
1.94	8.19421	0.846552	0.00086212	0.000880509
1.95	8.19229	0.850664	0.000861918	0.000884785
1.96	8.19037	0.854774	0.000861716	0.000889061
1.97	8.18845	0.858884	0.000861515	0.000893335
1.98	8.18654	0.862992	0.000861313	0.000897609
1.99	8.18462	0.8671	0.000861111	0.000901881
2	8.1827	0.871206	0.000860909	0.000906152
2.01	8.18078	0.875312	0.000860708	0.000910423
2.02	8.17887	0.879417	0.000860506	0.000914692
2.03	8.17695	0.883521	0.000860304	0.00091896
2.04	8.17504	0.887623	0.000860103	0.000923228
2.05	8.17312	0.891725	0.000859901	0.000927494
2.06	8.17121	0.895826	0.0008597	0.00093176
2.07	8.16929	0.899926	0.000859498	0.000936024
2.08	8.16738	0.904025	0.000859297	0.000940287
2.09	8.16546	0.908123	0.000859096	0.00094455
2.1	8.16355	0.91222	0.000858894	0.000948811
2.11	8.16164	0.916316	0.000858693	0.000953072
2.12	8.15973	0.920411	0.000858492	0.000957331
2.13	8.15781	0.924506	0.000858291	0.000961589
2.14	8.1559	0.928599	0.00085809	0.000965847
2.15	8.15399	0.932691	0.000857889	0.000970103
2.16	8.15208	0.936782	0.000857688	0.000974359
2.17	8.15017	0.940873	0.000857487	0.000978613
2.18	8.14826	0.944962	0.000857286	0.000982866
2.19	8.14635	0.94905	0.000857085	0.000987119
2.2	8.14445	0.953138	0.000856884	0.00099137
2.21	8.14254	0.957224	0.000856684	0.000995621
2.22	8.14063	0.96131	0.000856483	0.00099987
2.23	8.13872	0.965395	0.000856282	0.00100412
2.24	8.13682	0.969478	0.000856082	0.00100837
2.25	8.13491	0.973561	0.000855881	0.00101261
2.26	8.133	0.977643	0.000855681	0.00101686
2.27	8.1311	0.981723	0.00085548	0.0010211
2.28	8.12919	0.985803	0.00085528	0.00102535
2.29	8.12729	0.989882	0.000855079	0.00102959
2.3	8.12539	0.99396	0.000854879	0.00103383
2.31	8.12348	0.998037	0.000854679	0.00103807
2.32	8.12158	1.00211	0.000854479	0.00104231
2.33	8.11968	1.00619	0.000854278	0.00104655
2.34	8.11777	1.01026	0.000854078	0.00105079
2.35	8.11587	1.01433	0.000853878	0.00105502
2.36	8.11397	1.01841	0.000853678	0.00105926
2.37	8.11207	1.02248	0.000853478	0.00106349
2.38	8.11017	1.02655	0.000853278	0.00106773
2.39	8.10827	1.03062	0.000853078	0.00107196
2.4	8.10637	1.03469	0.000852879	0.00107619
2.41	8.10447	1.03875	0.000852679	0.00108042
2.42	8.10257	1.04282	0.000852479	0.00108465
2.43	8.10068	1.04689	0.000852279	0.00108888
2.44	8.09878	1.05095	0.00085208	0.00109311
2.45	8.09688	1.05501	0.00085188	0.00109733
2.46	8.09498	1.05908	0.00085168	0.00110156
2.47	8.09309	1.06314	0.000851481	0.00110578
2.48	8.09119	1.0672	0.000851281	0.00111001
2.49	8.0893	1.07126	0.000851082	0.00111423
2.5	8.0874	1.07532	0.000850883	0.00111845
2.51	8.08551	1.07938	0.000850683	0.00112267
2.52	8.08361	1.08343	0.000850484	0.00112689
2.53	8.08172	1.08749	0.000850285	0.00113111
2.54	8.07982	1.09154	0.000850085	0.00113533
2.55	8.07793	1.0956	0.000849886	0.00113954
2.56	8.07604	1.09965	0.000849687	0.00114376
2.57	8.07415	1.1037	0.000849488	0.00114797
2.58	8.07226	1.10775	0.000849289	0.00115219
2.59	8.07036	1.1118	0.00084909	0.0011564
2.6	8.06847	1.11585	0.000848891	0.00116061
2.61	8.06658	1.1199	0.000848692	0.00116482
2.62	8.06469	1.12395	0.000848494	0.00116903
2.63	8.0628	1.128	0.000848295	0.00117324
2.64	8.06092	1.13204	0.000848096	0.00117745
2.65	8.05903	1.13609	0.000847897	0.00118166
2.66	8.05714	1.14013	0.000847699	0.00118586
2.67	8.05525	1.14417	0.0008475	0.00119007
2.68	8.05336	1.14821	0.000847302	0.00119427
2.69	8.05148	1.15225	0.000847103	0.00119847
2.7	8.04959	1.15629	0.000846905	0.00120268
2.71	8.04771	1.16033	0.000846706	0.00120688
2.72	8.04582	1.16437	0.000846508	0.00121108
2.73	8.04394	1.16841	0.00084631	0.00121528
2.74	8.04205	1.17244	0.000846111	0.00121947
2.75	8.04017	1.17648	0.000845913	0.00122367
2.76	8.03828	1.18051	0.000845715	0.00122787
2.77	8.0364	1.18455	0.000845517	0.00123206
2.78	8.03452	1.18858	0.000845319	0.00123626
2.79	8.03264	1.19261	0.000845121	0.00124045
2.8	8.03075	1.19664	0.000844923	0.00124464
2.81	8.02887	1.20067	0.000844725	0.00124883
2.82	8.02699	1.2047	0.000844527	0.00125302
2.83	8.02511	1.20873	0.000844329	0.00125721
2.84	8.02323	1.21275	0.000844131	0.0012614
2.85	8.02135	1.21678	0.000843933	0.00126559
2.86	8.01947	1.2208	0.000843736	0.00126977
2.87	8.01759	1.22483	0.000843538	0.00127396
2.88	8.01571	1.22885	0.00084334	0.00127814
2.89	8.01384	1.23287	0.000843143	0.00128233
2.9	8.01196	1.23689	0.000842945	0.00128651
2.91	8.01008	1.24091	0.000842748	0.00129069
2.92	8.00821	1.24493	0.00084255	0.00129487
2.93	8.00633	1.24895	0.000842353	0.00129905
2.94	8.00445	1.25297	0.000842156	0.00130323
2.95	8.00258	1.25698	0.000841958	0.0013074
2.96	8.0007	1.261	0.000841761	0.00131158
2.97	7.99883	1.26501	0.000841564	0.00131576
2.98	7.99696	1.26903	0.000841367	0.00131993
2.99	7.99508	1.27304	0.00084117	0.0013241
3	7.99321	1.27705	0.000840973	0.00132828
3.01	7.99134	1.28106	0.000840776	0.00133245
3.02	7.98946	1.28507	0.000840579	0.00133662
3.03	7.98759	1.28908	0.000840382	0.00134079
3.04	7.98572	1.29309	0.000840185	0.00134496
3.05	7.98385	1.29709	0.000839988	0.00134912
3.06	7.98198	1.3011	0.000839791	0.00135329
3.07	7.98011	1.30511	0.000839595	0.00135746
3.08	7.97824	1.30911	0.000839398	0.00136162
3.09	7.97637	1.31311	0.000839201	0.00136578
3.1	7.9745	1.31712	0.000839005	0.00136995
3.11	7.97264	1.32112	0.000838808	0.00137411
3.12	7.97077	1.32512	0.000838612	0.00137827
3.13	7.9689	1.32912	0.000838415	0.00138243
3.14	7.96703	1.33311	0.000838219	0.00138659
3.15	7.96517	1.33711	0.000838022	0.00139075
3.16	7.9633	1.34111	0.000837826	0.0013949
3.17	7.96144	1.3451	0.00083763	0.00139906
3.18	7.95957	1.3491	0.000837433	0.00140321
3.19	7.95771	1.35309	0.000837237	0.00140737
3.2	7.95584	1.35709	0.000837041	0.00141152
3.21	7.95398	1.36108	0.000836845	0.00141567
3.22	7.95211	1.36507	0.000836649	0.00141982
3.23	7.95025	1.36906	0.000836453	0.00142397
3.24	7.94839	1.37305	0.000836257	0.00142812
3.25	7.94653	1.37704	0.000836061	0.00143227
3.26	7.94466	1.38102	0.000835865	0.00143642
3.27	7.9428	1.38501	0.000835669	0.00144056
3.28	7.94094	1.38899	0.000835474	0.00144471
3.29	7.93908	1.39298	0.000835278	0.00144885
3.3	7.93722	1.39696	0.000835082	0.001453
3.31	7.93536	1.40094	0.000834887	0.00145714
3.32	7.9335	1.40493	0.000834691	0.00146128
3.33	7.93165	1.40891	0.000834495	0.00146542
3.34	7.92979	1.41289	0.0008343	0.00146956
3.35	7.92793	1.41687	0.000834105	0.0014737
3.36	7.92607	1.42084	0.000833909	0.00147784
3.37	7.92422	1.42482	0.000833714	0.00148197
3.38	7.92236	1.4288	0.000833518	0.00148611
3.39	7.9205	1.43277	0.000833323	0.00149024
3.4	7.91865	1.43675	0.000833128	0.00149438
3.41	7.91679	1.44072	0.000832933	0.00149851
3.42	7.91494	1.44469	0.000832738	0.00150264
3.43	7.91308	1.44866	0.000832543	0.00150677
3.44	7.91123	1.45263	0.000832348	0.0015109
3.45	7.90938	1.4566	0.000832153	0.00151503
3.46	7.90752	1.46057	0.000831958	0.00151916
3.47	7.90567	1.46454	0.000831763	0.00152328
3.48	7.90382	1.4685	0.000831568	0.00152741
3.49	7.90197	1.47247	0.000831373	0.00153153
3.5	7.90012	1.47644	0.000831178	0.00153566
3.51	7.89827	1.4804	0.000830984	0.00153978
3.52	7.89641	1.48436	0.000830789	0.0015439
3.53	7.89456	1.48832	0.000830594	0.00154802
3.54	7.89272	1.49229	0.0008304	0.00155214
3.55	7.89087	1.49625	0.000830205	0.00155626
3.56	7.88902	1.5002	0.000830011	0.00156038
3.57	7.88717	1.50416	0.000829816	0.0015645
3.58	7.88532	1.50812	0.000829622	0.00156861
3.59	7.88347	1.51208	0.000829427	0.00157273
3.6	7.88163	1.51603	0.000829233	0.00157684
3.61	7.87978	1.51999	0.000829039	0.00158096
3.62	7.87794	1.52394	0.000828845	0.00158507
3.63	7.87609	1.52789	0.00082865	0.00158918
3.64	7.87424	1.53185	0.000828456	0.00159329
3.65	7.8724	1.5358	0.000828262	0.0015974
3.66	7.87056	1.53975	0.000828068	0.00160151
3.67	7.86871	1.5437	0.000827874	0.00160562
3.68	7.86687	1.54764	0.00082768	0.00160972
3.69	7.86503	1.55159	0.000827486	0.00161383
3.7	7.86318	1.55554	0.000827292	0.00161793
3.71	7.86134	1.55948	0.000827099	0.00162204
3.72	7.8595	1.56343	0.000826905	0.00162614
3.73	7.85766	1.56737	0.000826711	0.00163024
3.74	7.85582	1.57131	0.000826517	0.00163434
3.75	7.85398	1.57525	0.000826324	0.00163844
3.76	7.85214	1.5792	0.00082613	0.00164254
3.77	7.8503	1.58314	0.000825937	0.00164664
3.78	7.84846	1.58707	0.000825743	0.00165074
3.79	7.84662	1.59101	0.00082555	0.00165483
3.8	7.84478	1.59495	0.000825356	0.00165893
3.81	7.84294	1.59889	0.000825163	0.00166302
3.82	7.84111	1.60282	0.00082497	0.00166711
3.83	7.83927	1.60676	0.000824776	0.00167121
3.84	7.83743	1.61069	0.000824583	0.0016753
3.85	7.8356	1.61462	0.00082439	0.00167939
3.86	7.83376	1.61855	0.000824197	0.00168348
3.87	7.83193	1.62248	0.000824004	0.00168756
3.88	7.83009	1.62641	0.000823811	0.00169165
3.89	7.82826	1.63034	0.000823618	0.00169574
3.9	7.82642	1.63427	0.000823425	0.00169982
3.91	7.82459	1.6382	0.000823232	0.00170391
3.92	7.82276	1.64212	0.000823039	0.00170799
3.93	7.82092	1.64605	0.000822846	0.00171207
3.94	7.81909	1.64997	0.000822654	0.00171616
3.95	7.81726	1.65389	0.000822461	0.00172024
3.96	7.81543	1.65782	0.000822268	0.00172432
3.97	7.8136	1.66174	0.000822075	0.00172839
3.98	7.81177	1.66566	0.000821883	0.00173247
3.99	7.80994	1.66958	0.00082169	0.00173655
4	7.80811	1.6735	0.000821498	0.00174062
4.01	7.80628	1.67742	0.000821305	0.0017447
4.02	7.80445	1.68133	0.000821113	0.00174877
4.03	7.80262	1.68525	0.000820921	0.00175285
4.04	7.80079	1.68916	0.000820728	0.00175692
4.05	7.79896	1.69308	0.000820536	0.00176099
4.06	7.79714	1.69699	0.000820344	0.00176506
4.07	7.79531	1.7009	0.000820152	0.00176913
4.08	7.79348	1.70481	0.000819959	0.0017732
4.09	7.79166	1.70872	0.000819767	0.00177726
4.1	7.78983	1.71263	0.000819575	0.00178133
4.11	7.78801	1.71654	0.000819383	0.0017854
4.12	7.78618	1.72045	0.000819191	0.00178946
4.13	7.78436	1.72436	0.000818999	0.00179352
4.14	7.78254	1.72826	0.000818808	0.00179759
4.15	7.78071	1.73217	0.000818616	0.00180165
4.16	7.77889	1.73607	0.000818424	0.00180571
4.17	7.77707	1.73997	0.000818232	0.00180977
4.18	7.77525	1.74388	0.000818041	0.00181383
4.19	7.77342	1.74778	0.000817849	0.00181788
4.2	7.7716	1.75168	0.000817657	0.00182194
4.21	7.76978	1.75558	0.000817466	0.001826
4.22	7.76796	1.75948	0.000817274	0.00183005
4.23	7.76614	1.76337	0.000817083	0.00183411
4.24	7.76432	1.76727	0.000816891	0.00183816
4.25	7.7625	1.77117	0.0008167	0.00184221
4.26	7.76069	1.77506	0.000816509	0.00184626
4.27	7.75887	1.77895	0.000816317	0.00185031
4.28	7.75705	1.78285	0.000816126	0.00185436
4.29	7.75523	1.78674	0.000815935	0.00185841
4.3	7.75342	1.79063	0.000815744	0.00186246
4.31	7.7516	1.79452	0.000815553	0.0018665
4.32	7.74978	1.79841	0.000815362	0.00187055
4.33	7.74797	1.8023	0.000815171	0.00187459
4.34	7.74615	1.80619	0.00081498	0.00187864
4.35	7.74434	1.81007	0.000814789	0.00188268
4.36	7.74252	1.81396	0.000814598	0.00188672
4.37	7.74071	1.81784	0.000814407	0.00189076
4.38	7.7389	1.82173	0.000814216	0.0018948
4.39	7.73708	1.82561	0.000814025	0.00189884
4.4	7.73527	1.82949	0.000813835	0.00190288
4.41	7.73346	1.83337	0.000813644	0.00190691
4.42	7.73165	1.83725	0.000813454	0.00191095
4.43	7.72984	1.84113	0.000813263	0.00191499
4.44	7.72803	1.84501	0.000813072	0.00191902
4.45	7.72621	1.84889	0.000812882	0.00192305
4.46	7.7244	1.85277	0.000812692	0.00192709
4.47	7.7226	1.85664	0.000812501	0.00193112
4.48	7.72079	1.86052	0.000812311	0.00193515
4.49	7.71898	1.86439	0.00081212	0.00193918
4.5	7.71717	1.86826	0.00081193	0.0019432
4.51	7.71536	1.87214	0.00081174	0.00194723
4.52	7.71355	1.87601	0.00081155	0.00195126
4.53	7.71175	1.87988	0.00081136	0.00195528
4.54	7.70994	1.88375	0.00081117	0.00195931
4.55	7.70813	1.88762	0.00081098	0.00196333
4.56	7.70633	1.89148	0.00081079	0.00196735
4.57	7.70452	1.89535	0.0008106	0.00197138
4.58	7.70272	1.89922	0.00081041	0.0019754
4.59	7.70091	1.90308	0.00081022	0.00197942
4.6	7.69911	1.90694	0.00081003	0.00198344
4.61	7.69731	1.91081	0.00080984	0.00198745
4.62	7.6955	1.91467	0.000809651	0.00199147
4.63	7.6937	1.91853	0.000809461	0.00199549
4.64	7.6919	1.92239	0.000809271	0.0019995
4.65	7.69009	1.92625	0.000809082	0.00200352
4.66	7.68829	1.93011	0.000808892	0.00200753
4.67	7.68649	1.93397	0.000808703	0.00201154
4.68	7.68469	1.93782	0.000808513	0.00201555
4.69	7.68289	1.94168	0.000808324	0.00201956
4.7	7.68109	1.94553	0.000808134	0.00202357
4.71	7.67929	1.94939	0.000807945	0.00202758
4.72	7.67749	1.95324	0.000807756	0.00203159
4.73	7.67569	1.95709	0.000807567	0.0020356
4.74	7.6739	1.96095	0.000807377	0.0020396
4.75	7.6721	1.9648	0.000807188	0.00204361
4.76	7.6703	1.96865	0.000806999	0.00204761
4.77	7.6685	1.97249	0.00080681	0.00205161
4.78	7.66671	1.97634	0.000806621	0.00205562
4.79	7.66491	1.98019	0.000806432	0.00205962
4.8	7.66312	1.98403	0.000806243	0.00206362
4.81	7.66132	1.98788	0.000806054	0.00206762
4.82	7.65953	1.99172	0.000805865	0.00207162
4.83	7.65773	1.99557	0.000805677	0.00207561
4.84	7.65594	1.99941	0.000805488	0.00207961
4.85	7.65414	2.00325	0.000805299	0.0020836
4.86	7.65235	2.00709	0.000805111	0.0020876
4.87	7.65056	2.01093	0.000804922	0.00209159
4.88	7.64877	2.01477	0.000804733	0.00209559
4.89	7.64697	2.01861	0.000804545	0.00209958
4.9	7.64518	2.02244	0.000804356	0.00210357
4.91	7.64339	2.02628	0.000804168	0.00210756
4.92	7.6416	2.03011	0.00080398	0.00211155
4.93	7.63981	2.03395	0.000803791	0.00211553
4.94	7.63802	2.03778	0.000803603	0.00211952
4.95	7.63623	2.04161	0.000803415	0.00212351
4.96	7.63444	2.04545	0.000803226	0.00212749
4.97	7.63265	2.04928	0.000803038	0.00213148
4.98	7.63087	2.05311	0.00080285	0.00213546
4.99	7.62908	2.05694	0.000802662	0.00213944
5	7.62729	2.06076	0.000802474	0.00214342
5.01	7.6255	2.06459	0.000802286	0.0021474
5.02	7.62372	2.06842	0.000802098	0.00215138
5.03	7.62193	2.07224	0.00080191	0.00215536
5.04	7.62015	2.07607	0.000801722	0.00215934
5.05	7.61836	2.07989	0.000801534	0.00216332
5.06	7.61658	2.08371	0.000801347	0.00216729
5.07	7.61479	2.08753	0.000801159	0.00217127
5.08	7.61301	2.09135	0.000800971	0.00217524
5.09	7.61122	2.09517	0.000800784	0.00217922
5.1	7.60944	2.09899	0.000800596	0.00218319
5.11	7.60766	2.10281	0.000800408	0.00218716
5.12	7.60588	2.10663	0.000800221	0.00219113
5.13	7.60409	2.11044	0.000800033	0.0021951
5.14	7.60231	2.11426	0.000799846	0.00219907
5.15	7.60053	2.11807	0.000799659	0.00220303
5.16	7.59875	2.12189	0.000799471	0.002207
5.17	7.59697	2.1257	0.000799284	0.00221097
5.18	7.59519	2.12951	0.000799097	0.00221493
5.19	7.59341	2.13332	0.00079891	0.0022189
5.2	7.59163	2.13713	0.000798722	0.00222286
5.21	7.58985	2.14094	0.000798535	0.00222682
5.22	7.58808	2.14475	0.000798348	0.00223078
5.23	7.5863	2.14856	0.000798161	0.00223474
5.24	7.58452	2.15236	0.000797974	0.0022387
5.25	7.58274	2.15617	0.000797787	0.00224266
5.26	7.58097	2.15997	0.0007976	0.00224662
5.27	7.57919	2.16378	0.000797414	0.00225057
5.28	7.57742	2.16758	0.000797227	0.00225453
5.29	7.57564	2.17138	0.00079704	0.00225848
5.3	7.57387	2.17518	0.000796853	0.00226244
5.31	7.57209	2.17898	0.000796667	0.00226639
5.32	7.57032	2.18278	0.00079648	0.00227034
5.33	7.56854	2.18658	0.000796293	0.00227429
5.34	7.56677	2.19038	0.000796107	0.00227824
5.35	7.565	2.19418	0.00079592	0.00228219
5.36	7.56323	2.19797	0.000795734	0.00228614
5.37	7.56145	2.20177	0.000795547	0.00229008
5.38	7.55968	2.20556	0.000795361	0.00229403
5.39	7.55791	2.20935	0.000795175	0.00229798
5.4	7.55614	2.21315	0.000794988	0.00230192
5.41	7.55437	2.21694	0.000794802	0.00230586
5.42	7.5526	2.22073	0.000794616	0.00230981
5.43	7.55083	2.22452	0.00079443	0.00231375
5.44	7.54906	2.22831	0.000794244	0.00231769
5.45	7.54729	2.23209	0.000794058	0.00232163
5.46	7.54553	2.23588	0.000793872	0.00232557
5.47	7.54376	2.23967	0.000793686	0.0023295
5.48	7.54199	2.24345	0.0007935	0.00233344
5.49	7.54022	2.24724	0.000793314	0.00233738
5.5	7.53846	2.25102	0.000793128	0.00234131
5.51	7.53669	2.2548	0.000792942	0.00234525
5.52	7.53493	2.25858	0.000792756	0.00234918
5.53	7.53316	2.26236	0.000792571	0.00235311
5.54	7.5314	2.26614	0.000792385	0.00235704
5.55	7.52963	2.26992	0.000792199	0.00236097
5.56	7.52787	2.2737	0.000792014	0.0023649
5.57	7.5261	2.27748	0.000791828	0.00236883
5.58	7.52434	2.28125	0.000791643	0.00237276
5.59	7.52258	2.28503	0.000791457	0.00237669
5.6	7.52082	2.2888	0.000791272	0.00238061
5.61	7.51905	2.29258	0.000791086	0.00238454
5.62	7.51729	2.29635	0.000790901	0.00238846
5.63	7.51553	2.30012	0.000790716	0.00239238
5.64	7.51377	2.30389	0.000790531	0.00239631
5.65	7.51201	2.30766	0.000790345	0.00240023
5.66	7.51025	2.31143	0.00079016	0.00240415
5.67	7.50849	2.3152	0.000789975	0.00240807
5.68	7.50673	2.31897	0.00078979	0.00241199
5.69	7.50497	2.32273	0.000789605	0.0024159
5.7	7.50322	2.3265	0.00078942	0.00241982
5.71	7.50146	2.33027	0.000789235	0.00242374
5.72	7.4997	2.33403	0.00078905	0.00242765
5.73	7.49794	2.33779	0.000788865	0.00243157
5.74	7.49619	2.34155	0.000788681	0.00243548
5.75	7.49443	2.34532	0.000788496	0.00243939
5.76	7.49268	2.34908	0.000788311	0.0024433
5.77	7.49092	2.35284	0.000788126	0.00244721
5.78	7.48917	2.35659	0.000787942	0.00245112
5.79	7.48741	2.36035	0.000787757	0.00245503
5.8	7.48566	2.36411	0.000787573	0.00245894
5.81	7.4839	2.36786	0.000787388	0.00246284
5.82	7.48215	2.37162	0.000787204	0.00246675
5.83	7.4804	2.37537	0.000787019	0.00247065
5.84	7.47864	2.37913	0.000786835	0.00247456
5.85	7.47689	2.38288	0.000786651	0.00247846
5.86	7.47514	2.38663	0.000786466	0.00248236
5.87	7.47339	2.39038	0.000786282	0.00248626
5.88	7.47164	2.39413	0.000786098	0.00249016
5.89	7.46989	2.39788	0.000785914	0.00249406
5.9	7.46814	2.40163	0.000785729	0.00249796
5.91	7.46639	2.40538	0.000785545	0.00250186
5.92	7.46464	2.40912	0.000785361	0.00250576
5.93	7.46289	2.41287	0.000785177	0.00250965
5.94	7.46114	2.41661	0.000784993	0.00251355
5.95	7.45939	2.42036	0.00078481	0.00251744
5.96	7.45765	2.4241	0.000784626	0.00252133
5.97	7.4559	2.42784	0.000784442	0.00252523
5.98	7.45415	2.43158	0.000784258	0.00252912
5.99	7.45241	2.43532	0.000784074	0.00253301
6	7.45066	2.43906	0.000783891	0.0025369
6.01	7.44892	2.4428	0.000783707	0.00254078
6.02	7.44717	2.44654	0.000783523	0.00254467
6.03	7.44543	2.45027	0.00078334	0.00254856
6.04	7.44368	2.45401	0.000783156	0.00255244
6.05	7.44194	2.45774	0.000782973	0.00255633
6.06	7.44019	2.46148	0.000782789	0.00256021
6.07	7.43845	2.46521	0.000782606	0.0025641
6.08	7.43671	2.46894	0.000782423	0.00256798
6.09	7.43497	2.47267	0.000782239	0.00257186
6.1	7.43322	2.4764	0.000782056	0.00257574
6.11	7.43148	2.48013	0.000781873	0.00257962
6.12	7.42974	2.48386	0.00078169	0.0025835
6.13	7.428	2.48759	0.000781507	0.00258737
6.14	7.42626	2.49132	0.000781324	0.00259125
6.15	7.42452	2.49504	0.000781141	0.00259513
6.16	7.42278	2.49877	0.000780958	0.002599
6.17	7.42104	2.50249	0.000780775	0.00260287
6.18	7.41931	2.50622	0.000780592	0.00260675
6.19	7.41757	2.50994	0.000780409	0.00261062
6.2	7.41583	2.51366	0.000780226	0.00261449
6.21	7.41409	2.51738	0.000780043	0.00261836
6.22	7.41235	2.5211	0.00077986	0.00262223
6.23	7.41062	2.52482	0.000779678	0.0026261
6.24	7.40888	2.52854	0.000779495	0.00262997
6.25	7.40715	2.53226	0.000779312	0.00263383
6.26	7.40541	2.53597	0.00077913	0.0026377
6.27	7.40368	2.53969	0.000778947	0.00264156
6.28	7.40194	2.5434	0.000778765	0.00264543
6.29	7.40021	2.54712	0.000778582	0.00264929
6.3	7.39847	2.55083	0.0007784	0.00265315
6.31	7.39674	2.55454	0.000778218	0.00265701
6.32	7.39501	2.55826	0.000778035	0.00266087
6.33	7.39328	2.56197	0.000777853	0.00266473
6.34	7.39154	2.56568	0.000777671	0.00266859
6.35	7.38981	2.56938	0.000777489	0.00267245
6.36	7.38808	2.57309	0.000777307	0.0026763
6.37	7.38635	2.5768	0.000777124	0.00268016
6.38	7.38462	2.58051	0.000776942	0.00268401
6.39	7.38289	2.58421	0.00077676	0.00268787
6.4	7.38116	2.58791	0.000776578	0.00269172
6.41	7.37943	2.59162	0.000776396	0.00269557
6.42	7.3777	2.59532	0.000776215	0.00269942
6.43	7.37597	2.59902	0.000776033	0.00270327
6.44	7.37425	2.60272	0.000775851	0.00270712
6.45	7.37252	2.60642	0.000775669	0.00271097
6.46	7.37079	2.61012	0.000775487	0.00271482
6.47	7.36906	2.61382	0.000775306	0.00271867
6.48	7.36734	2.61752	0.000775124	0.00272251
6.49	7.36561	2.62122	0.000774943	0.00272636
6.5	7.36389	2.62491	0.000774761	0.0027302
6.51	7.36216	2.62861	0.00077458	0.00273404
6.52	7.36044	2.6323	0.000774398	0.00273789
6.53	7.35871	2.63599	0.000774217	0.00274173
6.54	7.35699	2.63969	0.000774035	0.00274557
6.55	7.35526	2.64338	0.000773854	0.00274941
6.56	7.35354	2.64707	0.000773673	0.00275325
6.57	7.35182	2.65076	0.000773491	0.00275708
6.58	7.3501	2.65445	0.00077331	0.00276092
6.59	7.34837	2.65813	0.000773129	0.00276476
6.6	7.34665	2.66182	0.000772948	0.00276859
6.61	7.34493	2.66551	0.000772767	0.00277243
6.62	7.34321	2.66919	0.000772586	0.00277626
6.63	7.34149	2.67288	0.000772405	0.00278009
6.64	7.33977	2.67656	0.000772224	0.00278392
6.65	7.33805	2.68024	0.000772043	0.00278775
6.66	7.33633	2.68393	0.000771862	0.00279158
6.67	7.33461	2.68761	0.000771681	0.00279541
6.68	7.3329	2.69129	0.0007715	0.00279924
6.69	7.33118	2.69497	0.00077132	0.00280307
6.7	7.32946	2.69864	0.000771139	0.00280689
6.71	7.32774	2.70232	0.000770958	0.00281072
6.72	7.32603	2.706	0.000770778	0.00281454
6.73	7.32431	2.70967	0.000770597	0.00281836
6.74	7.32259	2.71335	0.000770417	0.00282219
6.75	7.32088	2.71702	0.000770236	0.00282601
6.76	7.31916	2.7207	0.000770056	0.00282983
6.77	7.31745	2.72437	0.000769875	0.00283365
6.78	7.31573	2.72804	0.000769695	0.00283747
6.79	7.31402	2.73171	0.000769515	0.00284129
6.8	7.31231	2.73538	0.000769334	0.0028451
6.81	7.31059	2.73905	0.000769154	0.00284892
6.82	7.30888	2.74272	0.000768974	0.00285273
6.83	7.30717	2.74639	0.000768794	0.00285655
6.84	7.30546	2.75005	0.000768614	0.00286036
6.85	7.30375	2.75372	0.000768434	0.00286417
6.86	7.30204	2.75738	0.000768254	0.00286799
6.87	7.30032	2.76105	0.000768074	0.0028718
6.88	7.29861	2.76471	0.000767894	0.00287561
6.89	7.2969	2.76837	0.000767714	0.00287942
6.9	7.29519	2.77203	0.000767534	0.00288322
6.91	7.29349	2.77569	0.000767354	0.00288703
6.92	7.29178	2.77935	0.000767174	0.00289084
6.93	7.29007	2.78301	0.000766995	0.00289464
6.94	7.28836	2.78667	0.000766815	0.00289845
6.95	7.28665	2.79033	0.000766635	0.00290225
6.96	7.28495	2.79398	0.000766456	0.00290605
6.97	7.28324	2.79764	0.000766276	0.00290986
6.98	7.28153	2.80129	0.000766097	0.00291366
6.99	7.27983	2.80494	0.000765917	0.00291746
7	7.27812	2.8086	0.000765738	0.00292126
7.01	7.27642	2.81225	0.000765558	0.00292505
7.02	7.27471	2.8159	0.000765379	0.00292885
7.03	7.27301	2.81955	0.0007652	0.00293265
7.04	7.2713	2.8232	0.00076502	0.00293644
7.05	7.2696	2.82685	0.000764841	0.00294024
7.06	7.2679	2.8305	0.000764662	0.00294403
7.07	7.2662	2.83414	0.000764483	0.00294783
7.08	7.26449	2.83779	0.000764304	0.00295162
7.09	7.26279	2.84143	0.000764125	0.00295541
7.1	7.26109	2.84508	0.000763946	0.0029592
7.11	7.25939	2.84872	0.000763767	0.00296299
7.12	7.25769	2.85236	0.000763588	0.00296678
7.13	7.25599	2.856	0.000763409	0.00297056
7.14	7.25429	2.85965	0.00076323	0.00297435
7.15	7.25259	2.86328	0.000763051	0.00297814
7.16	7.25089	2.86692	0.000762873	0.00298192
7.17	7.24919	2.87056	0.000762694	0.00298571
7.18	7.24749	2.8742	0.000762515	0.00298949
7.19	7.24579	2.87784	0.000762336	0.00299327
7.2	7.2441	2.88147	0.000762158	0.00299705
7.21	7.2424	2.88511	0.000761979	0.00300083
7.22	7.2407	2.88874	0.000761801	0.00300461
7.23	7.23901	2.89237	0.000761622	0.00300839
7.24	7.23731	2.89601	0.000761444	0.00301217
7.25	7.23562	2.89964	0.000761266	0.00301595
7.26	7.23392	2.90327	0.000761087	0.00301972
7.27	7.23223	2.9069	0.000760909	0.0030235
7.28	7.23053	2.91053	0.000760731	0.00302727
7.29	7.22884	2.91415	0.000760552	0.00303105
7.3	7.22714	2.91778	0.000760374	0.00303482
7.31	7.22545	2.92141	0.000760196	0.00303859
7.32	7.22376	2.92503	0.000760018	0.00304236
7.33	7.22207	2.92866	0.00075984	0.00304613
7.34	7.22037	2.93228	0.000759662	0.0030499
7.35	7.21868	2.9359	0.000759484	0.00305367
7.36	7.21699	2.93953	0.000759306	0.00305744
7.37	7.2153	2.94315	0.000759128	0.0030612
7.38	7.21361	2.94677	0.00075895	0.00306497
7.39	7.21192	2.95039	0.000758773	0.00306873
7.4	7.21023	2.954	0.000758595	0.0030725
7.41	7.20854	2.95762	0.000758417	0.00307626
7.42	7.20685	2.96124	0.000758239	0.00308002
7.43	7.20516	2.96486	0.000758062	0.00308378
7.44	7.20348	2.96847	0.000757884	0.00308754
7.45	7.20179	2.97209	0.000757707	0.0030913
7.46	7.2001	2.9757	0.000757529	0.00309506
7.47	7.19842	2.97931	0.000757352	0.00309882
7.48	7.19673	2.98292	0.000757174	0.00310257
7.49	7.19504	2.98653	0.000756997	0.00310633
7.5	7.19336	2.99014	0.00075682	0.00311009
7.51	7.19167	2.99375	0.000756642	0.00311384
7.52	7.18999	2.99736	0.000756465	0.00311759
7.53	7.1883	3.00097	0.000756288	0.00312134
7.54	7.18662	3.00458	0.000756111	0.0031251
7.55	7.18494	3.00818	0.000755933	0.00312885
7.56	7.18325	3.01179	0.000755756	0.0031326
7.57	7.18157	3.01539	0.000755579	0.00313635
7.58	7.17989	3.01899	0.000755402	0.00314009
7.59	7.1782	3.0226	0.000755225	0.00314384
7.6	7.17652	3.0262	0.000755048	0.00314759
7.61	7.17484	3.0298	0.000754871	0.00315133
7.62	7.17316	3.0334	0.000754695	0.00315508
7.63	7.17148	3.037	0.000754518	0.00315882
7.64	7.1698	3.0406	0.000754341	0.00316256
7.65	7.16812	3.04419	0.000754164	0.0031663
7.66	7.16644	3.04779	0.000753988	0.00317004
7.67	7.16476	3.05139	0.000753811	0.00317378
7.68	7.16308	3.05498	0.000753634	0.00317752
7.69	7.16141	3.05858	0.000753458	0.00318126
7.7	7.15973	3.06217	0.000753281	0.003185
7.71	7.15805	3.06576	0.000753105	0.00318874
7.72	7.15637	3.06935	0.000752928	0.00319247
7.73	7.1547	3.07294	0.000752752	0.00319621
7.74	7.15302	3.07653	0.000752576	0.00319994
7.75	7.15135	3.08012	0.000752399	0.00320367
7.76	7.14967	3.08371	0.000752223	0.00320741
7.77	7.148	3.0873	0.000752047	0.00321114
7.78	7.14632	3.09089	0.000751871	0.00321487
7.79	7.14465	3.09447	0.000751695	0.0032186
7.8	7.14297	3.09806	0.000751518	0.00322233
7.81	7.1413	3.10164	0.000751342	0.00322605
7.82	7.13963	3.10522	0.000751166	0.00322978
7.83	7.13795	3.10881	0.00075099	0.00323351
7.84	7.13628	3.11239	0.000750815	0.00323723
7.85	7.13461	3.11597	0.000750639	0.00324096
7.86	7.13294	3.11955	0.000750463	0.00324468
7.87	7.13127	3.12313	0.000750287	0.0032484
7.88	7.1296	3.1267	0.000750111	0.00325212
7.89	7.12793	3.13028	0.000749935	0.00325584
7.9	7.12626	3.13386	0.00074976	0.00325956
7.91	7.12459	3.13743	0.000749584	0.00326328
7.92	7.12292	3.14101	0.000749409	0.003267
7.93	7.12125	3.14458	0.000749233	0.00327072
7.94	7.11958	3.14816	0.000749057	0.00327443
7.95	7.11791	3.15173	0.000748882	0.00327815
7.96	7.11625	3.1553	0.000748706	0.00328186
7.97	7.11458	3.15887	0.000748531	0.00328558
7.98	7.11291	3.16244	0.000748356	0.00328929
7.99	7.11125	3.16601	0.00074818	0.003293
8	7.10958	3.16958	0.000748005	0.00329671
8.01	7.10791	3.17314	0.00074783	0.00330043
8.02	7.10625	3.17671	0.000747655	0.00330413
8.03	7.10458	3.18028	0.00074748	0.00330784
8.04	7.10292	3.18384	0.000747304	0.00331155
8.05	7.10126	3.1874	0.000747129	0.00331526
8.06	7.09959	3.19097	0.000746954	0.00331896
8.07	7.09793	3.19453	0.000746779	0.00332267
8.08	7.09627	3.19809	0.000746604	0.00332637
8.09	7.0946	3.20165	0.000746429	0.00333008
8.1	7.09294	3.20521	0.000746255	0.00333378
8.11	7.09128	3.20877	0.00074608	0.00333748
8.12	7.08962	3.21233	0.000745905	0.00334118
8.13	7.08796	3.21589	0.00074573	0.00334488
8.14	7.0863	3.21944	0.000745556	0.00334858
8.15	7.08464	3.223	0.000745381	0.00335228
8.16	7.08298	3.22655	0.000745206	0.00335598
8.17	7.08132	3.23011	0.000745032	0.00335967
8.18	7.07966	3.23366	0.000744857	0.00336337
8.19	7.078	3.23721	0.000744683	0.00336706
8.2	7.07634	3.24076	0.000744508	0.00337076
8.21	7.07468	3.24431	0.000744334	0.00337445
8.22	7.07303	3.24786	0.000744159	0.00337814
8.23	7.07137	3.25141	0.000743985	0.00338183
8.24	7.06971	3.25496	0.000743811	0.00338552
8.25	7.06806	3.25851	0.000743637	0.00338921
8.26	7.0664	3.26205	0.000743462	0.0033929
8.27	7.06475	3.2656	0.000743288	0.00339659
8.28	7.06309	3.26914	0.000743114	0.00340028
8.29	7.06144	3.27269	0.00074294	0.00340396
8.3	7.05978	3.27623	0.000742766	0.00340765
8.31	7.05813	3.27977	0.000742592	0.00341133
8.32	7.05647	3.28332	0.000742418	0.00341502
8.33	7.05482	3.28686	0.000742244	0.0034187
8.34	7.05317	3.2904	0.00074207	0.00342238
8.35	7.05152	3.29393	0.000741896	0.00342606
8.36	7.04986	3.29747	0.000741722	0.00342974
8.37	7.04821	3.30101	0.000741549	0.00343342
8.38	7.04656	3.30455	0.000741375	0.0034371
8.39	7.04491	3.30808	0.000741201	0.00344078
8.4	7.04326	3.31162	0.000741028	0.00344445
8.41	7.04161	3.31515	0.000740854	0.00344813
8.42	7.03996	3.31868	0.00074068	0.0034518
8.43	7.03831	3.32222	0.000740507	0.00345548
8.44	7.03666	3.32575	0.000740333	0.00345915
8.45	7.03501	3.32928	0.00074016	0.00346282
8.46	7.03337	3.33281	0.000739987	0.00346649
8.47	7.03172	3.33634	0.000739813	0.00347016
8.48	7.03007	3.33987	0.00073964	0.00347383
8.49	7.02842	3.34339	0.000739467	0.0034775
8.5	7.02678	3.34692	0.000739293	0.00348117
8.51	7.02513	3.35045	0.00073912	0.00348484
8.52	7.02348	3.35397	0.000738947	0.0034885
8.53	7.02184	3.35749	0.000738774	0.00349217
8.54	7.02019	3.36102	0.000738601	0.00349583
8.55	7.01855	3.36454	0.000738428	0.0034995
8.56	7.01691	3.36806	0.000738255	0.00350316
8.57	7.01526	3.37158	0.000738082	0.00350682
8.58	7.01362	3.3751	0.000737909	0.00351048
8.59	7.01198	3.37862	0.000737736	0.00351414
8.6	7.01033	3.38214	0.000737563	0.0035178
8.61	7.00869	3.38566	0.000737391	0.00352146
8.62	7.00705	3.38917	0.000737218	0.00352512
8.63	7.00541	3.39269	0.000737045	0.00352878
8.64	7.00377	3.3962	0.000736872	0.00353243
8.65	7.00212	3.39972	0.0007367	0.00353609
8.66	7.00048	3.40323	0.000736527	0.00353974
8.67	6.99884	3.40674	0.000736355	0.0035434
8.68	6.9972	3.41026	0.000736182	0.00354705
8.69	6.99557	3.41377	0.00073601	0.0035507
8.7	6.99393	3.41728	0.000735837	0.00355435
8.71	6.99229	3.42079	0.000735665	0.003558
8.72	6.99065	3.42429	0.000735493	0.00356165
8.73	6.98901	3.4278	0.00073532	0.0035653
8.74	6.98737	3.43131	0.000735148	0.00356895
8.75	6.98574	3.43481	0.000734976	0.00357259
8.76	6.9841	3.43832	0.000734804	0.00357624
8.77	6.98247	3.44182	0.000734631	0.00357988
8.78	6.98083	3.44533	0.000734459	0.00358353
8.79	6.97919	3.44883	0.000734287	0.00358717
8.8	6.97756	3.45233	0.000734115	0.00359081
8.81	6.97592	3.45583	0.000733943	0.00359445
8.82	6.97429	3.45933	0.000733771	0.00359809
8.83	6.97266	3.46283	0.000733599	0.00360173
8.84	6.97102	3.46633	0.000733428	0.00360537
8.85	6.96939	3.46983	0.000733256	0.00360901
8.86	6.96776	3.47333	0.000733084	0.00361265
8.87	6.96612	3.47682	0.000732912	0.00361628
8.88	6.96449	3.48032	0.00073274	0.00361992
8.89	6.96286	3.48381	0.000732569	0.00362355
8.9	6.96123	3.48731	0.000732397	0.00362719
8.91	6.9596	3.4908	0.000732226	0.00363082
8.92	6.95797	3.49429	0.000732054	0.00363445
8.93	6.95634	3.49778	0.000731883	0.00363808
8.94	6.95471	3.50127	0.000731711	0.00364171
8.95	6.95308	3.50476	0.00073154	0.00364534
8.96	6.95145	3.50825	0.000731368	0.00364897
8.97	6.94982	3.51174	0.000731197	0.0036526
8.98	6.94819	3.51523	0.000731026	0.00365623
8.99	6.94657	3.51871	0.000730854	0.00365985
9	6.94494	3.5222	0.000730683	0.00366348
9.01	6.94331	3.52568	0.000730512	0.0036671
9.02	6.94169	3.52917	0.000730341	0.00367073
9.03	6.94006	3.53265	0.00073017	0.00367435
9.04	6.93843	3.53613	0.000729999	0.00367797
9.05	6.93681	3.53961	0.000729828	0.00368159
9.06	6.93518	3.54309	0.000729657	0.00368521
9.07	6.93356	3.54657	0.000729486	0.00368883
9.08	6.93193	3.55005	0.000729315	0.00369245
9.09	6.93031	3.55353	0.000729144	0.00369607
9.1	6.92869	3.55701	0.000728973	0.00369969
9.11	6.92706	3.56048	0.000728802	0.0037033
9.12	6.92544	3.56396	0.000728632	0.00370692
9.13	6.92382	3.56743	0.000728461	0.00371053
9.14	6.9222	3.57091	0.00072829	0.00371414
9.15	6.92057	3.57438	0.00072812	0.00371776
9.16	6.91895	3.57785	0.000727949	0.00372137
9.17	6.91733	3.58132	0.000727779	0.00372498
9.18	6.91571	3.5848	0.000727608	0.00372859
9.19	6.91409	3.58827	0.000727438	0.0037322
9.2	6.91247	3.59173	0.000727267	0.00373581
9.21	6.91085	3.5952	0.000727097	0.00373941
9.22	6.90923	3.59867	0.000726927	0.00374302
9.23	6.90761	3.60214	0.000726756	0.00374663
9.24	6.906	3.6056	0.000726586	0.00375023
9.25	6.90438	3.60907	0.000726416	0.00375384
9.26	6.90276	3.61253	0.000726246	0.00375744
9.27	6.90114	3.616	0.000726075	0.00376104
9.28	6.89953	3.61946	0.000725905	0.00376464
9.29	6.89791	3.62292	0.000725735	0.00376824
9.3	6.89629	3.62638	0.000725565	0.00377184
9.31	6.89468	3.62984	0.000725395	0.00377544
9.32	6.89306	3.6333	0.000725225	0.00377904
9.33	6.89145	3.63676	0.000725053	0.00378264
9.34	6.88983	3.64022	0.000724881	0.00378623
9.35	6.88822	3.64367	0.000724707	0.00378983
9.36	6.88661	3.64713	0.000724532	0.00379342
9.37	6.88499	3.65059	0.000724355	0.00379702
9.38	6.88338	3.65404	0.000724178	0.00380061
9.39	6.88177	3.65749	0.000723999	0.0038042
9.4	6.88016	3.66095	0.000723819	0.0038078
9.41	6.87854	3.6644	0.000723638	0.00381139
9.42	6.87693	3.66785	0.000723456	0.00381498
9.43	6.87532	3.6713	0.000723273	0.00381856
9.44	6.87371	3.67475	0.000723088	0.00382215
9.45	6.8721	3.6782	0.000722902	0.00382574
9.46	6.87049	3.68165	0.000722715	0.00382932
9.47	6.86888	3.68509	0.000722527	0.00383291
9.48	6.86727	3.68854	0.000722337	0.00383649
9.49	6.86566	3.69198	0.000722146	0.00384008
9.5	6.86406	3.69543	0.000721955	0.00384366
9.51	6.86245	3.69887	0.000721762	0.00384724
9.52	6.86084	3.70231	0.000721567	0.00385082
9.53	6.85924	3.70575	0.000721372	0.0038544
9.54	6.85763	3.70919	0.000721175	0.00385798
9.55	6.85602	3.71263	0.000720977	0.00386155
9.56	6.85442	3.71607	0.000720778	0.00386513
9.57	6.85281	3.71951	0.000720578	0.00386871
9.58	6.85121	3.72294	0.000720377	0.00387228
9.59	6.8496	3.72638	0.000720174	0.00387585
9.6	6.848	3.72981	0.00071997	0.00387943
9.61	6.8464	3.73325	0.000719765	0.003883
9.62	6.8448	3.73668	0.000719559	0.00388657
9.63	6.84319	3.74011	0.000719351	0.00389014
9.64	6.84159	3.74354	0.000719143	0.0038937
9.65	6.83999	3.74697	0.000718933	0.00389727
9.66	6.83839	3.7504	0.000718722	0.00390084
9.67	6.83679	3.75383	0.00071851	0.0039044
9.68	6.83519	3.75726	0.000718296	0.00390797
9.69	6.83359	3.76068	0.000718082	0.00391153
9.7	6.83199	3.76411	0.000717866	0.00391509
9.71	6.83039	3.76753	0.000717649	0.00391865
9.72	6.82879	3.77095	0.000717431	0.00392221
9.73	6.8272	3.77437	0.000717211	0.00392577
9.74	6.8256	3.77779	0.000716991	0.00392933
9.75	6.824	3.78121	0.000716769	0.00393288
9.76	6.82241	3.78463	0.000716546	0.00393644
9.77	6.82081	3.78805	0.000716322	0.00393999
9.78	6.81922	3.79146	0.000716097	0.00394355
9.79	6.81762	3.79488	0.00071587	0.0039471
9.8	6.81603	3.79829	0.000715642	0.00395065
9.81	6.81443	3.80171	0.000715413	0.0039542
9.82	6.81284	3.80512	0.000715183	0.00395775
9.83	6.81125	3.80853	0.000714952	0.0039613
9.84	6.80966	3.81194	0.00071472	0.00396484
9.85	6.80807	3.81535	0.000714486	0.00396839
9.86	6.80647	3.81875	0.000714251	0.00397193
9.87	6.80488	3.82216	0.000714015	0.00397548
9.88	6.80329	3.82557	0.000713778	0.00397902
9.89	6.8017	3.82897	0.000713539	0.00398256
9.9	6.80012	3.83237	0.0007133	0.0039861
9.91	6.79853	3.83577	0.000713059	0.00398964
9.92	6.79694	3.83918	0.000712817	0.00399317
9.93	6.79535	3.84257	0.000712574	0.00399671
9.94	6.79377	3.84597	0.000712329	0.00400024
9.95	6.79218	3.84937	0.000712084	0.00400378
9.96	6.79059	3.85277	0.000711837	0.00400731
9.97	6.78901	3.85616	0.000711589	0.00401084
9.98	6.78742	3.85955	0.00071134	0.00401437
9.99	6.78584	3.86295	0.000711089	0.0040179
10	6.78426	3.86634	0.000710838	0.00402142
10.01	6.78267	3.86973	0.000710585	0.00402495
10.02	6.78109	3.87312	0.000710331	0.00402848
10.03	6.77951	3.8765	0.000710076	0.004032
10.04	6.77793	3.87989	0.00070982	0.00403552
10.05	6.77635	3.88328	0.000709562	0.00403904
10.06	6.77477	3.88666	0.000709304	0.00404256
10.07	6.77319	3.89004	0.000709044	0.00404608
10.08	6.77161	3.89342	0.000708783	0.0040496
10.09	6.77003	3.8968	0.000708521	0.00405311
10.1	6.76846	3.90018	0.000708257	0.00405663
10.11	6.76688	3.90356	0.000707993	0.00406014
10.12	6.7653	3.90694	0.000707727	0.00406365
10.13	6.76373	3.91031	0.00070746	0.00406716
10.14	6.76215	3.91369	0.000707192	0.00407067
10.15	6.76058	3.91706	0.000706923	0.00407418
10.16	6.759	3.92043	0.000706652	0.00407769
10.17	6.75743	3.9238	0.00070638	0.00408119
10.18	6.75586	3.92717	0.000706108	0.0040847
10.19	6.75428	3.93054	0.000705834	0.0040882
10.2	6.75271	3.9339	0.000705558	0.0040917
10.21	6.75114	3.93727	0.000705282	0.0040952
10.22	6.74957	3.94063	0.000705004	0.0040987
10.23	6.748	3.94399	0.000704726	0.00410219
10.24	6.74643	3.94735	0.000704446	0.00410569
10.25	6.74486	3.95071	0.000704165	0.00410918
10.26	6.74329	3.95407	0.000703882	0.00411268
10.27	6.74173	3.95743	0.000703599	0.00411617
10.28	6.74016	3.96078	0.000703314	0.00411966
10.29	6.73859	3.96414	0.000703028	0.00412315
10.3	6.73703	3.96749	0.000702741	0.00412663
10.31	6.73546	3.97084	0.000702453	0.00413012
10.32	6.7339	3.97419	0.000702164	0.00413361
10.33	6.73234	3.97754	0.000701873	0.00413709
10.34	6.73077	3.98089	0.000701581	0.00414057
10.35	6.72921	3.98423	0.000701289	0.00414405
10.36	6.72765	3.98758	0.000700995	0.00414753
10.37	6.72609	3.99092	0.000700699	0.00415101
10.38	6.72453	3.99426	0.000700403	0.00415448
10.39	6.72297	3.9976	0.000700105	0.00415796
10.4	6.72141	4.00094	0.000699806	0.00416143
10.41	6.71985	4.00428	0.000699507	0.0041649
10.42	6.71829	4.00762	0.000699205	0.00416837
10.43	6.71674	4.01095	0.000698903	0.00417184
10.44	6.71518	4.01428	0.0006986	0.0041753
10.45	6.71363	4.01761	0.000698295	0.00417877
10.46	6.71207	4.02095	0.000697989	0.00418223
10.47	6.71052	4.02427	0.000697682	0.0041857
10.48	6.70896	4.0276	0.000697374	0.00418916
10.49	6.70741	4.03093	0.000697065	0.00419262
10.5	6.70586	4.03425	0.000696754	0.00419607
10.51	6.70431	4.03757	0.000696442	0.00419953
10.52	6.70276	4.0409	0.00069613	0.00420298
10.53	6.70121	4.04422	0.000695816	0.00420644
10.54	6.69966	4.04753	0.0006955	0.00420989
10.55	6.69811	4.05085	0.000695184	0.00421334
10.56	6.69656	4.05417	0.000694867	0.00421679
10.57	6.69501	4.05748	0.000694548	0.00422023
10.58	6.69347	4.06079	0.000694228	0.00422368
10.59	6.69192	4.0641	0.000693907	0.00422712
10.6	6.69037	4.06741	0.000693585	0.00423056
10.61	6.68883	4.07072	0.000693261	0.004234
10.62	6.68729	4.07403	0.000692937	0.00423744
10.63	6.68574	4.07733	0.000692611	0.00424088
10.64	6.6842	4.08063	0.000692284	0.00424432
10.65	6.68266	4.08394	0.000691956	0.00424775
10.66	6.68112	4.08724	0.000691627	0.00425118
10.67	6.67958	4.09053	0.000691297	0.00425461
10.68	6.67804	4.09383	0.000690965	0.00425804
10.69	6.6765	4.09713	0.000690633	0.00426147
10.7	6.67496	4.10042	0.000690299	0.0042649
10.71	6.67343	4.10371	0.000689964	0.00426832
10.72	6.67189	4.107	0.000689628	0.00427174
10.73	6.67035	4.11029	0.00068929	0.00427516
10.74	6.66882	4.11358	0.000688952	0.00427858
10.75	6.66729	4.11686	0.000688612	0.004282
10.76	6.66575	4.12015	0.000688271	0.00428541
10.77	6.66422	4.12343	0.000687929	0.00428883
10.78	6.66269	4.12671	0.000687586	0.00429224
10.79	6.66116	4.12999	0.000687242	0.00429565
10.8	6.65963	4.13327	0.000686897	0.00429906
10.81	6.6581	4.13654	0.00068655	0.00430247
10.82	6.65657	4.13982	0.000686202	0.00430587
10.83	6.65504	4.14309	0.000685853	0.00430928
10.84	6.65351	4.14636	0.000685503	0.00431268
10.85	6.65199	4.14963	0.000685152	0.00431608
10.86	6.65046	4.1529	0.0006848	0.00431948
10.87	6.64894	4.15616	0.000684446	0.00432287
10.88	6.64741	4.15943	0.000684091	0.00432627
10.89	6.64589	4.16269	0.000683736	0.00432966
10.9	6.64437	4.16595	0.000683379	0.00433305
10.91	6.64285	4.16921	0.00068302	0.00433644
10.92	6.64132	4.17247	0.000682661	0.00433983
10.93	6.6398	4.17572	0.000682301	0.00434322
10.94	6.63829	4.17898	0.000681939	0.0043466
10.95	6.63677	4.18223	0.000681576	0.00434999
10.96	6.63525	4.18548	0.000681212	0.00435337
10.97	6.63373	4.18873	0.000680847	0.00435675
10.98	6.63222	4.19197	0.000680481	0.00436012
10.99	6.6307	4.19522	0.000680114	0.0043635
11	6.62919	4.19846	0.000679745	0.00436687
11.01	6.62767	4.2017	0.000679376	0.00437024
11.02	6.62616	4.20494	0.000679005	0.00437361
11.03	6.62465	4.20818	0.000678633	0.00437698
11.04	6.62314	4.21142	0.00067826	0.00438035
11.05	6.62163	4.21465	0.000677886	0.00438371
11.06	6.62012	4.21789	0.00067751	0.00438707
11.07	6.61861	4.22112	0.000677134	0.00439044
11.08	6.6171	4.22435	0.000676756	0.00439379
11.09	6.61559	4.22757	0.000676377	0.00439715
11.1	6.61409	4.2308	0.000675997	0.00440051
11.11	6.61258	4.23402	0.000675616	0.00440386
11.12	6.61108	4.23725	0.000675234	0.00440721
11.13	6.60957	4.24047	0.000674851	0.00441056
11.14	6.60807	4.24368	0.000674466	0.00441391
11.15	6.60657	4.2469	0.00067408	0.00441725
11.16	6.60507	4.25012	0.000673694	0.0044206
11.17	6.60357	4.25333	0.000673306	0.00442394
11.18	6.60207	4.25654	0.000672917	0.00442728
11.19	6.60057	4.25975	0.000672526	0.00443062
11.2	6.59907	4.26296	0.000672135	0.00443395
11.21	6.59758	4.26616	0.000671743	0.00443729
11.22	6.59608	4.26937	0.000671349	0.00444062
11.23	6.59459	4.27257	0.000670954	0.00444395
11.24	6.59309	4.27577	0.000670558	0.00444728
11.25	6.5916	4.27896	0.000670161	0.0044506
11.26	6.59011	4.28216	0.000669763	0.00445393
11.27	6.58862	4.28535	0.000669364	0.00445725
11.28	6.58713	4.28855	0.000668963	0.00446057
11.29	6.58564	4.29174	0.000668562	0.00446389
11.3	6.58415	4.29493	0.000668159	0.0044672
11.31	6.58266	4.29811	0.000667755	0.00447052
11.32	6.58117	4.3013	0.00066735	0.00447383
11.33	6.57969	4.30448	0.000666944	0.00447714
11.34	6.5782	4.30766	0.000666537	0.00448045
11.35	6.57672	4.31084	0.000666129	0.00448376
11.36	6.57523	4.31402	0.000665719	0.00448706
11.37	6.57375	4.31719	0.000665309	0.00449036
11.38	6.57227	4.32036	0.000664897	0.00449366
11.39	6.57079	4.32353	0.000664484	0.00449696
11.4	6.56931	4.3267	0.00066407	0.00450026
11.41	6.56783	4.32987	0.000663655	0.00450355
11.42	6.56635	4.33304	0.000663239	0.00450684
11.43	6.56488	4.3362	0.000662821	0.00451013
11.44	6.5634	4.33936	0.000662403	0.00451342
11.45	6.56193	4.34252	0.000661983	0.00451671
11.46	6.56045	4.34568	0.000661563	0.00451999
11.47	6.55898	4.34883	0.000661141	0.00452327
11.48	6.55751	4.35198	0.000660718	0.00452655
11.49	6.55604	4.35513	0.000660294	0.00452983
11.5	6.55457	4.35828	0.000659868	0.0045331
11.51	6.5531	4.36143	0.000659442	0.00453638
11.52	6.55163	4.36457	0.000659015	0.00453965
11.53	6.55016	4.36772	0.000658586	0.00454292
11.54	6.54869	4.37086	0.000658156	0.00454618
11.55	6.54723	4.374	0.000657726	0.00454945
11.56	6.54576	4.37713	0.000657294	0.00455271
11.57	6.5443	4.38027	0.000656861	0.00455597
11.58	6.54284	4.3834	0.000656427	0.00455923
11.59	6.54138	4.38653	0.000655991	0.00456248
11.6	6.53992	4.38966	0.000655555	0.00456574
11.61	6.53846	4.39279	0.000655118	0.00456899
11.62	6.537	4.39591	0.000654679	0.00457224
11.63	6.53554	4.39903	0.000654239	0.00457549
11.64	6.53408	4.40215	0.000653798	0.00457873
11.65	6.53263	4.40527	0.000653357	0.00458198
11.66	6.53117	4.40839	0.000652914	0.00458522
11.67	6.52972	4.4115	0.000652469	0.00458845
11.68	6.52827	4.41461	0.000652024	0.00459169
11.69	6.52681	4.41772	0.000651578	0.00459493
11.7	6.52536	4.42083	0.00065113	0.00459816
11.71	6.52391	4.42393	0.000650682	0.00460139
11.72	6.52246	4.42704	0.000650232	0.00460462
11.73	6.52102	4.43014	0.000649781	0.00460784
11.74	6.51957	4.43324	0.00064933	0.00461106
11.75	6.51812	4.43633	0.000648877	0.00461428
11.76	6.51668	4.43943	0.000648422	0.0046175
11.77	6.51523	4.44252	0.000647967	0.00462072
11.78	6.51379	4.44561	0.000647511	0.00462393
11.79	6.51235	4.4487	0.000647054	0.00462715
11.8	6.51091	4.45178	0.000646595	0.00463036
11.81	6.50947	4.45487	0.000646136	0.00463356
11.82	6.50803	4.45795	0.000645675	0.00463677
11.83	6.50659	4.46103	0.000645213	0.00463997
11.84	6.50516	4.46411	0.00064475	0.00464317
11.85	6.50372	4.46718	0.000644286	0.00464637
11.86	6.50229	4.47025	0.000643821	0.00464956
11.87	6.50085	4.47332	0.000643355	0.00465276
11.88	6.49942	4.47639	0.000642888	0.00465595
11.89	6.49799	4.47946	0.00064242	0.00465914
11.9	6.49656	4.48252	0.00064195	0.00466232
11.91	6.49513	4.48558	0.00064148	0.00466551
11.92	6.4937	4.48864	0.000641008	0.00466869
11.93	6.49227	4.4917	0.000640535	0.00467187
11.94	6.49085	4.49475	0.000640061	0.00467505
11.95	6.48942	4.49781	0.000639587	0.00467822
11.96	6.488	4.50086	0.000639111	0.0046814
11.97	6.48657	4.50391	0.000638634	0.00468457
11.98	6.48515	4.50695	0.000638155	0.00468773
11.99	6.48373	4.50999	0.000637676	0.0046909
12	6.48231	4.51304	0.000637196	0.00469406
12.01	6.48089	4.51607	0.000636714	0.00469722
12.02	6.47947	4.51911	0.000636232	0.00470038
12.03	6.47806	4.52214	0.000635748	0.00470354
12.04	6.47664	4.52518	0.000635264	0.00470669
12.05	6.47523	4.52821	0.000634778	0.00470984
12.06	6.47381	4.53123	0.000634291	0.00471299
12.07	6.4724	4.53426	0.000633803	0.00471614
12.08	6.47099	4.53728	0.000633314	0.00471928
12.09	6.46958	4.5403	0.000632824	0.00472242
12.1	6.46817	4.54332	0.000632333	0.00472556
12.11	6.46676	4.54633	0.000631841	0.0047287
12.12	6.46536	4.54935	0.000631348	0.00473183
12.13	6.46395	4.55236	0.000630853	0.00473496
12.14	6.46255	4.55537	0.000630358	0.00473809
12.15	6.46114	4.55837	0.000629862	0.00474122
12.16	6.45974	4.56138	0.000629364	0.00474434
12.17	6.45834	4.56438	0.000628865	0.00474747
12.18	6.45694	4.56738	0.000628366	0.00475058
12.19	6.45554	4.57037	0.000627865	0.0047537
12.2	6.45414	4.57337	0.000627363	0.00475682
12.21	6.45274	4.57636	0.00062686	0.00475993
12.22	6.45135	4.57935	0.000626356	0.00476304
12.23	6.44995	4.58234	0.000625851	0.00476614
12.24	6.44856	4.58532	0.000625345	0.00476925
12.25	6.44717	4.5883	0.000624838	0.00477235
12.26	6.44578	4.59128	0.000624329	0.00477545
12.27	6.44439	4.59426	0.00062382	0.00477855
12.28	6.443	4.59724	0.00062331	0.00478164
12.29	6.44161	4.60021	0.000622798	0.00478473
12.3	6.44022	4.60318	0.000622286	0.00478782
12.31	6.43884	4.60615	0.000621772	0.00479091
12.32	6.43745	4.60911	0.000621258	0.00479399
12.33	6.43607	4.61208	0.000620742	0.00479707
12.34	6.43469	4.61504	0.000620225	0.00480015
12.35	6.43331	4.61799	0.000619707	0.00480323
12.36	6.43193	4.62095	0.000619189	0.0048063
12.37	6.43055	4.6239	0.000618669	0.00480938
12.38	6.42917	4.62685	0.000618148	0.00481244
12.39	6.42779	4.6298	0.000617626	0.00481551
12.4	6.42642	4.63275	0.000617103	0.00481857
12.41	6.42504	4.63569	0.000616579	0.00482164
12.42	6.42367	4.63863	0.000616053	0.00482469
12.43	6.4223	4.64157	0.000615527	0.00482775
12.44	6.42093	4.6445	0.000615	0.0048308
12.45	6.41956	4.64744	0.000614472	0.00483385
12.46	6.41819	4.65037	0.000613942	0.0048369
12.47	6.41682	4.65329	0.000613412	0.00483995
12.48	6.41546	4.65622	0.00061288	0.00484299
12.49	6.41409	4.65914	0.000612348	0.00484603
12.5	6.41273	4.66206	0.000611814	0.00484907
12.51	6.41137	4.66498	0.00061128	0.0048521
12.52	6.41001	4.6679	0.000610744	0.00485513
12.53	6.40865	4.67081	0.000610207	0.00485816
12.54	6.40729	4.67372	0.00060967	0.00486119
12.55	6.40593	4.67663	0.000609131	0.00486421
12.56	6.40457	4.67953	0.000608591	0.00486724
12.57	6.40322	4.68243	0.00060805	0.00487025
12.58	6.40186	4.68533	0.000607508	0.00487327
12.59	6.40051	4.68823	0.000606965	0.00487628
12.6	6.39916	4.69112	0.000606421	0.0048793
12.61	6.39781	4.69402	0.000605876	0.0048823
12.62	6.39646	4.69691	0.00060533	0.00488531
12.63	6.39511	4.69979	0.000604783	0.00488831
12.64	6.39377	4.70268	0.000604235	0.00489131
12.65	6.39242	4.70556	0.000603686	0.00489431
12.66	6.39108	4.70844	0.000603136	0.0048973
12.67	6.38973	4.71131	0.000602585	0.00490029
12.68	6.38839	4.71419	0.000602033	0.00490328
12.69	6.38705	4.71706	0.000601479	0.00490627
12.7	6.38571	4.71993	0.000600925	0.00490925
12.71	6.38437	4.72279	0.00060037	0.00491223
12.72	6.38304	4.72566	0.000599814	0.00491521
12.73	6.3817	4.72852	0.000599256	0.00491819
12.74	6.38037	4.73137	0.000598698	0.00492116
12.75	6.37903	4.73423	0.000598138	0.00492413
12.76	6.3777	4.73708	0.000597578	0.0049271
12.77	6.37637	4.73993	0.000597017	0.00493006
12.78	6.37504	4.74278	0.000596454	0.00493302
12.79	6.37371	4.74562	0.000595891	0.00493598
12.8	6.37239	4.74847	0.000595326	0.00493894
12.81	6.37106	4.75131	0.000594761	0.00494189
12.82	6.36974	4.75414	0.000594194	0.00494484
12.83	6.36841	4.75698	0.000593627	0.00494779
12.84	6.36709	4.75981	0.000593058	0.00495073
12.85	6.36577	4.76263	0.000592488	0.00495367
12.86	6.36445	4.76546	0.000591918	0.00495661
12.87	6.36313	4.76828	0.000591346	0.00495955
12.88	6.36182	4.7711	0.000590774	0.00496248
12.89	6.3605	4.77392	0.0005902	0.00496541
12.9	6.35919	4.77674	0.000589626	0.00496834
12.91	6.35788	4.77955	0.00058905	0.00497126
12.92	6.35656	4.78236	0.000588473	0.00497419
12.93	6.35525	4.78516	0.000587896	0.00497711
12.94	6.35394	4.78797	0.000587317	0.00498002
12.95	6.35264	4.79077	0.000586737	0.00498293
12.96	6.35133	4.79357	0.000586157	0.00498585
12.97	6.35002	4.79636	0.000585575	0.00498875
12.98	6.34872	4.79915	0.000584992	0.00499166
12.99	6.34742	4.80194	0.000584409	0.00499456
13	6.34612	4.80473	0.000583824	0.00499746
13.01	6.34482	4.80751	0.000583238	0.00500035
13.02	6.34352	4.8103	0.000582652	0.00500325
13.03	6.34222	4.81308	0.000582064	0.00500614
13.04	6.34092	4.81585	0.000581475	0.00500902
13.05	6.33963	4.81862	0.000580886	0.00501191
13.06	6.33834	4.82139	0.000580295	0.00501479
13.07	6.33704	4.82416	0.000579704	0.00501767
13.08	6.33575	4.82693	0.000579111	0.00502054
13.09	6.33446	4.82969	0.000578517	0.00502342
13.1	6.33318	4.83245	0.000577923	0.00502629
13.11	6.33189	4.8352	0.000577327	0.00502915
13.12	6.3306	4.83796	0.000576731	0.00503202
13.13	6.32932	4.84071	0.000576133	0.00503488
13.14	6.32804	4.84345	0.000575534	0.00503774
13.15	6.32676	4.8462	0.000574935	0.00504059
13.16	6.32547	4.84894	0.000574334	0.00504344
13.17	6.3242	4.85168	0.000573733	0.00504629
13.18	6.32292	4.85442	0.00057313	0.00504914
13.19	6.32164	4.85715	0.000572527	0.00505198
13.2	6.32037	4.85988	0.000571923	0.00505482
13.21	6.31909	4.86261	0.000571317	0.00505766
13.22	6.31782	4.86533	0.000570711	0.00506049
13.23	6.31655	4.86805	0.000570103	0.00506332
13.24	6.31528	4.87077	0.000569495	0.00506615
13.25	6.31401	4.87349	0.000568886	0.00506897
13.26	6.31275	4.8762	0.000568275	0.0050718
13.27	6.31148	4.87891	0.000567664	0.00507461
13.28	6.31022	4.88162	0.000567052	0.00507743
13.29	6.30895	4.88432	0.000566439	0.00508024
13.3	6.30769	4.88702	0.000565824	0.00508305
13.31	6.30643	4.88972	0.000565209	0.00508586
13.32	6.30518	4.89242	0.000564593	0.00508866
13.33	6.30392	4.89511	0.000563976	0.00509146
13.34	6.30266	4.8978	0.000563358	0.00509426
13.35	6.30141	4.90049	0.000562739	0.00509706
13.36	6.30015	4.90317	0.000562119	0.00509985
13.37	6.2989	4.90585	0.000561498	0.00510264
13.38	6.29765	4.90853	0.000560876	0.00510542
13.39	6.2964	4.9112	0.000560253	0.0051082
13.4	6.29516	4.91388	0.000559629	0.00511098
13.41	6.29391	4.91655	0.000559005	0.00511376
13.42	6.29267	4.91921	0.000558379	0.00511653
13.43	6.29142	4.92187	0.000557752	0.0051193
13.44	6.29018	4.92453	0.000557125	0.00512207
13.45	6.28894	4.92719	0.000556496	0.00512483
13.46	6.2877	4.92984	0.000555866	0.00512759
13.47	6.28646	4.9325	0.000555236	0.00513035
13.48	6.28523	4.93514	0.000554604	0.0051331
13.49	6.28399	4.93779	0.000553972	0.00513585
13.5	6.28276	4.94043	0.000553339	0.0051386
13.51	6.28153	4.94307	0.000552704	0.00514135
13.52	6.2803	4.94571	0.000552069	0.00514409
13.53	6.27907	4.94834	0.000551433	0.00514683
13.54	6.27784	4.95097	0.000550796	0.00514956
13.55	6.27661	4.95359	0.000550158	0.00515229
13.56	6.27539	4.95622	0.000549519	0.00515502
13.57	6.27416	4.95884	0.000548879	0.00515775
13.58	6.27294	4.96146	0.000548238	0.00516047
13.59	6.27172	4.96407	0.000547596	0.00516319
13.6	6.2705	4.96668	0.000546953	0.00516591
13.61	6.26928	4.96929	0.000546309	0.00516862
13.62	6.26807	4.9719	0.000545665	0.00517133
13.63	6.26685	4.9745	0.000545019	0.00517404
13.64	6.26564	4.9771	0.000544372	0.00517674
13.65	6.26443	4.97969	0.000543725	0.00517944
13.66	6.26321	4.98229	0.000543076	0.00518214
13.67	6.26201	4.98488	0.000542427	0.00518483
13.68	6.2608	4.98746	0.000541777	0.00518752
13.69	6.25959	4.99005	0.000541126	0.00519021
13.7	6.25839	4.99263	0.000540474	0.00519289
13.71	6.25718	4.99521	0.00053982	0.00519557
13.72	6.25598	4.99778	0.000539166	0.00519825
13.73	6.25478	5.00035	0.000538512	0.00520093
13.74	6.25358	5.00292	0.000537856	0.0052036
13.75	6.25238	5.00548	0.000537199	0.00520626
13.76	6.25119	5.00805	0.000536541	0.00520893
13.77	6.24999	5.01061	0.000535883	0.00521159
13.78	6.2488	5.01316	0.000535223	0.00521425
13.79	6.24761	5.01571	0.000534563	0.0052169
13.8	6.24642	5.01826	0.000533901	0.00521956
13.81	6.24523	5.02081	0.000533239	0.0052222
13.82	6.24404	5.02335	0.000532576	0.00522485
13.83	6.24286	5.02589	0.000531912	0.00522749
13.84	6.24167	5.02843	0.000531247	0.00523013
13.85	6.24049	5.03096	0.000530581	0.00523276
13.86	6.23931	5.03349	0.000529914	0.0052354
13.87	6.23813	5.03602	0.000529246	0.00523802
13.88	6.23695	5.03854	0.000528578	0.00524065
13.89	6.23577	5.04106	0.000527908	0.00524327
13.9	6.2346	5.04358	0.000527238	0.00524589
13.91	6.23342	5.0461	0.000526566	0.00524851
13.92	6.23225	5.04861	0.000525894	0.00525112
13.93	6.23108	5.05112	0.000525221	0.00525373
13.94	6.22991	5.05362	0.000524547	0.00525633
13.95	6.22874	5.05612	0.000523872	0.00525893
13.96	6.22757	5.05862	0.000523196	0.00526153
13.97	6.22641	5.06112	0.000522519	0.00526413
13.98	6.22525	5.06361	0.000521842	0.00526672
13.99	6.22408	5.0661	0.000521163	0.00526931
14	6.22292	5.06858	0.000520484	0.00527189
14.01	6.22176	5.07106	0.000519803	0.00527447
14.02	6.22061	5.07354	0.000519122	0.00527705
14.03	6.21945	5.07602	0.00051844	0.00527963
14.04	6.2183	5.07849	0.000517757	0.0052822
14.05	6.21714	5.08096	0.000517073	0.00528477
14.06	6.21599	5.08343	0.000516388	0.00528733
14.07	6.21484	5.08589	0.000515702	0.00528989
14.08	6.21369	5.08835	0.000515016	0.00529245
14.09	6.21255	5.0908	0.000514328	0.00529501
14.1	6.2114	5.09326	0.00051364	0.00529756
14.11	6.21026	5.09571	0.000512951	0.00530011
14.12	6.20912	5.09815	0.000512261	0.00530265
14.13	6.20798	5.1006	0.00051157	0.00530519
14.14	6.20684	5.10304	0.000510878	0.00530773
14.15	6.2057	5.10547	0.000510185	0.00531026
14.16	6.20456	5.10791	0.000509492	0.00531279
14.17	6.20343	5.11033	0.000508797	0.00531532
14.18	6.2023	5.11276	0.000508102	0.00531784
14.19	6.20116	5.11518	0.000507406	0.00532036
14.2	6.20003	5.1176	0.000506708	0.00532288
14.21	6.19891	5.12002	0.00050601	0.0053254
14.22	6.19778	5.12243	0.000505312	0.00532791
14.23	6.19665	5.12484	0.000504612	0.00533041
14.24	6.19553	5.12725	0.000503911	0.00533291
14.25	6.19441	5.12965	0.00050321	0.00533541
14.26	6.19329	5.13205	0.000502508	0.00533791
14.27	6.19217	5.13445	0.000501804	0.0053404
14.28	6.19105	5.13684	0.0005011	0.00534289
14.29	6.18994	5.13923	0.000500396	0.00534538
14.3	6.18882	5.14162	0.00049969	0.00534786
14.31	6.18771	5.144	0.000498983	0.00535034
14.32	6.1866	5.14638	0.000498276	0.00535281
14.33	6.18549	5.14876	0.000497567	0.00535529
14.34	6.18438	5.15113	0.000496858	0.00535775
14.35	6.18327	5.1535	0.000496148	0.00536022
14.36	6.18217	5.15587	0.000495437	0.00536268
14.37	6.18107	5.15823	0.000494726	0.00536514
14.38	6.17996	5.16059	0.000494013	0.00536759
14.39	6.17886	5.16294	0.0004933	0.00537004
14.4	6.17777	5.1653	0.000492585	0.00537249
14.41	6.17667	5.16765	0.00049187	0.00537493
14.42	6.17557	5.16999	0.000491154	0.00537737
14.43	6.17448	5.17233	0.000490437	0.00537981
14.44	6.17339	5.17467	0.00048972	0.00538224
14.45	6.1723	5.17701	0.000489001	0.00538467
14.46	6.17121	5.17934	0.000488282	0.00538709
14.47	6.17012	5.18167	0.000487562	0.00538952
14.48	6.16904	5.18399	0.000486841	0.00539194
14.49	6.16795	5.18632	0.000486119	0.00539435
14.5	6.16687	5.18863	0.000485396	0.00539676
14.51	6.16579	5.19095	0.000484673	0.00539917
14.52	6.16471	5.19326	0.000483948	0.00540157
14.53	6.16363	5.19557	0.000483223	0.00540397
14.54	6.16256	5.19787	0.000482497	0.00540637
14.55	6.16148	5.20017	0.00048177	0.00540876
14.56	6.16041	5.20247	0.000481042	0.00541115
14.57	6.15934	5.20477	0.000480314	0.00541354
14.58	6.15827	5.20706	0.000479585	0.00541592
14.59	6.1572	5.20934	0.000478854	0.0054183
14.6	6.15613	5.21163	0.000478123	0.00542068
14.61	6.15507	5.21391	0.000477392	0.00542305
14.62	6.15401	5.21618	0.000476659	0.00542542
14.63	6.15295	5.21846	0.000475926	0.00542778
14.64	6.15189	5.22073	0.000475191	0.00543014
14.65	6.15083	5.22299	0.000474456	0.0054325
14.66	6.14977	5.22526	0.00047372	0.00543485
14.67	6.14872	5.22752	0.000472984	0.0054372
14.68	6.14766	5.22977	0.000472246	0.00543955
14.69	6.14661	5.23202	0.000471508	0.00544189
14.7	6.14556	5.23427	0.000470769	0.00544423
14.71	6.14451	5.23652	0.000470029	0.00544656
14.72	6.14347	5.23876	0.000469288	0.0054489
14.73	6.14242	5.241	0.000468546	0.00545122
14.74	6.14138	5.24323	0.000467804	0.00545355
14.75	6.14034	5.24546	0.000467061	0.00545587
14.76	6.1393	5.24769	0.000466317	0.00545818
14.77	6.13826	5.24991	0.000465572	0.0054605
14.78	6.13722	5.25213	0.000464826	0.00546281
14.79	6.13619	5.25435	0.00046408	0.00546511
14.8	6.13515	5.25656	0.000463333	0.00546742
14.81	6.13412	5.25877	0.000462585	0.00546971
14.82	6.13309	5.26098	0.000461836	0.00547201
14.83	6.13206	5.26318	0.000461086	0.0054743
14.84	6.13104	5.26538	0.000460336	0.00547659
14.85	6.13001	5.26758	0.000459585	0.00547887
14.86	6.12899	5.26977	0.000458833	0.00548115
14.87	6.12797	5.27196	0.00045808	0.00548343
14.88	6.12695	5.27414	0.000457327	0.0054857
14.89	6.12593	5.27632	0.000456572	0.00548797
14.9	6.12491	5.2785	0.000455817	0.00549023
14.91	6.1239	5.28067	0.000455061	0.00549249
14.92	6.12288	5.28284	0.000454305	0.00549475
14.93	6.12187	5.28501	0.000453547	0.005497
14.94	6.12086	5.28717	0.000452789	0.00549925
14.95	6.11985	5.28933	0.00045203	0.0055015
14.96	6.11885	5.29149	0.00045127	0.00550374
14.97	6.11784	5.29364	0.00045051	0.00550598
14.98	6.11684	5.29579	0.000449748	0.00550821
14.99	6.11584	5.29793	0.000448986	0.00551044
15	6.11484	5.30007	0.000448223	0.00551267
15.01	6.11384	5.30221	0.00044746	0.00551489
15.02	6.11284	5.30435	0.000446695	0.00551711
15.03	6.11185	5.30648	0.00044593	0.00551933
15.04	6.11086	5.3086	0.000445164	0.00552154
15.05	6.10986	5.31073	0.000444397	0.00552375
15.06	6.10888	5.31285	0.00044363	0.00552595
15.07	6.10789	5.31496	0.000442862	0.00552815
15.08	6.1069	5.31707	0.000442093	0.00553035
15.09	6.10592	5.31918	0.000441323	0.00553254
15.1	6.10493	5.32129	0.000440552	0.00553473
15.11	6.10395	5.32339	0.000439781	0.00553692
15.12	6.10297	5.32548	0.000439009	0.0055391
15.13	6.102	5.32758	0.000438236	0.00554128
15.14	6.10102	5.32967	0.000437463	0.00554345
15.15	6.10005	5.33175	0.000436688	0.00554562
15.16	6.09907	5.33384	0.000435913	0.00554779
15.17	6.0981	5.33592	0.000435137	0.00554995
15.18	6.09713	5.33799	0.000434361	0.00555211
15.19	6.09617	5.34006	0.000433583	0.00555426
15.2	6.0952	5.34213	0.000432805	0.00555641
15.21	6.09424	5.34419	0.000432027	0.00555856
15.22	6.09328	5.34625	0.000431247	0.0055607
15.23	6.09232	5.34831	0.000430467	0.00556284
15.24	6.09136	5.35036	0.000429686	0.00556498
15.25	6.0904	5.35241	0.000428904	0.00556711
15.26	6.08945	5.35446	0.000428121	0.00556924
15.27	6.08849	5.3565	0.000427338	0.00557136
15.28	6.08754	5.35854	0.000426554	0.00557348
15.29	6.08659	5.36057	0.000425769	0.0055756
15.3	6.08564	5.3626	0.000424984	0.00557771
15.31	6.0847	5.36463	0.000424198	0.00557982
15.32	6.08375	5.36665	0.000423411	0.00558192
15.33	6.08281	5.36867	0.000422623	0.00558402
15.34	6.08187	5.37069	0.000421835	0.00558612
15.35	6.08093	5.3727	0.000421046	0.00558821
15.36	6.07999	5.37471	0.000420256	0.0055903
15.37	6.07906	5.37671	0.000419465	0.00559238
15.38	6.07812	5.37871	0.000418674	0.00559446
15.39	6.07719	5.38071	0.000417882	0.00559654
15.4	6.07626	5.3827	0.000417089	0.00559861
15.41	6.07533	5.38469	0.000416296	0.00560068
15.42	6.0744	5.38668	0.000415502	0.00560275
15.43	6.07348	5.38866	0.000414707	0.00560481
15.44	6.07255	5.39064	0.000413911	0.00560686
15.45	6.07163	5.39261	0.000413115	0.00560892
15.46	6.07071	5.39458	0.000412318	0.00561097
15.47	6.0698	5.39655	0.00041152	0.00561301
15.48	6.06888	5.39851	0.000410722	0.00561505
15.49	6.06796	5.40047	0.000409922	0.00561709
15.5	6.06705	5.40242	0.000409123	0.00561912
15.51	6.06614	5.40437	0.000408322	0.00562115
15.52	6.06523	5.40632	0.000407521	0.00562318
15.53	6.06432	5.40826	0.000406719	0.0056252
15.54	6.06342	5.4102	0.000405916	0.00562722
15.55	6.06251	5.41214	0.000405113	0.00562923
15.56	6.06161	5.41407	0.000404309	0.00563124
15.57	6.06071	5.416	0.000403504	0.00563325
15.58	6.05981	5.41792	0.000402698	0.00563525
15.59	6.05892	5.41984	0.000401892	0.00563725
15.6	6.05802	5.42176	0.000401085	0.00563924
15.61	6.05713	5.42367	0.000400278	0.00564123
15.62	6.05624	5.42558	0.00039947	0.00564321
15.63	6.05535	5.42749	0.000398661	0.0056452
15.64	6.05446	5.42939	0.000397851	0.00564717
15.65	6.05357	5.43129	0.000397041	0.00564915
15.66	6.05269	5.43318	0.00039623	0.00565112
15.67	6.05181	5.43507	0.000395418	0.00565308
15.68	6.05093	5.43696	0.000394606	0.00565504
15.69	6.05005	5.43884	0.000393793	0.005657
15.7	6.04917	5.44072	0.000392979	0.00565895
15.71	6.0483	5.44259	0.000392165	0.0056609
15.72	6.04742	5.44446	0.00039135	0.00566285
15.73	6.04655	5.44633	0.000390534	0.00566479
15.74	6.04568	5.44819	0.000389718	0.00566673
15.75	6.04482	5.45005	0.000388901	0.00566866
15.76	6.04395	5.4519	0.000388083	0.00567059
15.77	6.04309	5.45375	0.000387264	0.00567251
15.78	6.04222	5.4556	0.000386445	0.00567443
15.79	6.04136	5.45744	0.000385626	0.00567635
15.8	6.0405	5.45928	0.000384805	0.00567826
15.81	6.03965	5.46112	0.000383984	0.00568017
15.82	6.03879	5.46295	0.000383162	0.00568208
15.83	6.03794	5.46477	0.00038234	0.00568398
15.84	6.03709	5.4666	0.000381517	0.00568587
15.85	6.03624	5.46842	0.000380693	0.00568777
15.86	6.03539	5.47023	0.000379869	0.00568966
15.87	6.03454	5.47204	0.000379044	0.00569154
15.88	6.0337	5.47385	0.000378218	0.00569342
15.89	6.03286	5.47566	0.000377392	0.0056953
15.9	6.03202	5.47746	0.000376565	0.00569717
15.91	6.03118	5.47925	0.000375737	0.00569904
15.92	6.03034	5.48104	0.000374909	0.0057009
15.93	6.02951	5.48283	0.00037408	0.00570276
15.94	6.02867	5.48462	0.00037325	0.00570461
15.95	6.02784	5.4864	0.00037242	0.00570647
15.96	6.02701	5.48817	0.000371589	0.00570831
15.97	6.02619	5.48994	0.000370758	0.00571016
15.98	6.02536	5.49171	0.000369926	0.005712
15.99	6.02454	5.49348	0.000369093	0.00571383
16	6.02372	5.49524	0.000368259	0.00571566
16.01	6.0229	5.49699	0.000367425	0.00571749
16.02	6.02208	5.49875	0.000366591	0.00571931
16.03	6.02126	5.50049	0.000365755	0.00572113
16.04	6.02045	5.50224	0.000364919	0.00572294
16.05	6.01963	5.50398	0.000364083	0.00572475
16.06	6.01882	5.50571	0.000363245	0.00572656
16.07	6.01802	5.50745	0.000362408	0.00572836
16.08	6.01721	5.50917	0.000361569	0.00573016
16.09	6.0164	5.5109	0.00036073	0.00573195
16.1	6.0156	5.51262	0.00035989	0.00573374
16.11	6.0148	5.51434	0.00035905	0.00573553
16.12	6.014	5.51605	0.000358209	0.00573731
16.13	6.0132	5.51776	0.000357367	0.00573908
16.14	6.01241	5.51946	0.000356525	0.00574086
16.15	6.01161	5.52116	0.000355682	0.00574263
16.16	6.01082	5.52286	0.000354839	0.00574439
16.17	6.01003	5.52455	0.000353995	0.00574615
16.18	6.00924	5.52624	0.00035315	0.00574791
16.19	6.00845	5.52792	0.000352305	0.00574966
16.2	6.00767	5.5296	0.000351459	0.00575141
16.21	6.00689	5.53128	0.000350613	0.00575315
16.22	6.00611	5.53295	0.000349765	0.00575489
16.23	6.00533	5.53462	0.000348918	0.00575662
16.24	6.00455	5.53628	0.000348069	0.00575835
16.25	6.00378	5.53794	0.000347221	0.00576008
16.26	6.003	5.5396	0.000346371	0.0057618
16.27	6.00223	5.54125	0.000345521	0.00576352
16.28	6.00146	5.5429	0.00034467	0.00576523
16.29	6.0007	5.54454	0.000343819	0.00576694
16.3	5.99993	5.54618	0.000342967	0.00576865
16.31	5.99917	5.54782	0.000342115	0.00577035
16.32	5.9984	5.54945	0.000341261	0.00577205
16.33	5.99764	5.55108	0.000340408	0.00577374
16.34	5.99689	5.5527	0.000339554	0.00577543
16.35	5.99613	5.55432	0.000338699	0.00577711
16.36	5.99538	5.55593	0.000337843	0.00577879
16.37	5.99462	5.55755	0.000336987	0.00578047
16.38	5.99387	5.55915	0.000336131	0.00578214
16.39	5.99312	5.56076	0.000335274	0.00578381
16.4	5.99238	5.56235	0.000334416	0.00578547
16.41	5.99163	5.56395	0.000333557	0.00578713
16.42	5.99089	5.56554	0.000332699	0.00578878
16.43	5.99015	5.56713	0.000331839	0.00579044
16.44	5.98941	5.56871	0.000330979	0.00579208
16.45	5.98867	5.57029	0.000330118	0.00579372
16.46	5.98794	5.57186	0.000329257	0.00579536
16.47	5.98721	5.57343	0.000328395	0.00579699
16.48	5.98647	5.575	0.000327533	0.00579862
16.49	5.98575	5.57656	0.00032667	0.00580025
16.5	5.98502	5.57812	0.000325807	0.00580187
16.51	5.98429	5.57967	0.000324943	0.00580348
16.52	5.98357	5.58122	0.000324078	0.0058051
16.53	5.98285	5.58277	0.000323213	0.0058067
16.54	5.98213	5.58431	0.000322347	0.00580831
16.55	5.98141	5.58585	0.000321481	0.00580991
16.56	5.98069	5.58738	0.000320614	0.0058115
16.57	5.97998	5.58891	0.000319747	0.00581309
16.58	5.97927	5.59043	0.000318879	0.00581468
16.59	5.97856	5.59195	0.00031801	0.00581626
16.6	5.97785	5.59347	0.000317141	0.00581784
16.61	5.97714	5.59498	0.000316271	0.00581941
16.62	5.97644	5.59649	0.000315401	0.00582098
16.63	5.97574	5.598	0.000314531	0.00582254
16.64	5.97504	5.5995	0.000313659	0.0058241
16.65	5.97434	5.60099	0.000312788	0.00582566
16.66	5.97364	5.60248	0.000311915	0.00582721
16.67	5.97295	5.60397	0.000311042	0.00582876
16.68	5.97226	5.60545	0.000310169	0.0058303
16.69	5.97156	5.60693	0.000309295	0.00583184
16.7	5.97088	5.60841	0.00030842	0.00583337
16.71	5.97019	5.60988	0.000307545	0.0058349
16.72	5.9695	5.61135	0.00030667	0.00583643
16.73	5.96882	5.61281	0.000305794	0.00583795
16.74	5.96814	5.61427	0.000304917	0.00583947
16.75	5.96746	5.61572	0.00030404	0.00584098
16.76	5.96678	5.61717	0.000303162	0.00584249
16.77	5.96611	5.61862	0.000302284	0.00584399
16.78	5.96544	5.62006	0.000301405	0.00584549
16.79	5.96477	5.6215	0.000300526	0.00584698
16.8	5.9641	5.62293	0.000299646	0.00584848
16.81	5.96343	5.62436	0.000298766	0.00584996
16.82	5.96276	5.62578	0.000297885	0.00585144
16.83	5.9621	5.6272	0.000297004	0.00585292
16.84	5.96144	5.62862	0.000296122	0.00585439
16.85	5.96078	5.63003	0.00029524	0.00585586
16.86	5.96012	5.63144	0.000294357	0.00585733
16.87	5.95947	5.63284	0.000293474	0.00585879
16.88	5.95881	5.63424	0.00029259	0.00586024
16.89	5.95816	5.63564	0.000291705	0.00586169
16.9	5.95751	5.63703	0.00029082	0.00586314
16.91	5.95686	5.63842	0.000289935	0.00586458
16.92	5.95622	5.6398	0.000289049	0.00586602
16.93	5.95558	5.64118	0.000288163	0.00586746
16.94	5.95493	5.64255	0.000287276	0.00586889
16.95	5.95429	5.64392	0.000286388	0.00587031
16.96	5.95366	5.64529	0.0002855	0.00587173
16.97	5.95302	5.64665	0.000284612	0.00587315
16.98	5.95239	5.64801	0.000283723	0.00587456
16.99	5.95176	5.64936	0.000282834	0.00587597
17	5.95113	5.65071	0.000281944	0.00587737
17.01	5.9505	5.65205	0.000281054	0.00587877
17.02	5.94987	5.65339	0.000280163	0.00588016
17.03	5.94925	5.65473	0.000279271	0.00588155
17.04	5.94863	5.65606	0.000278379	0.00588294
17.05	5.94801	5.65739	0.000277487	0.00588432
17.06	5.94739	5.65871	0.000276594	0.00588569
17.07	5.94677	5.66003	0.000275701	0.00588707
17.08	5.94616	5.66135	0.000274807	0.00588843
17.09	5.94555	5.66266	0.000273913	0.0058898
17.1	5.94494	5.66396	0.000273018	0.00589116
17.11	5.94433	5.66526	0.000272123	0.00589251
17.12	5.94372	5.66656	0.000271227	0.00589386
17.13	5.94312	5.66786	0.000270331	0.00589521
17.14	5.94252	5.66915	0.000269435	0.00589655
17.15	5.94192	5.67043	0.000268538	0.00589788
17.16	5.94132	5.67171	0.00026764	0.00589921
17.17	5.94072	5.67299	0.000266742	0.00590054
17.18	5.94013	5.67426	0.000265844	0.00590187
17.19	5.93954	5.67553	0.000264945	0.00590318
17.2	5.93895	5.67679	0.000264045	0.0059045
17.21	5.93836	5.67805	0.000263145	0.00590581
17.22	5.93777	5.6793	0.000262245	0.00590711
17.23	5.93719	5.68056	0.000261344	0.00590841
17.24	5.93661	5.6818	0.000260443	0.00590971
17.25	5.93603	5.68304	0.000259541	0.005911
17.26	5.93545	5.68428	0.000258639	0.00591229
17.27	5.93487	5.68552	0.000257737	0.00591357
17.28	5.9343	5.68674	0.000256833	0.00591485
17.29	5.93373	5.68797	0.00025593	0.00591613
17.3	5.93316	5.68919	0.000255026	0.00591739
17.31	5.93259	5.69041	0.000254122	0.00591866
17.32	5.93202	5.69162	0.000253217	0.00591992
17.33	5.93146	5.69283	0.000252312	0.00592118
17.34	5.9309	5.69403	0.000251406	0.00592243
17.35	5.93034	5.69523	0.0002505	0.00592367
17.36	5.92978	5.69642	0.000249593	0.00592492
17.37	5.92923	5.69761	0.000248686	0.00592616
17.38	5.92867	5.6988	0.000247779	0.00592739
17.39	5.92812	5.69998	0.000246871	0.00592862
17.4	5.92757	5.70116	0.000245962	0.00592984
17.41	5.92702	5.70233	0.000245054	0.00593106
17.42	5.92648	5.7035	0.000244144	0.00593228
17.43	5.92593	5.70466	0.000243235	0.00593349
17.44	5.92539	5.70582	0.000242325	0.0059347
17.45	5.92485	5.70698	0.000241414	0.0059359
17.46	5.92431	5.70813	0.000240503	0.0059371
17.47	5.92378	5.70928	0.000239592	0.00593829
17.48	5.92325	5.71042	0.00023868	0.00593948
17.49	5.92271	5.71156	0.000237768	0.00594066
17.5	5.92218	5.71269	0.000236856	0.00594184
17.51	5.92166	5.71382	0.000235943	0.00594301
17.52	5.92113	5.71495	0.000235029	0.00594419
17.53	5.92061	5.71607	0.000234115	0.00594535
17.54	5.92009	5.71718	0.000233201	0.00594651
17.55	5.91957	5.7183	0.000232287	0.00594767
17.56	5.91905	5.7194	0.000231371	0.00594882
17.57	5.91854	5.72051	0.000230456	0.00594997
17.58	5.91802	5.72161	0.00022954	0.00595111
17.59	5.91751	5.7227	0.000228624	0.00595225
17.6	5.917	5.72379	0.000227707	0.00595338
17.61	5.9165	5.72488	0.00022679	0.00595451
17.62	5.91599	5.72596	0.000225873	0.00595564
17.63	5.91549	5.72704	0.000224955	0.00595676
17.64	5.91499	5.72811	0.000224037	0.00595788
17.65	5.91449	5.72918	0.000223118	0.00595899
17.66	5.91399	5.73024	0.000222199	0.00596009
17.67	5.9135	5.7313	0.00022128	0.0059612
17.68	5.913	5.73236	0.00022036	0.00596229
17.69	5.91251	5.73341	0.00021944	0.00596339
17.7	5.91202	5.73445	0.000218519	0.00596447
17.71	5.91154	5.7355	0.000217598	0.00596556
17.72	5.91105	5.73653	0.000216677	0.00596664
17.73	5.91057	5.73757	0.000215755	0.00596771
17.74	5.91009	5.7386	0.000214833	0.00596878
17.75	5.90961	5.73962	0.00021391	0.00596985
17.76	5.90914	5.74064	0.000212987	0.00597091
17.77	5.90866	5.74166	0.000212064	0.00597197
17.78	5.90819	5.74267	0.00021114	0.00597302
17.79	5.90772	5.74368	0.000210216	0.00597407
17.8	5.90725	5.74468	0.000209292	0.00597511
17.81	5.90678	5.74568	0.000208367	0.00597615
17.82	5.90632	5.74667	0.000207442	0.00597718
17.83	5.90586	5.74766	0.000206517	0.00597821
17.84	5.9054	5.74864	0.000205591	0.00597923
17.85	5.90494	5.74962	0.000204665	0.00598025
17.86	5.90449	5.7506	0.000203738	0.00598127
17.87	5.90403	5.75157	0.000202811	0.00598228
17.88	5.90358	5.75254	0.000201884	0.00598328
17.89	5.90313	5.7535	0.000200956	0.00598429
17.9	5.90268	5.75446	0.000200028	0.00598528
17.91	5.90224	5.75541	0.0001991	0.00598628
17.92	5.90179	5.75636	0.000198171	0.00598726
17.93	5.90135	5.75731	0.000197242	0.00598825
17.94	5.90091	5.75825	0.000196313	0.00598922
17.95	5.90048	5.75919	0.000195383	0.0059902
17.96	5.90004	5.76012	0.000194453	0.00599117
17.97	5.89961	5.76104	0.000193522	0.00599213
17.98	5.89918	5.76197	0.000192591	0.00599309
17.99	5.89875	5.76289	0.00019166	0.00599405
18	5.89832	5.7638	0.000190729	0.005995
18.01	5.8979	5.76471	0.000189797	0.00599594
18.02	5.89747	5.76561	0.000188865	0.00599689
18.03	5.89705	5.76652	0.000187932	0.00599782
18.04	5.89664	5.76741	0.000186999	0.00599875
18.05	5.89622	5.7683	0.000186066	0.00599968
18.06	5.89581	5.76919	0.000185133	0.0060006
18.07	5.89539	5.77007	0.000184199	0.00600152
18.08	5.89498	5.77095	0.000183265	0.00600244
18.09	5.89457	5.77183	0.00018233	0.00600335
18.1	5.89417	5.7727	0.000181395	0.00600425
18.11	5.89376	5.77356	0.00018046	0.00600515
18.12	5.89336	5.77442	0.000179525	0.00600605
18.13	5.89296	5.77528	0.000178589	0.00600694
18.14	5.89257	5.77613	0.000177653	0.00600782
18.15	5.89217	5.77698	0.000176716	0.0060087
18.16	5.89178	5.77782	0.000175779	0.00600958
18.17	5.89139	5.77866	0.000174842	0.00601045
18.18	5.891	5.77949	0.000173905	0.00601132
18.19	5.89061	5.78032	0.000172967	0.00601218
18.2	5.89022	5.78115	0.000172029	0.00601304
18.21	5.88984	5.78197	0.000171091	0.00601389
18.22	5.88946	5.78278	0.000170152	0.00601474
18.23	5.88908	5.78359	0.000169213	0.00601559
18.24	5.8887	5.7844	0.000168274	0.00601642
18.25	5.88833	5.7852	0.000167334	0.00601726
18.26	5.88796	5.786	0.000166394	0.00601809
18.27	5.88759	5.78679	0.000165454	0.00601891
18.28	5.88722	5.78758	0.000164514	0.00601974
18.29	5.88685	5.78837	0.000163573	0.00602055
18.3	5.88649	5.78915	0.000162632	0.00602136
18.31	5.88612	5.78992	0.000161691	0.00602217
18.32	5.88576	5.7907	0.000160749	0.00602297
18.33	5.88541	5.79146	0.000159807	0.00602377
18.34	5.88505	5.79222	0.000158865	0.00602456
18.35	5.8847	5.79298	0.000157922	0.00602535
18.36	5.88435	5.79373	0.000156979	0.00602613
18.37	5.884	5.79448	0.000156036	0.00602691
18.38	5.88365	5.79523	0.000155093	0.00602769
18.39	5.8833	5.79597	0.000154149	0.00602845
18.4	5.88296	5.7967	0.000153205	0.00602922
18.41	5.88262	5.79743	0.000152261	0.00602998
18.42	5.88228	5.79816	0.000151316	0.00603073
18.43	5.88194	5.79888	0.000150371	0.00603149
18.44	5.88161	5.7996	0.000149426	0.00603223
18.45	5.88128	5.80031	0.000148481	0.00603297
18.46	5.88094	5.80102	0.000147535	0.00603371
18.47	5.88062	5.80172	0.000146589	0.00603444
18.48	5.88029	5.80242	0.000145643	0.00603517
18.49	5.87997	5.80312	0.000144696	0.00603589
18.5	5.87964	5.80381	0.00014375	0.00603661
18.51	5.87932	5.80449	0.000142803	0.00603732
18.52	5.87901	5.80517	0.000141855	0.00603803
18.53	5.87869	5.80585	0.000140908	0.00603873
18.54	5.87838	5.80652	0.00013996	0.00603943
18.55	5.87806	5.80719	0.000139012	0.00604013
18.56	5.87775	5.80785	0.000138064	0.00604082
18.57	5.87745	5.80851	0.000137115	0.0060415
18.58	5.87714	5.80916	0.000136166	0.00604218
18.59	5.87684	5.80981	0.000135217	0.00604286
18.6	5.87654	5.81046	0.000134268	0.00604353
18.61	5.87624	5.8111	0.000133318	0.00604419
18.62	5.87594	5.81173	0.000132368	0.00604485
18.63	5.87565	5.81237	0.000131418	0.00604551
18.64	5.87535	5.81299	0.000130467	0.00604616
18.65	5.87506	5.81361	0.000129517	0.00604681
18.66	5.87478	5.81423	0.000128566	0.00604745
18.67	5.87449	5.81484	0.000127615	0.00604809
18.68	5.87421	5.81545	0.000126663	0.00604872
18.69	5.87392	5.81606	0.000125712	0.00604935
18.7	5.87364	5.81666	0.00012476	0.00604997
18.71	5.87337	5.81725	0.000123808	0.00605059
18.72	5.87309	5.81784	0.000122855	0.00605121
18.73	5.87282	5.81843	0.000121902	0.00605182
18.74	5.87254	5.81901	0.00012095	0.00605242
18.75	5.87228	5.81959	0.000119996	0.00605302
18.76	5.87201	5.82016	0.000119043	0.00605362
18.77	5.87174	5.82073	0.00011809	0.00605421
18.78	5.87148	5.82129	0.000117136	0.00605479
18.79	5.87122	5.82185	0.000116182	0.00605537
18.8	5.87096	5.8224	0.000115227	0.00605595
18.81	5.8707	5.82295	0.000114273	0.00605652
18.82	5.87045	5.8235	0.000113318	0.00605709
18.83	5.8702	5.82404	0.000112363	0.00605765
18.84	5.86995	5.82457	0.000111408	0.00605821
18.85	5.8697	5.8251	0.000110452	0.00605876
18.86	5.86945	5.82563	0.000109497	0.00605931
18.87	5.86921	5.82615	0.000108541	0.00605985
18.88	5.86897	5.82667	0.000107585	0.00606039
18.89	5.86873	5.82718	0.000106628	0.00606092
18.9	5.86849	5.82769	0.000105672	0.00606145
18.91	5.86826	5.8282	0.000104715	0.00606198
18.92	5.86802	5.8287	0.000103758	0.0060625
18.93	5.86779	5.82919	0.000102801	0.00606301
18.94	5.86756	5.82968	0.000101843	0.00606352
18.95	5.86734	5.83017	0.000100886	0.00606403
18.96	5.86711	5.83065	9.99277e-05	0.00606453
18.97	5.86689	5.83112	9.89696e-05	0.00606502
18.98	5.86667	5.8316	9.80113e-05	0.00606551
18.99	5.86645	5.83206	9.70527e-05	0.006066
19	5.86623	5.83253	9.6094e-05	0.00606648
19.01	5.86602	5.83298	9.5135e-05	0.00606696
19.02	5.86581	5.83344	9.41758e-05	0.00606743
19.03	5.8656	5.83389	9.32164e-05	0.0060679
19.04	5.86539	5.83433	9.22567e-05	0.00606836
19.05	5.86518	5.83477	9.12969e-05	0.00606882
19.06	5.86498	5.83521	9.03369e-05	0.00606927
19.07	5.86478	5.83564	8.93766e-05	0.00606972
19.08	5.86458	5.83606	8.84161e-05	0.00607016
19.09	5.86438	5.83649	8.74555e-05	0.0060706
19.1	5.86419	5.8369	8.64946e-05	0.00607103
19.11	5.864	5.83732	8.55335e-05	0.00607146
19.12	5.86381	5.83772	8.45722e-05	0.00607189
19.13	5.86362	5.83813	8.36106e-05	0.00607231
19.14	5.86343	5.83853	8.26489e-05	0.00607272
19.15	5.86325	5.83892	8.1687e-05	0.00607313
19.16	5.86307	5.83931	8.07248e-05	0.00607354
19.17	5.86289	5.83969	7.97625e-05	0.00607394
19.18	5.86271	5.84008	7.87999e-05	0.00607433
19.19	5.86253	5.84045	7.78371e-05	0.00607472
19.2	5.86236	5.84082	7.68741e-05	0.00607511
19.21	5.86219	5.84119	7.59109e-05	0.00607549
19.22	5.86202	5.84155	7.49475e-05	0.00607587
19.23	5.86185	5.84191	7.39839e-05	0.00607624
19.24	5.86169	5.84226	7.30201e-05	0.00607661
19.25	5.86153	5.84261	7.2056e-05	0.00607697
19.26	5.86137	5.84295	7.10918e-05	0.00607733
19.27	5.86121	5.84329	7.01273e-05	0.00607768
19.28	5.86105	5.84363	6.91627e-05	0.00607803
19.29	5.8609	5.84396	6.81978e-05	0.00607837
19.3	5.86075	5.84428	6.72327e-05	0.00607871
19.31	5.8606	5.8446	6.62673e-05	0.00607904
19.32	5.86045	5.84492	6.53018e-05	0.00607937
19.33	5.8603	5.84523	6.4336e-05	0.00607969
19.34	5.86016	5.84554	6.337e-05	0.00608001
19.35	5.86002	5.84584	6.24038e-05	0.00608033
19.36	5.85988	5.84614	6.14374e-05	0.00608064
19.37	5.85974	5.84643	6.04707e-05	0.00608094
19.38	5.85961	5.84672	5.95038e-05	0.00608124
19.39	5.85948	5.847	5.85367e-05	0.00608154
19.4	5.85934	5.84728	5.75693e-05	0.00608183
19.41	5.85922	5.84755	5.66017e-05	0.00608211
19.42	5.85909	5.84782	5.56339e-05	0.00608239
19.43	5.85897	5.84809	5.46658e-05	0.00608267
19.44	5.85885	5.84835	5.36975e-05	0.00608294
19.45	5.85873	5.84861	5.27289e-05	0.00608321
19.46	5.85861	5.84886	5.17601e-05	0.00608347
