LeakagePort 1	Current turn 0.5	Pressure storage 11.6818	Pressure reaction 1.63873
Elapsed	Storage	Reaction	Flow rate	Modelled cm3 H2	
0	11.6818	1.63873	0.00219696	0.00170577
0.01	11.6818	1.63873	0.00219696	0.00170577
0.02	11.6769	1.6492	0.00219605	0.00171667
0.03	11.6721	1.65966	0.00219513	0.00172756
0.04	11.6672	1.67012	0.00219421	0.00173845
0.05	11.6623	1.68058	0.0021933	0.00174934
0.06	11.6575	1.69103	0.00219238	0.00176022
0.07	11.6526	1.70148	0.00219147	0.00177109
0.08	11.6478	1.71192	0.00219055	0.00178196
0.09	11.6429	1.72236	0.00218964	0.00179283
0.1	11.638	1.73279	0.00218873	0.00180369
0.11	11.6332	1.74322	0.00218781	0.00181455
0.12	11.6283	1.75365	0.0021869	0.0018254
0.13	11.6235	1.76407	0.00218599	0.00183625
0.14	11.6186	1.77449	0.00218508	0.00184709
0.15	11.6138	1.7849	0.00218416	0.00185793
0.16	11.6089	1.79531	0.00218325	0.00186876
0.17	11.6041	1.80571	0.00218234	0.00187959
0.18	11.5992	1.81611	0.00218143	0.00189042
0.19	11.5944	1.82651	0.00218052	0.00190124
0.2	11.5896	1.8369	0.00217961	0.00191205
0.21	11.5847	1.84728	0.0021787	0.00192286
0.22	11.5799	1.85767	0.00217779	0.00193367
0.23	11.5751	1.86804	0.00217689	0.00194447
0.24	11.5702	1.87842	0.00217598	0.00195527
0.25	11.5654	1.88879	0.00217507	0.00196607
0.26	11.5606	1.89915	0.00217416	0.00197686
0.27	11.5558	1.90951	0.00217325	0.00198764
0.28	11.5509	1.91987	0.00217235	0.00199842
0.29	11.5461	1.93022	0.00217144	0.0020092
0.3	11.5413	1.94057	0.00217054	0.00201997
0.31	11.5365	1.95091	0.00216963	0.00203073
0.32	11.5317	1.96125	0.00216872	0.00204149
0.33	11.5269	1.97159	0.00216782	0.00205225
0.34	11.5221	1.98192	0.00216692	0.00206301
0.35	11.5173	1.99224	0.00216601	0.00207375
0.36	11.5124	2.00256	0.00216511	0.0020845
0.37	11.5076	2.01288	0.0021642	0.00209524
0.38	11.5028	2.02319	0.0021633	0.00210597
0.39	11.498	2.0335	0.0021624	0.0021167
0.4	11.4932	2.04381	0.0021615	0.00212743
0.41	11.4885	2.05411	0.0021606	0.00213815
0.42	11.4837	2.0644	0.00215969	0.00214887
0.43	11.4789	2.0747	0.00215879	0.00215958
0.44	11.4741	2.08498	0.00215789	0.00217029
0.45	11.4693	2.09527	0.00215699	0.00218099
0.46	11.4645	2.10555	0.00215609	0.00219169
0.47	11.4597	2.11582	0.00215519	0.00220239
0.48	11.4549	2.12609	0.00215429	0.00221308
0.49	11.4502	2.13636	0.00215339	0.00222376
0.5	11.4454	2.14662	0.0021525	0.00223445
0.51	11.4406	2.15687	0.0021516	0.00224512
0.52	11.4358	2.16713	0.0021507	0.0022558
0.53	11.4311	2.17738	0.0021498	0.00226646
0.54	11.4263	2.18762	0.00214891	0.00227713
0.55	11.4215	2.19786	0.00214801	0.00228779
0.56	11.4168	2.2081	0.00214711	0.00229844
0.57	11.412	2.21833	0.00214622	0.00230909
0.58	11.4072	2.22856	0.00214532	0.00231974
0.59	11.4025	2.23878	0.00214443	0.00233038
0.6	11.3977	2.249	0.00214353	0.00234102
0.61	11.393	2.25921	0.00214264	0.00235165
0.62	11.3882	2.26942	0.00214174	0.00236228
0.63	11.3835	2.27963	0.00214085	0.0023729
0.64	11.3787	2.28983	0.00213996	0.00238352
0.65	11.374	2.30003	0.00213907	0.00239413
0.66	11.3692	2.31022	0.00213817	0.00240475
0.67	11.3645	2.32041	0.00213728	0.00241535
0.68	11.3597	2.3306	0.00213639	0.00242595
0.69	11.355	2.34078	0.0021355	0.00243655
0.7	11.3503	2.35095	0.00213461	0.00244714
0.71	11.3455	2.36113	0.00213372	0.00245773
0.72	11.3408	2.37129	0.00213283	0.00246832
0.73	11.3361	2.38146	0.00213194	0.00247889
0.74	11.3313	2.39162	0.00213105	0.00248947
0.75	11.3266	2.40177	0.00213016	0.00250004
0.76	11.3219	2.41192	0.00212927	0.00251061
0.77	11.3172	2.42207	0.00212838	0.00252117
0.78	11.3124	2.43221	0.00212749	0.00253173
0.79	11.3077	2.44235	0.00212661	0.00254228
0.8	11.303	2.45248	0.00212572	0.00255283
0.81	11.2983	2.46261	0.00212483	0.00256337
0.82	11.2936	2.47274	0.00212394	0.00257391
0.83	11.2889	2.48286	0.00212306	0.00258445
0.84	11.2842	2.49298	0.00212217	0.00259498
0.85	11.2794	2.50309	0.00212129	0.0026055
0.86	11.2747	2.5132	0.0021204	0.00261603
0.87	11.27	2.5233	0.00211952	0.00262654
0.88	11.2653	2.5334	0.00211863	0.00263706
0.89	11.2606	2.5435	0.00211775	0.00264757
0.9	11.2559	2.55359	0.00211687	0.00265807
0.91	11.2512	2.56368	0.00211598	0.00266857
0.92	11.2465	2.57376	0.0021151	0.00267907
0.93	11.2419	2.58384	0.00211422	0.00268956
0.94	11.2372	2.59392	0.00211334	0.00270005
0.95	11.2325	2.60399	0.00211245	0.00271053
0.96	11.2278	2.61406	0.00211157	0.00272101
0.97	11.2231	2.62412	0.00211069	0.00273148
0.98	11.2184	2.63418	0.00210981	0.00274195
0.99	11.2137	2.64423	0.00210893	0.00275242
1	11.2091	2.65428	0.00210805	0.00276288
1.01	11.2044	2.66433	0.00210717	0.00277334
1.02	11.1997	2.67437	0.00210629	0.00278379
1.03	11.195	2.6844	0.00210541	0.00279424
1.04	11.1904	2.69444	0.00210454	0.00280468
1.05	11.1857	2.70447	0.00210366	0.00281512
1.06	11.181	2.71449	0.00210278	0.00282555
1.07	11.1764	2.72451	0.0021019	0.00283598
1.08	11.1717	2.73453	0.00210103	0.00284641
1.09	11.167	2.74454	0.00210015	0.00285683
1.1	11.1624	2.75455	0.00209927	0.00286725
1.11	11.1577	2.76455	0.0020984	0.00287766
1.12	11.1531	2.77455	0.00209752	0.00288807
1.13	11.1484	2.78455	0.00209665	0.00289847
1.14	11.1438	2.79454	0.00209577	0.00290887
1.15	11.1391	2.80452	0.0020949	0.00291927
1.16	11.1345	2.81451	0.00209402	0.00292966
1.17	11.1298	2.82449	0.00209315	0.00294005
1.18	11.1252	2.83446	0.00209228	0.00295043
1.19	11.1205	2.84443	0.0020914	0.00296081
1.2	11.1159	2.8544	0.00209053	0.00297118
1.21	11.1113	2.86436	0.00208966	0.00298155
1.22	11.1066	2.87432	0.00208879	0.00299192
1.23	11.102	2.88427	0.00208792	0.00300228
1.24	11.0974	2.89422	0.00208704	0.00301264
1.25	11.0927	2.90417	0.00208617	0.00302299
1.26	11.0881	2.91411	0.0020853	0.00303334
1.27	11.0835	2.92404	0.00208443	0.00304368
1.28	11.0789	2.93398	0.00208356	0.00305402
1.29	11.0742	2.94391	0.00208269	0.00306436
1.3	11.0696	2.95383	0.00208183	0.00307469
1.31	11.065	2.96375	0.00208096	0.00308501
1.32	11.0604	2.97367	0.00208009	0.00309534
1.33	11.0558	2.98358	0.00207922	0.00310565
1.34	11.0512	2.99349	0.00207835	0.00311597
1.35	11.0465	3.00339	0.00207749	0.00312628
1.36	11.0419	3.01329	0.00207662	0.00313658
1.37	11.0373	3.02319	0.00207575	0.00314688
1.38	11.0327	3.03308	0.00207489	0.00315718
1.39	11.0281	3.04297	0.00207402	0.00316747
1.4	11.0235	3.05285	0.00207316	0.00317776
1.41	11.0189	3.06273	0.00207229	0.00318804
1.42	11.0143	3.07261	0.00207143	0.00319832
1.43	11.0097	3.08248	0.00207056	0.0032086
1.44	11.0051	3.09234	0.0020697	0.00321887
1.45	11.0005	3.10221	0.00206884	0.00322913
1.46	10.996	3.11207	0.00206797	0.00323939
1.47	10.9914	3.12192	0.00206711	0.00324965
1.48	10.9868	3.13177	0.00206625	0.00325991
1.49	10.9822	3.14162	0.00206539	0.00327016
1.5	10.9776	3.15146	0.00206452	0.0032804
1.51	10.973	3.1613	0.00206366	0.00329064
1.52	10.9685	3.17113	0.0020628	0.00330088
1.53	10.9639	3.18096	0.00206194	0.00331111
1.54	10.9593	3.19079	0.00206108	0.00332134
1.55	10.9547	3.20061	0.00206022	0.00333156
1.56	10.9502	3.21043	0.00205936	0.00334178
1.57	10.9456	3.22024	0.0020585	0.003352
1.58	10.941	3.23005	0.00205764	0.00336221
1.59	10.9365	3.23985	0.00205678	0.00337241
1.6	10.9319	3.24966	0.00205593	0.00338262
1.61	10.9273	3.25945	0.00205507	0.00339281
1.62	10.9228	3.26925	0.00205421	0.00340301
1.63	10.9182	3.27904	0.00205335	0.0034132
1.64	10.9137	3.28882	0.0020525	0.00342338
1.65	10.9091	3.2986	0.00205164	0.00343356
1.66	10.9046	3.30838	0.00205079	0.00344374
1.67	10.9	3.31815	0.00204993	0.00345391
1.68	10.8955	3.32792	0.00204907	0.00346408
1.69	10.8909	3.33768	0.00204822	0.00347424
1.7	10.8864	3.34744	0.00204737	0.0034844
1.71	10.8818	3.3572	0.00204651	0.00349456
1.72	10.8773	3.36695	0.00204566	0.00350471
1.73	10.8728	3.3767	0.0020448	0.00351486
1.74	10.8682	3.38645	0.00204395	0.003525
1.75	10.8637	3.39619	0.0020431	0.00353514
1.76	10.8592	3.40592	0.00204225	0.00354527
1.77	10.8546	3.41565	0.00204139	0.0035554
1.78	10.8501	3.42538	0.00204054	0.00356553
1.79	10.8456	3.43511	0.00203969	0.00357565
1.8	10.841	3.44483	0.00203884	0.00358577
1.81	10.8365	3.45454	0.00203799	0.00359588
1.82	10.832	3.46425	0.00203714	0.00360599
1.83	10.8275	3.47396	0.00203629	0.0036161
1.84	10.823	3.48366	0.00203544	0.0036262
1.85	10.8185	3.49336	0.00203459	0.00363629
1.86	10.8139	3.50306	0.00203374	0.00364639
1.87	10.8094	3.51275	0.00203289	0.00365647
1.88	10.8049	3.52244	0.00203204	0.00366656
1.89	10.8004	3.53212	0.0020312	0.00367664
1.9	10.7959	3.5418	0.00203035	0.00368671
1.91	10.7914	3.55148	0.0020295	0.00369678
1.92	10.7869	3.56115	0.00202866	0.00370685
1.93	10.7824	3.57081	0.00202781	0.00371691
1.94	10.7779	3.58048	0.00202696	0.00372697
1.95	10.7734	3.59014	0.00202612	0.00373703
1.96	10.7689	3.59979	0.00202527	0.00374708
1.97	10.7644	3.60944	0.00202443	0.00375712
1.98	10.7599	3.61909	0.00202358	0.00376716
1.99	10.7554	3.62873	0.00202274	0.0037772
2	10.7509	3.63837	0.00202189	0.00378724
2.01	10.7465	3.64801	0.00202105	0.00379727
2.02	10.742	3.65764	0.00202021	0.00380729
2.03	10.7375	3.66727	0.00201937	0.00381731
2.04	10.733	3.67689	0.00201852	0.00382733
2.05	10.7285	3.68651	0.00201768	0.00383734
2.06	10.7241	3.69612	0.00201684	0.00384735
2.07	10.7196	3.70573	0.002016	0.00385735
2.08	10.7151	3.71534	0.00201516	0.00386735
2.09	10.7106	3.72494	0.00201432	0.00387735
2.1	10.7062	3.73454	0.00201348	0.00388734
2.11	10.7017	3.74414	0.00201264	0.00389733
2.12	10.6972	3.75373	0.0020118	0.00390731
2.13	10.6928	3.76332	0.00201096	0.00391729
2.14	10.6883	3.7729	0.00201012	0.00392727
2.15	10.6839	3.78248	0.00200928	0.00393724
2.16	10.6794	3.79205	0.00200844	0.0039472
2.17	10.675	3.80162	0.0020076	0.00395717
2.18	10.6705	3.81119	0.00200676	0.00396712
2.19	10.666	3.82075	0.00200593	0.00397708
2.2	10.6616	3.83031	0.00200509	0.00398703
2.21	10.6571	3.83987	0.00200425	0.00399697
2.22	10.6527	3.84942	0.00200342	0.00400692
2.23	10.6483	3.85896	0.00200258	0.00401685
2.24	10.6438	3.86851	0.00200175	0.00402679
2.25	10.6394	3.87805	0.00200091	0.00403672
2.26	10.6349	3.88758	0.00200008	0.00404664
2.27	10.6305	3.89711	0.00199924	0.00405656
2.28	10.6261	3.90664	0.00199841	0.00406648
2.29	10.6216	3.91616	0.00199757	0.00407639
2.3	10.6172	3.92568	0.00199674	0.0040863
2.31	10.6128	3.9352	0.00199591	0.0040962
2.32	10.6083	3.94471	0.00199508	0.0041061
2.33	10.6039	3.95422	0.00199424	0.004116
2.34	10.5995	3.96372	0.00199341	0.00412589
2.35	10.5951	3.97322	0.00199258	0.00413578
2.36	10.5906	3.98271	0.00199175	0.00414566
2.37	10.5862	3.9922	0.00199092	0.00415554
2.38	10.5818	4.00169	0.00199009	0.00416542
2.39	10.5774	4.01118	0.00198926	0.00417529
2.4	10.573	4.02065	0.00198843	0.00418516
2.41	10.5686	4.03013	0.0019876	0.00419502
2.42	10.5642	4.0396	0.00198677	0.00420488
2.43	10.5598	4.04907	0.00198594	0.00421474
2.44	10.5554	4.05853	0.00198511	0.00422459
2.45	10.5509	4.06799	0.00198428	0.00423443
2.46	10.5465	4.07745	0.00198345	0.00424428
2.47	10.5421	4.0869	0.00198263	0.00425412
2.48	10.5377	4.09635	0.0019818	0.00426395
2.49	10.5334	4.10579	0.00198097	0.00427378
2.5	10.529	4.11523	0.00198015	0.00428361
2.51	10.5246	4.12467	0.00197932	0.00429343
2.52	10.5202	4.1341	0.00197849	0.00430325
2.53	10.5158	4.14353	0.00197767	0.00431306
2.54	10.5114	4.15295	0.00197684	0.00432287
2.55	10.507	4.16237	0.00197602	0.00433268
2.56	10.5026	4.17179	0.00197519	0.00434248
2.57	10.4982	4.1812	0.00197437	0.00435228
2.58	10.4939	4.19061	0.00197355	0.00436207
2.59	10.4895	4.20002	0.00197272	0.00437186
2.6	10.4851	4.20942	0.0019719	0.00438164
2.61	10.4807	4.21881	0.00197108	0.00439142
2.62	10.4764	4.22821	0.00197026	0.0044012
2.63	10.472	4.2376	0.00196943	0.00441098
2.64	10.4676	4.24698	0.00196861	0.00442074
2.65	10.4633	4.25636	0.00196779	0.00443051
2.66	10.4589	4.26574	0.00196697	0.00444027
2.67	10.4545	4.27511	0.00196615	0.00445003
2.68	10.4502	4.28448	0.00196533	0.00445978
2.69	10.4458	4.29385	0.00196451	0.00446953
2.7	10.4415	4.30321	0.00196369	0.00447927
2.71	10.4371	4.31257	0.00196287	0.00448901
2.72	10.4327	4.32192	0.00196205	0.00449875
2.73	10.4284	4.33127	0.00196123	0.00450848
2.74	10.424	4.34062	0.00196041	0.00451821
2.75	10.4197	4.34996	0.0019596	0.00452793
2.76	10.4153	4.3593	0.00195878	0.00453765
2.77	10.411	4.36863	0.00195796	0.00454737
2.78	10.4067	4.37796	0.00195714	0.00455708
2.79	10.4023	4.38729	0.00195633	0.00456679
2.8	10.398	4.39661	0.00195551	0.0045765
2.81	10.3936	4.40593	0.0019547	0.0045862
2.82	10.3893	4.41524	0.00195388	0.00459589
2.83	10.385	4.42455	0.00195307	0.00460558
2.84	10.3806	4.43386	0.00195225	0.00461527
2.85	10.3763	4.44316	0.00195144	0.00462495
2.86	10.372	4.45246	0.00195062	0.00463463
2.87	10.3676	4.46176	0.00194981	0.00464431
2.88	10.3633	4.47105	0.00194899	0.00465398
2.89	10.359	4.48034	0.00194818	0.00466365
2.9	10.3547	4.48962	0.00194737	0.00467331
2.91	10.3504	4.4989	0.00194656	0.00468297
2.92	10.346	4.50818	0.00194574	0.00469263
2.93	10.3417	4.51745	0.00194493	0.00470228
2.94	10.3374	4.52672	0.00194412	0.00471193
2.95	10.3331	4.53598	0.00194331	0.00472157
2.96	10.3288	4.54524	0.0019425	0.00473121
2.97	10.3245	4.5545	0.00194169	0.00474085
2.98	10.3202	4.56375	0.00194088	0.00475048
2.99	10.3159	4.573	0.00194007	0.0047601
3	10.3116	4.58225	0.00193926	0.00476973
3.01	10.3073	4.59149	0.00193845	0.00477935
3.02	10.303	4.60072	0.00193764	0.00478896
3.03	10.2987	4.60996	0.00193683	0.00479857
3.04	10.2944	4.61919	0.00193603	0.00480818
3.05	10.2901	4.62841	0.00193522	0.00481778
3.06	10.2858	4.63764	0.00193441	0.00482738
3.07	10.2815	4.64685	0.0019336	0.00483698
3.08	10.2772	4.65607	0.0019328	0.00484657
3.09	10.2729	4.66528	0.00193199	0.00485616
3.1	10.2686	4.67449	0.00193118	0.00486574
3.11	10.2643	4.68369	0.00193038	0.00487532
3.12	10.26	4.69289	0.00192957	0.0048849
3.13	10.2558	4.70208	0.00192877	0.00489447
3.14	10.2515	4.71127	0.00192796	0.00490403
3.15	10.2472	4.72046	0.00192716	0.0049136
3.16	10.2429	4.72964	0.00192636	0.00492316
3.17	10.2387	4.73882	0.00192555	0.00493271
3.18	10.2344	4.748	0.00192475	0.00494226
3.19	10.2301	4.75717	0.00192395	0.00495181
3.2	10.2259	4.76634	0.00192314	0.00496135
3.21	10.2216	4.7755	0.00192234	0.00497089
3.22	10.2173	4.78467	0.00192154	0.00498043
3.23	10.2131	4.79382	0.00192074	0.00498996
3.24	10.2088	4.80298	0.00191994	0.00499949
3.25	10.2045	4.81212	0.00191913	0.00500901
3.26	10.2003	4.82127	0.00191833	0.00501853
3.27	10.196	4.83041	0.00191753	0.00502805
3.28	10.1918	4.83955	0.00191673	0.00503756
3.29	10.1875	4.84868	0.00191593	0.00504707
3.3	10.1833	4.85781	0.00191513	0.00505657
3.31	10.179	4.86694	0.00191434	0.00506607
3.32	10.1748	4.87606	0.00191354	0.00507556
3.33	10.1705	4.88518	0.00191274	0.00508506
3.34	10.1663	4.8943	0.00191194	0.00509454
3.35	10.162	4.90341	0.00191114	0.00510403
3.36	10.1578	4.91251	0.00191035	0.00511351
3.37	10.1536	4.92162	0.00190955	0.00512298
3.38	10.1493	4.93072	0.00190875	0.00513246
3.39	10.1451	4.93981	0.00190796	0.00514192
3.4	10.1409	4.9489	0.00190716	0.00515139
3.41	10.1366	4.95799	0.00190636	0.00516085
3.42	10.1324	4.96708	0.00190557	0.0051703
3.43	10.1282	4.97616	0.00190477	0.00517976
3.44	10.124	4.98523	0.00190398	0.0051892
3.45	10.1197	4.99431	0.00190318	0.00519865
3.46	10.1155	5.00338	0.00190239	0.00520809
3.47	10.1113	5.01244	0.0019016	0.00521753
3.48	10.1071	5.0215	0.0019008	0.00522696
3.49	10.1029	5.03056	0.00190001	0.00523639
3.5	10.0986	5.03962	0.00189922	0.00524581
3.51	10.0944	5.04867	0.00189843	0.00525523
3.52	10.0902	5.05771	0.00189763	0.00526465
3.53	10.086	5.06676	0.00189684	0.00527406
3.54	10.0818	5.0758	0.00189605	0.00528347
3.55	10.0776	5.08483	0.00189526	0.00529288
3.56	10.0734	5.09386	0.00189447	0.00530228
3.57	10.0692	5.10289	0.00189368	0.00531167
3.58	10.065	5.11191	0.00189289	0.00532107
3.59	10.0608	5.12093	0.0018921	0.00533046
3.6	10.0566	5.12995	0.00189131	0.00533984
3.61	10.0524	5.13896	0.00189052	0.00534922
3.62	10.0482	5.14797	0.00188973	0.0053586
3.63	10.044	5.15698	0.00188894	0.00536797
3.64	10.0398	5.16598	0.00188815	0.00537734
3.65	10.0356	5.17498	0.00188737	0.00538671
3.66	10.0314	5.18397	0.00188658	0.00539607
3.67	10.0273	5.19296	0.00188579	0.00540543
3.68	10.0231	5.20195	0.00188501	0.00541478
3.69	10.0189	5.21093	0.00188422	0.00542413
3.7	10.0147	5.21991	0.00188343	0.00543348
3.71	10.0105	5.22888	0.00188265	0.00544282
3.72	10.0064	5.23786	0.00188186	0.00545216
3.73	10.0022	5.24682	0.00188108	0.0054615
3.74	9.99801	5.25579	0.00188029	0.00547083
3.75	9.99384	5.26475	0.00187951	0.00548015
3.76	9.98967	5.2737	0.00187872	0.00548948
3.77	9.9855	5.28266	0.00187792	0.0054988
3.78	9.98133	5.29161	0.0018771	0.00550811
3.79	9.97717	5.30055	0.00187628	0.00551742
3.8	9.97301	5.30949	0.00187545	0.00552673
3.81	9.96885	5.31843	0.00187461	0.00553603
3.82	9.96469	5.32736	0.00187376	0.00554533
3.83	9.96053	5.33629	0.0018729	0.00555462
3.84	9.95638	5.34522	0.00187203	0.00556392
3.85	9.95222	5.35414	0.00187115	0.0055732
3.86	9.94807	5.36305	0.00187026	0.00558248
3.87	9.94392	5.37197	0.00186936	0.00559176
3.88	9.93978	5.38088	0.00186845	0.00560103
3.89	9.93563	5.38978	0.00186753	0.0056103
3.9	9.93149	5.39868	0.0018666	0.00561956
3.91	9.92735	5.40757	0.00186566	0.00562882
3.92	9.92321	5.41646	0.00186471	0.00563808
3.93	9.91907	5.42535	0.00186375	0.00564733
3.94	9.91494	5.43423	0.00186278	0.00565657
3.95	9.91081	5.44311	0.00186181	0.00566581
3.96	9.90668	5.45198	0.00186082	0.00567505
3.97	9.90255	5.46085	0.00185982	0.00568428
3.98	9.89842	5.46971	0.00185881	0.0056935
3.99	9.8943	5.47857	0.00185779	0.00570272
4	9.89018	5.48742	0.00185676	0.00571194
4.01	9.88606	5.49627	0.00185572	0.00572115
4.02	9.88194	5.50511	0.00185468	0.00573035
4.03	9.87783	5.51395	0.00185362	0.00573955
4.04	9.87372	5.52278	0.00185255	0.00574875
4.05	9.86961	5.53161	0.00185147	0.00575794
4.06	9.8655	5.54043	0.00185039	0.00576712
4.07	9.86139	5.54925	0.00184929	0.0057763
4.08	9.85729	5.55807	0.00184818	0.00578547
4.09	9.85319	5.56687	0.00184706	0.00579464
4.1	9.84909	5.57567	0.00184594	0.0058038
4.11	9.845	5.58447	0.0018448	0.00581296
4.12	9.84091	5.59326	0.00184365	0.00582211
4.13	9.83682	5.60205	0.0018425	0.00583125
4.14	9.83273	5.61083	0.00184133	0.00584039
4.15	9.82864	5.6196	0.00184016	0.00584953
4.16	9.82456	5.62837	0.00183897	0.00585865
4.17	9.82048	5.63713	0.00183778	0.00586778
4.18	9.81641	5.64589	0.00183657	0.00587689
4.19	9.81233	5.65464	0.00183536	0.005886
4.2	9.80826	5.66339	0.00183413	0.00589511
4.21	9.80419	5.67213	0.0018329	0.0059042
4.22	9.80013	5.68086	0.00183165	0.0059133
4.23	9.79606	5.68959	0.0018304	0.00592238
4.24	9.792	5.69832	0.00182913	0.00593146
4.25	9.78794	5.70703	0.00182786	0.00594053
4.26	9.78389	5.71574	0.00182658	0.0059496
4.27	9.77984	5.72445	0.00182528	0.00595866
4.28	9.77579	5.73314	0.00182398	0.00596772
4.29	9.77174	5.74184	0.00182267	0.00597676
4.3	9.7677	5.75052	0.00182134	0.0059858
4.31	9.76366	5.7592	0.00182001	0.00599484
4.32	9.75962	5.76787	0.00181867	0.00600387
4.33	9.75559	5.77654	0.00181732	0.00601289
4.34	9.75155	5.7852	0.00181596	0.0060219
4.35	9.74753	5.79386	0.00181459	0.00603091
4.36	9.7435	5.8025	0.00181321	0.00603991
4.37	9.73948	5.81114	0.00181182	0.0060489
4.38	9.73546	5.81978	0.00181042	0.00605789
4.39	9.73144	5.8284	0.00180901	0.00606687
4.4	9.72743	5.83702	0.00180759	0.00607584
4.41	9.72342	5.84564	0.00180616	0.00608481
4.42	9.71941	5.85425	0.00180472	0.00609377
4.43	9.71541	5.86285	0.00180327	0.00610272
4.44	9.71141	5.87144	0.00180181	0.00611167
4.45	9.70741	5.88002	0.00180034	0.0061206
4.46	9.70342	5.8886	0.00179887	0.00612953
4.47	9.69943	5.89718	0.00179738	0.00613846
4.48	9.69544	5.90574	0.00179588	0.00614737
4.49	9.69146	5.9143	0.00179438	0.00615628
4.5	9.68748	5.92285	0.00179286	0.00616518
4.51	9.6835	5.93139	0.00179133	0.00617408
4.52	9.67953	5.93993	0.0017898	0.00618296
4.53	9.67555	5.94846	0.00178825	0.00619184
4.54	9.67159	5.95698	0.0017867	0.00620071
4.55	9.66762	5.9655	0.00178513	0.00620957
4.56	9.66366	5.974	0.00178356	0.00621843
4.57	9.65971	5.9825	0.00178198	0.00622727
4.58	9.65575	5.99099	0.00178038	0.00623611
4.59	9.6518	5.99948	0.00177878	0.00624494
4.6	9.64786	6.00795	0.00177717	0.00625377
4.61	9.64392	6.01642	0.00177555	0.00626258
4.62	9.63998	6.02488	0.00177392	0.00627139
4.63	9.63604	6.03334	0.00177228	0.00628019
4.64	9.63211	6.04178	0.00177063	0.00628898
4.65	9.62818	6.05022	0.00176897	0.00629776
4.66	9.62426	6.05865	0.0017673	0.00630654
4.67	9.62034	6.06707	0.00176562	0.0063153
4.68	9.61642	6.07549	0.00176393	0.00632406
4.69	9.61251	6.08389	0.00176223	0.00633281
4.7	9.6086	6.09229	0.00176053	0.00634155
4.71	9.60469	6.10068	0.00175881	0.00635029
4.72	9.60079	6.10906	0.00175708	0.00635901
4.73	9.59689	6.11743	0.00175535	0.00636773
4.74	9.593	6.1258	0.0017536	0.00637643
4.75	9.58911	6.13415	0.00175185	0.00638513
4.76	9.58522	6.1425	0.00175008	0.00639382
4.77	9.58134	6.15084	0.00174831	0.0064025
4.78	9.57746	6.15917	0.00174653	0.00641117
4.79	9.57359	6.1675	0.00174474	0.00641984
4.8	9.56972	6.17581	0.00174293	0.00642849
4.81	9.56585	6.18412	0.00174112	0.00643714
4.82	9.56199	6.19241	0.0017393	0.00644577
4.83	9.55813	6.2007	0.00173747	0.0064544
4.84	9.55428	6.20898	0.00173563	0.00646302
4.85	9.55043	6.21725	0.00173378	0.00647163
4.86	9.54658	6.22551	0.00173193	0.00648023
4.87	9.54274	6.23377	0.00173006	0.00648882
4.88	9.5389	6.24201	0.00172818	0.0064974
4.89	9.53507	6.25025	0.0017263	0.00650597
4.9	9.53124	6.25847	0.0017244	0.00651454
4.91	9.52741	6.26669	0.0017225	0.00652309
4.92	9.52359	6.2749	0.00172058	0.00653163
4.93	9.51977	6.2831	0.00171866	0.00654017
4.94	9.51596	6.29129	0.00171673	0.00654869
4.95	9.51215	6.29947	0.00171478	0.00655721
4.96	9.50835	6.30764	0.00171283	0.00656572
4.97	9.50455	6.3158	0.00171087	0.00657421
4.98	9.50075	6.32396	0.0017089	0.0065827
4.99	9.49696	6.3321	0.00170693	0.00659118
5	9.49318	6.34023	0.00170494	0.00659964
5.01	9.48939	6.34836	0.00170294	0.0066081
5.02	9.48562	6.35647	0.00170093	0.00661655
5.03	9.48184	6.36458	0.00169892	0.00662498
5.04	9.47807	6.37267	0.00169689	0.00663341
5.05	9.47431	6.38076	0.00169486	0.00664183
5.06	9.47055	6.38884	0.00169282	0.00665023
5.07	9.46679	6.3969	0.00169076	0.00665863
5.08	9.46304	6.40496	0.0016887	0.00666702
5.09	9.4593	6.41301	0.00168663	0.00667539
5.1	9.45556	6.42105	0.00168455	0.00668376
5.11	9.45182	6.42907	0.00168246	0.00669212
5.12	9.44809	6.43709	0.00168036	0.00670046
5.13	9.44436	6.4451	0.00167826	0.0067088
5.14	9.44064	6.4531	0.00167614	0.00671712
5.15	9.43692	6.46108	0.00167401	0.00672544
5.16	9.4332	6.46906	0.00167188	0.00673374
5.17	9.4295	6.47703	0.00166974	0.00674203
5.18	9.42579	6.48498	0.00166758	0.00675032
5.19	9.42209	6.49293	0.00166542	0.00675859
5.2	9.4184	6.50087	0.00166325	0.00676685
5.21	9.41471	6.50879	0.00166107	0.0067751
5.22	9.41102	6.51671	0.00165888	0.00678334
5.23	9.40734	6.52461	0.00165669	0.00679157
5.24	9.40367	6.53251	0.00165448	0.00679978
5.25	9.4	6.54039	0.00165226	0.00680799
5.26	9.39633	6.54827	0.00165004	0.00681619
5.27	9.39267	6.55613	0.00164781	0.00682437
5.28	9.38902	6.56398	0.00164556	0.00683255
5.29	9.38537	6.57182	0.00164331	0.00684071
5.3	9.38172	6.57965	0.00164105	0.00684886
5.31	9.37808	6.58747	0.00163878	0.006857
5.32	9.37444	6.59528	0.0016365	0.00686513
5.33	9.37081	6.60308	0.00163422	0.00687325
5.34	9.36719	6.61087	0.00163192	0.00688135
5.35	9.36357	6.61865	0.00162962	0.00688945
5.36	9.35995	6.62641	0.0016273	0.00689753
5.37	9.35634	6.63417	0.00162498	0.0069056
5.38	9.35274	6.64191	0.00162265	0.00691366
5.39	9.34914	6.64964	0.00162031	0.00692171
5.4	9.34554	6.65736	0.00161796	0.00692975
5.41	9.34196	6.66507	0.0016156	0.00693777
5.42	9.33837	6.67277	0.00161323	0.00694579
5.43	9.33479	6.68046	0.00161086	0.00695379
5.44	9.33122	6.68814	0.00160848	0.00696178
5.45	9.32765	6.6958	0.00160608	0.00696976
5.46	9.32409	6.70346	0.00160368	0.00697773
5.47	9.32053	6.7111	0.00160127	0.00698568
5.48	9.31698	6.71873	0.00159885	0.00699362
5.49	9.31343	6.72635	0.00159642	0.00700155
5.5	9.30989	6.73396	0.00159399	0.00700947
5.51	9.30635	6.74155	0.00159154	0.00701738
5.52	9.30282	6.74914	0.00158909	0.00702527
5.53	9.2993	6.75671	0.00158663	0.00703316
5.54	9.29578	6.76427	0.00158416	0.00704103
5.55	9.29226	6.77182	0.00158168	0.00704888
5.56	9.28876	6.77936	0.00157919	0.00705673
5.57	9.28525	6.78688	0.00157669	0.00706456
5.58	9.28176	6.79439	0.00157419	0.00707238
5.59	9.27826	6.8019	0.00157167	0.00708019
5.6	9.27478	6.80938	0.00156915	0.00708799
5.61	9.2713	6.81686	0.00156662	0.00709577
5.62	9.26782	6.82433	0.00156408	0.00710354
5.63	9.26435	6.83178	0.00156153	0.0071113
5.64	9.26089	6.83922	0.00155897	0.00711905
5.65	9.25743	6.84665	0.00155641	0.00712678
5.66	9.25398	6.85407	0.00155383	0.0071345
5.67	9.25053	6.86147	0.00155125	0.00714221
5.68	9.24709	6.86887	0.00154866	0.0071499
5.69	9.24365	6.87625	0.00154606	0.00715758
5.7	9.24022	6.88361	0.00154345	0.00716525
5.71	9.2368	6.89097	0.00154084	0.00717291
5.72	9.23338	6.89831	0.00153821	0.00718055
5.73	9.22997	6.90564	0.00153558	0.00718818
5.74	9.22656	6.91296	0.00153294	0.0071958
5.75	9.22316	6.92026	0.00153029	0.0072034
5.76	9.21977	6.92756	0.00152763	0.00721099
5.77	9.21638	6.93484	0.00152497	0.00721857
5.78	9.21299	6.9421	0.00152229	0.00722614
5.79	9.20962	6.94936	0.00151961	0.00723369
5.8	9.20625	6.9566	0.00151692	0.00724123
5.81	9.20288	6.96383	0.00151422	0.00724875
5.82	9.19952	6.97104	0.00151151	0.00725626
5.83	9.19617	6.97825	0.0015088	0.00726376
5.84	9.19282	6.98544	0.00150607	0.00727124
5.85	9.18948	6.99261	0.00150334	0.00727871
5.86	9.18615	6.99978	0.0015006	0.00728617
5.87	9.18282	7.00693	0.00149785	0.00729361
5.88	9.17949	7.01406	0.00149509	0.00730104
5.89	9.17618	7.02119	0.00149233	0.00730846
5.9	9.17287	7.0283	0.00148956	0.00731586
5.91	9.16956	7.0354	0.00148678	0.00732325
5.92	9.16626	7.04248	0.00148399	0.00733063
5.93	9.16297	7.04956	0.00148119	0.00733799
5.94	9.15969	7.05661	0.00147838	0.00734533
5.95	9.15641	7.06366	0.00147557	0.00735267
5.96	9.15313	7.07069	0.00147275	0.00735999
5.97	9.14987	7.07771	0.00146992	0.00736729
5.98	9.14661	7.08471	0.00146708	0.00737458
5.99	9.14335	7.0917	0.00146423	0.00738186
6	9.1401	7.09868	0.00146138	0.00738912
6.01	9.13686	7.10565	0.00145852	0.00739637
6.02	9.13363	7.1126	0.00145565	0.00740361
6.03	9.1304	7.11953	0.00145277	0.00741083
6.04	9.12717	7.12646	0.00144988	0.00741803
6.05	9.12396	7.13337	0.00144699	0.00742523
6.06	9.12075	7.14026	0.00144409	0.0074324
6.07	9.11754	7.14714	0.00144118	0.00743957
6.08	9.11435	7.15401	0.00143826	0.00744671
6.09	9.11116	7.16086	0.00143534	0.00745385
6.1	9.10797	7.1677	0.0014324	0.00746097
6.11	9.10479	7.17453	0.00142946	0.00746807
6.12	9.10162	7.18134	0.00142651	0.00747516
6.13	9.09846	7.18814	0.00142356	0.00748224
6.14	9.0953	7.19492	0.00142059	0.0074893
6.15	9.09215	7.20169	0.00141762	0.00749635
6.16	9.089	7.20845	0.00141464	0.00750338
6.17	9.08587	7.21519	0.00141165	0.0075104
6.18	9.08273	7.22192	0.00140866	0.0075174
6.19	9.07961	7.22863	0.00140566	0.00752439
6.2	9.07649	7.23533	0.00140264	0.00753136
6.21	9.07338	7.24201	0.00139963	0.00753832
6.22	9.07027	7.24868	0.0013966	0.00754526
6.23	9.06718	7.25534	0.00139357	0.00755219
6.24	9.06409	7.26198	0.00139053	0.0075591
6.25	9.061	7.2686	0.00138748	0.007566
6.26	9.05792	7.27522	0.00138442	0.00757288
6.27	9.05485	7.28181	0.00138136	0.00757975
6.28	9.05179	7.2884	0.00137828	0.0075866
6.29	9.04873	7.29496	0.0013752	0.00759343
6.3	9.04568	7.30152	0.00137212	0.00760026
6.31	9.04264	7.30806	0.00136902	0.00760706
6.32	9.0396	7.31458	0.00136592	0.00761385
6.33	9.03657	7.32109	0.00136281	0.00762063
6.34	9.03354	7.32758	0.0013597	0.00762739
6.35	9.03053	7.33406	0.00135657	0.00763413
6.36	9.02752	7.34053	0.00135344	0.00764086
6.37	9.02452	7.34698	0.0013503	0.00764758
6.38	9.02152	7.35341	0.00134715	0.00765427
6.39	9.01853	7.35983	0.001344	0.00766096
6.4	9.01555	7.36624	0.00134084	0.00766762
6.41	9.01258	7.37262	0.00133767	0.00767427
6.42	9.00961	7.379	0.00133449	0.00768091
6.43	9.00665	7.38536	0.00133131	0.00768753
6.44	9.0037	7.3917	0.00132812	0.00769413
6.45	9.00075	7.39803	0.00132492	0.00770072
6.46	8.99781	7.40435	0.00132172	0.00770729
6.47	8.99488	7.41064	0.00131851	0.00771385
6.48	8.99195	7.41693	0.00131529	0.00772039
6.49	8.98904	7.42319	0.00131206	0.00772691
6.5	8.98612	7.42945	0.00130882	0.00773342
6.51	8.98322	7.43568	0.00130558	0.00773991
6.52	8.98033	7.44191	0.00130234	0.00774639
6.53	8.97744	7.44811	0.00129908	0.00775285
6.54	8.97455	7.4543	0.00129582	0.00775929
6.55	8.97168	7.46048	0.00129255	0.00776572
6.56	8.96881	7.46664	0.00128927	0.00777213
6.57	8.96595	7.47278	0.00128599	0.00777853
6.58	8.9631	7.47891	0.0012827	0.00778491
6.59	8.96025	7.48502	0.0012794	0.00779127
6.6	8.95742	7.49112	0.00127609	0.00779761
6.61	8.95458	7.4972	0.00127278	0.00780394
6.62	8.95176	7.50326	0.00126946	0.00781026
6.63	8.94895	7.50931	0.00126614	0.00781656
6.64	8.94614	7.51535	0.0012628	0.00782284
6.65	8.94334	7.52136	0.00125946	0.0078291
6.66	8.94054	7.52737	0.00125612	0.00783535
6.67	8.93775	7.53335	0.00125276	0.00784158
6.68	8.93498	7.53932	0.0012494	0.00784779
6.69	8.9322	7.54528	0.00124603	0.00785399
6.7	8.92944	7.55121	0.00124266	0.00786017
6.71	8.92668	7.55714	0.00123928	0.00786633
6.72	8.92393	7.56304	0.00123589	0.00787248
6.73	8.92119	7.56893	0.0012325	0.00787861
6.74	8.91846	7.5748	0.0012291	0.00788473
6.75	8.91573	7.58066	0.00122569	0.00789082
6.76	8.91301	7.5865	0.00122227	0.0078969
6.77	8.9103	7.59233	0.00121885	0.00790296
6.78	8.9076	7.59813	0.00121542	0.00790901
6.79	8.9049	7.60393	0.00121199	0.00791504
6.8	8.90221	7.6097	0.00120855	0.00792105
6.81	8.89953	7.61546	0.0012051	0.00792705
6.82	8.89686	7.6212	0.00120164	0.00793302
6.83	8.89419	7.62693	0.00119818	0.00793898
6.84	8.89153	7.63264	0.00119471	0.00794493
6.85	8.88888	7.63833	0.00119124	0.00795085
6.86	8.88624	7.64401	0.00118776	0.00795676
6.87	8.88361	7.64967	0.00118427	0.00796265
6.88	8.88098	7.65531	0.00118077	0.00796853
6.89	8.87836	7.66094	0.00117727	0.00797439
6.9	8.87575	7.66655	0.00117377	0.00798023
6.91	8.87314	7.67214	0.00117025	0.00798605
6.92	8.87055	7.67772	0.00116673	0.00799185
6.93	8.86796	7.68328	0.0011632	0.00799764
6.94	8.86538	7.68882	0.00115967	0.00800341
6.95	8.86281	7.69435	0.00115613	0.00800916
6.96	8.86024	7.69986	0.00115259	0.0080149
6.97	8.85769	7.70535	0.00114903	0.00802061
6.98	8.85514	7.71083	0.00114548	0.00802631
6.99	8.8526	7.71629	0.00114191	0.008032
7	8.85006	7.72173	0.00113834	0.00803766
7.01	8.84754	7.72715	0.00113476	0.00804331
7.02	8.84502	7.73256	0.00113118	0.00804893
7.03	8.84251	7.73795	0.00112759	0.00805455
7.04	8.84001	7.74332	0.00112399	0.00806014
7.05	8.83752	7.74868	0.00112039	0.00806571
7.06	8.83503	7.75402	0.00111678	0.00807127
7.07	8.83255	7.75934	0.00111317	0.00807681
7.08	8.83008	7.76464	0.00110955	0.00808233
7.09	8.82762	7.76993	0.00110592	0.00808784
7.1	8.82517	7.7752	0.00110229	0.00809332
7.11	8.82272	7.78046	0.00109865	0.00809879
7.12	8.82029	7.78569	0.001095	0.00810424
7.13	8.81786	7.79091	0.00109135	0.00810967
7.14	8.81544	7.79611	0.0010877	0.00811508
7.15	8.81302	7.80129	0.00108403	0.00812048
7.16	8.81062	7.80646	0.00108036	0.00812586
7.17	8.80822	7.81161	0.00107669	0.00813122
7.18	8.80583	7.81674	0.00107301	0.00813656
7.19	8.80345	7.82185	0.00106932	0.00814188
7.2	8.80108	7.82695	0.00106563	0.00814718
7.21	8.79872	7.83202	0.00106193	0.00815247
7.22	8.79636	7.83708	0.00105823	0.00815774
7.23	8.79401	7.84213	0.00105452	0.00816299
7.24	8.79167	7.84715	0.0010508	0.00816822
7.25	8.78934	7.85216	0.00104708	0.00817343
7.26	8.78702	7.85715	0.00104335	0.00817862
7.27	8.78471	7.86212	0.00103962	0.0081838
7.28	8.7824	7.86708	0.00103588	0.00818896
7.29	8.7801	7.87201	0.00103213	0.00819409
7.3	8.77781	7.87693	0.00102838	0.00819921
7.31	8.77553	7.88183	0.00102463	0.00820431
7.32	8.77326	7.88671	0.00102086	0.0082094
7.33	8.77099	7.89158	0.0010171	0.00821446
7.34	8.76874	7.89643	0.00101332	0.00821951
7.35	8.76649	7.90125	0.00100954	0.00822453
7.36	8.76425	7.90607	0.00100576	0.00822954
7.37	8.76202	7.91086	0.00100197	0.00823453
7.38	8.7598	7.91563	0.000998175	0.0082395
7.39	8.75758	7.92039	0.000994374	0.00824445
7.4	8.75538	7.92513	0.000990567	0.00824938
7.41	8.75318	7.92985	0.000986755	0.0082543
7.42	8.75099	7.93455	0.000982938	0.00825919
7.43	8.74881	7.93923	0.000979115	0.00826407
7.44	8.74664	7.9439	0.000975287	0.00826892
7.45	8.74447	7.94855	0.000971453	0.00827376
7.46	8.74232	7.95318	0.000967614	0.00827858
7.47	8.74017	7.95779	0.00096377	0.00828338
7.48	8.73803	7.96238	0.00095992	0.00828816
7.49	8.7359	7.96696	0.000956065	0.00829292
7.5	8.73378	7.97151	0.000952205	0.00829766
7.51	8.73167	7.97605	0.00094834	0.00830239
7.52	8.72957	7.98057	0.000944469	0.00830709
7.53	8.72747	7.98507	0.000940593	0.00831178
7.54	8.72539	7.98955	0.000936712	0.00831644
7.55	8.72331	7.99401	0.000932825	0.00832109
7.56	8.72124	7.99846	0.000928934	0.00832571
7.57	8.71918	8.00289	0.000925037	0.00833032
7.58	8.71712	8.00729	0.000921135	0.00833491
7.59	8.71508	8.01168	0.000917228	0.00833948
7.6	8.71305	8.01606	0.000913316	0.00834403
7.61	8.71102	8.02041	0.000909399	0.00834856
7.62	8.709	8.02474	0.000905477	0.00835307
7.63	8.70699	8.02906	0.00090155	0.00835756
7.64	8.70499	8.03335	0.000897618	0.00836203
7.65	8.703	8.03763	0.00089368	0.00836649
7.66	8.70102	8.04189	0.000889738	0.00837092
7.67	8.69905	8.04613	0.000885791	0.00837533
7.68	8.69708	8.05035	0.000881839	0.00837973
7.69	8.69513	8.05455	0.000877883	0.0083841
7.7	8.69318	8.05874	0.000873921	0.00838846
7.71	8.69124	8.0629	0.000869954	0.00839279
7.72	8.68931	8.06705	0.000865983	0.00839711
7.73	8.68739	8.07117	0.000862007	0.0084014
7.74	8.68548	8.07528	0.000858026	0.00840568
7.75	8.68357	8.07937	0.00085404	0.00840993
7.76	8.68168	8.08344	0.00085005	0.00841417
7.77	8.67979	8.08749	0.000846054	0.00841839
7.78	8.67792	8.09152	0.000842054	0.00842258
7.79	8.67605	8.09553	0.00083805	0.00842676
7.8	8.67419	8.09953	0.000834041	0.00843092
7.81	8.67234	8.1035	0.000830027	0.00843505
7.82	8.6705	8.10746	0.000826008	0.00843917
7.83	8.66867	8.11139	0.000821985	0.00844327
7.84	8.66684	8.11531	0.000817957	0.00844735
7.85	8.66503	8.11921	0.000813925	0.0084514
7.86	8.66322	8.12309	0.000809888	0.00845544
7.87	8.66142	8.12695	0.000805847	0.00845946
7.88	8.65964	8.13079	0.000801801	0.00846346
7.89	8.65786	8.13461	0.000797751	0.00846743
7.9	8.65609	8.13841	0.000793696	0.00847139
7.91	8.65433	8.14219	0.000789637	0.00847533
7.92	8.65258	8.14595	0.000785574	0.00847924
7.93	8.65083	8.1497	0.000781506	0.00848314
7.94	8.6491	8.15342	0.000777434	0.00848702
7.95	8.64738	8.15713	0.000773357	0.00849087
7.96	8.64566	8.16081	0.000769276	0.00849471
7.97	8.64395	8.16448	0.000765191	0.00849852
7.98	8.64226	8.16812	0.000761101	0.00850232
7.99	8.64057	8.17175	0.000757008	0.0085061
8	8.63889	8.17536	0.00075291	0.00850985
8.01	8.63722	8.17895	0.000748808	0.00851359
8.02	8.63556	8.18251	0.000744701	0.0085173
8.03	8.6339	8.18606	0.000740591	0.00852099
8.04	8.63226	8.18959	0.000736476	0.00852467
8.05	8.63063	8.1931	0.000732357	0.00852832
8.06	8.629	8.19659	0.000728234	0.00853195
8.07	8.62739	8.20006	0.000724107	0.00853557
8.08	8.62578	8.20351	0.000719976	0.00853916
8.09	8.62418	8.20694	0.000715841	0.00854273
8.1	8.6226	8.21035	0.000711702	0.00854628
8.11	8.62102	8.21375	0.000707559	0.00854981
8.12	8.61945	8.21712	0.000703412	0.00855332
8.13	8.61789	8.22047	0.000699261	0.00855681
8.14	8.61634	8.2238	0.000695106	0.00856028
8.15	8.61479	8.22711	0.000690947	0.00856372
8.16	8.61326	8.23041	0.000686784	0.00856715
8.17	8.61174	8.23368	0.000682618	0.00857056
8.18	8.61022	8.23693	0.000678447	0.00857394
8.19	8.60872	8.24017	0.000674273	0.00857731
8.2	8.60722	8.24338	0.000670095	0.00858065
8.21	8.60574	8.24657	0.000665913	0.00858398
8.22	8.60426	8.24975	0.000661727	0.00858728
8.23	8.60279	8.2529	0.000657538	0.00859056
8.24	8.60133	8.25603	0.000653345	0.00859383
8.25	8.59988	8.25915	0.000649148	0.00859707
8.26	8.59844	8.26224	0.000644948	0.00860029
8.27	8.59701	8.26531	0.000640744	0.00860349
8.28	8.59559	8.26837	0.000636536	0.00860666
8.29	8.59418	8.2714	0.000632324	0.00860982
8.3	8.59278	8.27441	0.00062811	0.00861296
8.31	8.59138	8.27741	0.000623891	0.00861607
8.32	8.59	8.28038	0.000619669	0.00861917
8.33	8.58862	8.28333	0.000615444	0.00862224
8.34	8.58726	8.28626	0.000611215	0.00862529
8.35	8.5859	8.28918	0.000606982	0.00862833
8.36	8.58456	8.29207	0.000602746	0.00863134
8.37	8.58322	8.29494	0.000598507	0.00863433
8.38	8.58189	8.29779	0.000594264	0.0086373
8.39	8.58057	8.30063	0.000590018	0.00864024
8.4	8.57926	8.30344	0.000585768	0.00864317
8.41	8.57797	8.30623	0.000581515	0.00864608
8.42	8.57668	8.309	0.000577259	0.00864896
8.43	8.57539	8.31175	0.000572999	0.00865182
8.44	8.57412	8.31448	0.000568737	0.00865467
8.45	8.57286	8.31719	0.00056447	0.00865749
8.46	8.57161	8.31988	0.000560201	0.00866029
8.47	8.57037	8.32255	0.000555929	0.00866307
8.48	8.56913	8.3252	0.000551653	0.00866582
8.49	8.56791	8.32783	0.000547374	0.00866856
8.5	8.5667	8.33044	0.000543092	0.00867128
8.51	8.56549	8.33303	0.000538806	0.00867397
8.52	8.5643	8.33559	0.000534518	0.00867664
8.53	8.56311	8.33814	0.000530227	0.00867929
8.54	8.56193	8.34067	0.000525932	0.00868192
8.55	8.56077	8.34317	0.000521635	0.00868453
8.56	8.55961	8.34566	0.000517334	0.00868712
8.57	8.55846	8.34812	0.00051303	0.00868969
8.58	8.55732	8.35057	0.000508724	0.00869223
8.59	8.5562	8.35299	0.000504414	0.00869475
8.6	8.55508	8.3554	0.000500102	0.00869726
8.61	8.55397	8.35778	0.000495786	0.00869974
8.62	8.55287	8.36014	0.000491468	0.0087022
8.63	8.55178	8.36248	0.000487146	0.00870463
8.64	8.5507	8.36481	0.000482822	0.00870705
8.65	8.54963	8.36711	0.000478495	0.00870944
8.66	8.54856	8.36939	0.000474166	0.00871182
8.67	8.54751	8.37165	0.000469833	0.00871417
8.68	8.54647	8.37389	0.000465498	0.0087165
8.69	8.54544	8.3761	0.000461159	0.00871881
8.7	8.54441	8.3783	0.000456818	0.0087211
8.71	8.5434	8.38048	0.000452475	0.00872336
8.72	8.5424	8.38263	0.000448128	0.00872561
8.73	8.5414	8.38477	0.000443779	0.00872783
8.74	8.54042	8.38688	0.000439428	0.00873003
8.75	8.53944	8.38898	0.000435073	0.00873221
8.76	8.53848	8.39105	0.000430716	0.00873437
8.77	8.53752	8.3931	0.000426357	0.00873651
8.78	8.53658	8.39514	0.000421995	0.00873862
8.79	8.53564	8.39715	0.00041763	0.00874071
8.8	8.53471	8.39914	0.000413262	0.00874279
8.81	8.5338	8.40111	0.000408893	0.00874484
8.82	8.53289	8.40306	0.00040452	0.00874686
8.83	8.53199	8.40498	0.000400145	0.00874887
8.84	8.53111	8.40689	0.000395768	0.00875086
8.85	8.53023	8.40878	0.000391388	0.00875282
8.86	8.52936	8.41064	0.000387006	0.00875476
8.87	8.5285	8.41249	0.000382621	0.00875668
8.88	8.52765	8.41431	0.000378234	0.00875858
8.89	8.52681	8.41611	0.000373844	0.00876045
8.9	8.52598	8.41789	0.000369452	0.00876231
8.91	8.52516	8.41965	0.000365058	0.00876414
8.92	8.52435	8.42139	0.000360661	0.00876595
8.93	8.52355	8.42311	0.000356262	0.00876774
8.94	8.52276	8.42481	0.000351861	0.00876951
8.95	8.52198	8.42649	0.000347458	0.00877125
8.96	8.52121	8.42814	0.000343052	0.00877298
8.97	8.52045	8.42978	0.000338643	0.00877468
8.98	8.5197	8.43139	0.000334233	0.00877636
8.99	8.51896	8.43298	0.00032982	0.00877802
9	8.51823	8.43455	0.000325405	0.00877965
9.01	8.51751	8.43611	0.000320988	0.00878127
9.02	8.51679	8.43763	0.000316569	0.00878286
9.03	8.51609	8.43914	0.000312147	0.00878443
9.04	8.5154	8.44063	0.000307724	0.00878598
9.05	8.51472	8.4421	0.000303298	0.0087875
9.06	8.51404	8.44354	0.00029887	0.00878901
9.07	8.51338	8.44497	0.00029444	0.00879049
9.08	8.51273	8.44637	0.000290007	0.00879195
9.09	8.51208	8.44775	0.000285573	0.00879339
9.1	8.51145	8.44911	0.000281136	0.00879481
9.11	8.51083	8.45045	0.000276697	0.0087962
9.12	8.51021	8.45177	0.000272256	0.00879757
9.13	8.50961	8.45307	0.000267813	0.00879892
9.14	8.50901	8.45434	0.000263368	0.00880025
9.15	8.50843	8.4556	0.000258921	0.00880156
9.16	8.50786	8.45683	0.000254472	0.00880284
9.17	8.50729	8.45805	0.00025002	0.0088041
9.18	8.50674	8.45924	0.000245567	0.00880534
9.19	8.50619	8.46041	0.000241111	0.00880656
9.2	8.50566	8.46156	0.000236653	0.00880776
9.21	8.50513	8.46268	0.000232193	0.00880893
9.22	8.50462	8.46379	0.000227731	0.00881008
9.23	8.50411	8.46488	0.000223267	0.00881121
9.24	8.50362	8.46594	0.000218801	0.00881232
9.25	8.50313	8.46698	0.000214332	0.00881341
9.26	8.50266	8.468	0.000209862	0.00881447
9.27	8.50219	8.469	0.000205389	0.00881551
9.28	8.50173	8.46998	0.000200914	0.00881653
9.29	8.50129	8.47094	0.000196437	0.00881753
9.3	8.50085	8.47188	0.000191957	0.0088185
9.31	8.50043	8.47279	0.000187475	0.00881945
9.32	8.50001	8.47368	0.000182991	0.00882038
9.33	8.49961	8.47456	0.000178504	0.00882129
9.34	8.49921	8.47541	0.000174015	0.00882218
9.35	8.49882	8.47624	0.000169524	0.00882304
9.36	8.49845	8.47704	0.000165029	0.00882388
9.37	8.49808	8.47783	0.000160533	0.0088247
9.38	8.49772	8.4786	0.000156033	0.0088255
9.39	8.49738	8.47934	0.000151531	0.00882627
9.4	8.49704	8.48006	0.000147026	0.00882702
9.41	8.49672	8.48076	0.000142518	0.00882775
9.42	8.4964	8.48144	0.000138007	0.00882846
9.43	8.49609	8.4821	0.000133493	0.00882914
9.44	8.4958	8.48274	0.000128975	0.0088298
9.45	8.49551	8.48335	0.000124454	0.00883044
9.46	8.49524	8.48394	0.00011993	0.00883106
9.47	8.49497	8.48451	0.000115401	0.00883166
9.48	8.49471	8.48506	0.000110868	0.00883223
